+0.78492769 -0.56681229 +0.25022459
-0.36905292 +0.64309436 +0.67099150
+0.93042870 -0.08059299 +0.35750132
+0.52382585 -0.38716018 +0.75875784
+0.40132857 -0.77797371 +0.48341730
-0.35065126 -0.17836781 +0.91936316
+0.36265223 -0.49305530 +0.79080961
+0.71372486 -0.32845258 +0.61864022
-0.01106621 -0.20594084 +0.97850187
-0.86913192 +0.47437433 +0.13992388
+0.71297925 -0.66093274 +0.23415487
+0.77856019 +0.11766051 +0.61644143
-0.93632048 -0.23895170 +0.25730534
-0.35689035 +0.90905099 +0.21507112
-0.32649821 +0.01760749 +0.94503380
+0.96533475 -0.03282209 +0.25894309
+0.03338113 -0.48751373 +0.87247697
-0.52569685 -0.56983223 +0.63161227
+0.40325067 +0.72915412 +0.55292238
+0.27540472 +0.07906144 +0.95807178
+0.64628721 +0.39413555 +0.65342942
-0.58750644 -0.77807333 +0.22234674
-0.49815166 +0.09229121 +0.86216428
+0.16560892 -0.73773987 +0.65445670
-0.25530393 -0.37214231 +0.89237324
+0.62447923 +0.77701894 +0.07916606
-0.44081390 +0.88513730 +0.14904718
-0.03427430 -0.93910567 +0.34191492
+0.32916855 -0.94415858 +0.01458213
-0.06493061 -0.89331279 +0.44472045
+0.82374994 +0.56112271 +0.08110083
+0.84115506 -0.51585595 +0.16232929
-0.59114738 +0.80648472 +0.01127697
+0.35694839 +0.67670664 +0.64393787
+0.84370392 +0.05332779 +0.53415339
-0.67682633 +0.71523676 +0.17419098
-0.13381496 +0.99091480 +0.01346920
-0.43553336 +0.55983870 +0.70490519
+0.74027904 +0.63654351 +0.21633146
+0.60570989 -0.52376165 +0.59899020
+0.08261963 -0.57768275 +0.81206936
-0.33847455 +0.21743681 +0.91550872
-0.62933622 +0.51628708 +0.58084729
-0.73219536 -0.61114792 +0.30064627
+0.47893861 +0.80615480 +0.34746545
-0.41957363 -0.25460424 +0.87128333
+0.69574574 -0.49021213 +0.52500470
-0.67982504 +0.67621818 +0.28384308
+0.53628385 +0.83529759 +0.12115099
-0.22819861 -0.93106376 +0.28468521
-0.17792819 -0.86697392 +0.46550808
+0.92214247 +0.38471430 +0.04059768
-0.42776359 +0.02485400 +0.90354888
-0.14543190 -0.55040762 +0.82213199
-0.62085981 -0.19831877 +0.75842123
-0.30175539 -0.94800865 +0.10111023
-0.47075546 +0.63004221 +0.61760514
+0.92568058 +0.14407507 +0.34979685
+0.92761128 +0.34580520 +0.14126596
+0.34085276 +0.80411938 +0.48704355
-0.94343677 -0.29001568 +0.16067972
-0.84608989 -0.40668392 +0.34458683
-0.97119986 -0.23101618 +0.05832979
+0.75956221 +0.22853701 +0.60896312
+0.41266573 +0.86859332 +0.27432216
+0.19238266 -0.58358580 +0.78893379
+0.44265660 +0.77319973 +0.45411156
-0.22858960 +0.21439684 +0.94962139
+0.62705039 +0.68300075 +0.37459016
+0.09156235 +0.92709030 +0.36348303
+0.11446235 -0.98876619 +0.09612388
+0.87860353 +0.45605596 +0.14166443
+0.22211833 +0.37648828 +0.89939981
-0.50309425 -0.76501378 +0.40205733
-0.73957050 +0.04343687 +0.67167605
-0.28471273 +0.48639738 +0.82604858
+0.59699866 +0.64541367 +0.47648064
+0.82042964 -0.56826755 +0.06298569
-0.24308692 +0.96850450 +0.05392379
+0.50043531 +0.38749292 +0.77421814
+0.34203862 +0.91874213 +0.19728781
+0.67938914 +0.28748690 +0.67511605
+0.15610593 +0.97668970 +0.14733692
-0.48469696 -0.50047872 +0.71734922
-0.38709702 -0.92162973 +0.02746891
-0.15411827 +0.64402768 +0.74931696
-0.85988391 +0.38253180 +0.33803710
-0.26042935 +0.95127664 +0.16507367
-0.05004015 -0.71866767 +0.69355084
-0.14081694 -0.92023803 +0.36514731
+0.88244324 -0.30313897 +0.35972308
+0.05840781 +0.88491155 +0.46208232
+0.58996625 +0.33723306 +0.73363048
+0.53008200 -0.78315564 +0.32508509
-0.70472707 -0.50323976 +0.50010950
+0.38634221 -0.90106309 +0.19704059
+0.56080329 -0.07466670 +0.82457538
-0.71891649 -0.34038431 +0.60605082
+0.72077116 -0.04235620 +0.69187780
-0.31778978 +0.78068357 +0.53809183
+0.76188872 +0.52551403 +0.37862989
-0.59911194 +0.27269467 +0.75279646
-0.87503029 +0.22135091 +0.43049479
+0.55666928 +0.44759946 +0.69983858
-0.53668031 -0.40531938 +0.74006111
+0.13556516 +0.71260710 +0.68834091
-0.37245762 -0.35258612 +0.85846278
-0.97098272 -0.17967272 +0.15782986
+0.77397627 -0.45209454 +0.44336358
+0.69410310 +0.44359191 +0.56696305
-0.38667654 +0.12165524 +0.91415603
-0.10436732 -0.98263410 +0.15341998
+0.23442446 -0.66362747 +0.71038283
+0.52889400 -0.19642052 +0.82564527
-0.57667371 -0.68713748 +0.44191574
+0.00482732 -0.99179515 +0.12774612
+0.64950126 +0.54801152 +0.52709723
-0.71575138 +0.47965218 +0.50757635
+0.16396166 +0.08577329 +0.98273064
+0.15304339 -0.90822069 +0.38950340
-0.23882641 -0.18995872 +0.95230123
+0.09086403 -0.80165780 +0.59083712
+0.07311705 -0.94647010 +0.31440140
-0.96323031 +0.10393091 +0.24776146
+0.01775009 -0.85430021 +0.51947674
+0.56812991 -0.45925856 +0.68286893
-0.29556136 +0.71879292 +0.62926959
-0.86977002 +0.43081958 +0.24061298
+0.28354851 +0.95892196 +0.00830141
+0.20220880 -0.96462694 +0.16913445
+0.70626579 +0.70689175 +0.03863530
-0.72564896 -0.06017069 +0.68542912
+0.57218638 +0.76036645 +0.30732004
-0.04904913 +0.87660156 +0.47871064
-0.64340539 +0.35261929 +0.67947711
-0.68675429 +0.25104119 +0.68216337
-0.32986554 +0.56927001 +0.75307395
-0.44503403 +0.85530917 +0.26531292
-0.98752845 +0.04562670 +0.15068432
+0.37344596 -0.31258806 +0.87339958
-0.17355969 +0.92429413 +0.33993735
-0.79523120 +0.60547557 +0.03172814
-0.51910789 +0.85087370 +0.08087604
+0.76097230 +0.63877794 +0.11350727
-0.37586319 -0.73996885 +0.55782879
+0.65307171 -0.63790257 +0.40813925
+0.92345264 +0.29684333 +0.24314451
+0.59973788 +0.77611250 +0.19484321
+0.71606097 +0.06747859 +0.69476855
-0.17019780 +0.95831312 +0.22949656
+0.63406818 +0.12006440 +0.76389926
+0.92798341 -0.36706429 +0.06411394
-0.20157896 -0.46331056 +0.86296538
-0.34698647 +0.93261028 +0.09918901
-0.48452190 -0.71383629 +0.50564442
-0.30520049 -0.27691605 +0.91113674
-0.03512972 +0.64311869 +0.76496029
+0.70188786 +0.17738446 +0.68984649
-0.82683174 -0.35202394 +0.43866664
+0.90413751 +0.25364539 +0.34380136
+0.18703720 +0.77284959 +0.60639970
-0.58229957 -0.47641785 +0.65875127
-0.91366925 +0.32662684 +0.24191613
-0.26788703 +0.92229848 +0.27857144
-0.78044270 -0.45870529 +0.42485132
+0.21513178 -0.21517823 +0.95258419
+0.79332505 -0.28677021 +0.53702719
+0.84504800 +0.31967880 +0.42860160
+0.66903690 -0.26167347 +0.69564116
+0.12502346 -0.86096021 +0.49306861
-0.08116170 +0.95007935 +0.30126733
-0.07360922 -0.29811497 +0.95168753
-0.13718940 -0.38450139 +0.91287335
-0.08657162 -0.99522339 +0.04511945
-0.19887606 -0.80990782 +0.55181304
+0.12703244 -0.66194333 +0.73871090
+0.10711765 +0.19044078 +0.97583714
+0.55870460 +0.60088914 +0.57164797
-0.55738140 -0.63081460 +0.53981377
-0.34412923 +0.39715879 +0.85078785
+0.11019130 -0.01182872 +0.99384001
+0.16267704 -0.11468212 +0.97999193
-0.64534990 -0.59897734 +0.47407768
+0.75397929 -0.22263683 +0.61801948
-0.73110467 +0.31803744 +0.60360430
-0.36207076 -0.67430744 +0.64359478
+0.64440833 -0.08882103 +0.75950558
+0.15605174 -0.31104726 +0.93749531
-0.56759107 +0.60715610 +0.55605922
+0.02455984 +0.95965980 +0.28008907
+0.81013184 +0.42748161 +0.40118060
-0.60491743 +0.75763478 +0.24508049
+0.41019719 -0.90810603 +0.08415284
+0.73928550 -0.67291917 +0.02523384
+0.64178202 +0.01536526 +0.76673317
-0.68392877 +0.41945874 +0.59690519
+0.98755683 +0.01671991 +0.15637122
+0.50548580 -0.86197596 +0.03849088
+0.88068521 -0.46926298 +0.06469796
-0.34257728 +0.82998076 +0.44019626
+0.41027512 +0.58844935 +0.69670775
-0.64134408 +0.16517954 +0.74926196
+0.82240460 +0.53745721 +0.18652189
-0.53511524 +0.54325414 +0.64693633
-0.18646619 +0.72252537 +0.66572325
-0.33390418 -0.84525603 +0.41719329
-0.66484457 +0.03793996 +0.74601760
-0.17497447 +0.30903570 +0.93481596
+0.95848805 +0.28188662 +0.04290218
-0.45003568 +0.20095232 +0.87010692
-0.02980685 -0.56611095 +0.82378999
+0.98335344 +0.17544505 +0.04727627
-0.52519925 +0.79105036 +0.31369582
+0.89425889 -0.41591248 +0.16528113
-0.55059031 +0.37412550 +0.74624421
+0.04230609 -0.30544275 +0.95127016
-0.67278621 -0.27473495 +0.68693480
-0.54622128 +0.19304623 +0.81509230
+0.89004836 +0.09936973 +0.44490401
-0.59270182 +0.45043519 +0.66769207
+0.22312129 -0.97310393 +0.05732043
-0.33170791 -0.89006194 +0.31266533
-0.58700516 +0.09127325 +0.80442162
-0.80885514 +0.48493951 +0.33254628
+0.87175551 +0.36142543 +0.33077787
+0.66372829 -0.42884549 +0.61282649
+0.98258460 -0.09415100 +0.16019705
-0.56055179 -0.12527218 +0.81858938
-0.09402699 -0.63687511 +0.76521175
-0.79650434 -0.56116853 +0.22510157
+0.83921854 -0.41020910 +0.35698844
-0.64836290 -0.08362791 +0.75672447
-0.88749233 -0.29666670 +0.35262761
-0.26183741 +0.64928323 +0.71405353
-0.00138278 +0.39306773 +0.91950848
-0.97694819 +0.20910632 +0.04297417
-0.74855020 +0.58443222 +0.31322769
-0.64533144 -0.76306378 +0.03579116
-0.78910140 -0.60277429 +0.11824613
+0.60699295 +0.50089930 +0.61697605
+0.22343762 -0.01707385 +0.97456868
-0.58320282 -0.01261621 +0.81222860
+0.33934766 -0.65668313 +0.67350607
-0.80921359 +0.27322706 +0.52011570
+0.93573977 -0.31162515 +0.16516912
-0.26856993 -0.74959171 +0.60496484
-0.37973091 -0.51781652 +0.76659669
-0.23036494 +0.40264632 +0.88589386
+0.24821580 +0.69941500 +0.67022950
+0.37889726 -0.11361045 +0.91843864
+0.52660362 +0.26874995 +0.80651230
+0.01976295 +0.72129062 +0.69235054
+0.42249998 -0.39935036 +0.81364184
-0.20918692 +0.78386889 +0.58462842
-0.46187609 -0.15180997 +0.87385594
+0.27057390 -0.73476803 +0.62201744
+0.25833532 -0.89947311 +0.35243579
+0.00364038 +0.82943889 +0.55858560
+0.43941703 +0.32401659 +0.83781019
-0.94506829 +0.21709157 +0.24437098
-0.09042860 -0.83753058 +0.53885545
+0.73273084 +0.48726365 +0.47505753
+0.01764284 -0.65247172 +0.75760767
+0.23801902 +0.94386808 +0.22904146
+0.04966329 +0.29421785 +0.95444718
-0.86317334 -0.24156616 +0.44337070
+0.88562793 +0.40330451 +0.23023608
-0.40476300 -0.90390237 +0.13830191
-0.85677715 +0.51438287 +0.03664936
-0.02522374 +0.92243666 +0.38532372
-0.58686208 -0.73692749 +0.33545607
-0.42476154 -0.83260882 +0.35544364
-0.32097854 -0.44569936 +0.83565834
-0.89505828 -0.44152243 +0.06267876
-0.65870339 -0.73706549 +0.15114334
+0.77749453 -0.61123863 +0.14795134
-0.06131387 +0.97876351 +0.19560828
-0.11293928 +0.00281435 +0.99359791
-0.93912722 -0.33806844 +0.06123560
+0.64022483 -0.74606309 +0.18303562
+0.73236375 +0.33845374 +0.59084042
+0.37291669 -0.72224150 +0.58249494
+0.27357352 -0.11558603 +0.95488083
-0.48161775 -0.33151260 +0.81126059
-0.46023652 -0.65783175 +0.59618767
-0.22141990 +0.01035902 +0.97512354
+0.99646112 +0.06652047 +0.05138353
-0.95275955 +0.26757374 +0.14371338
+0.19075877 +0.63504633 +0.74855010
+0.07072379 +0.77976077 +0.62207016
+0.44171259 -0.63972439 +0.62900135
+0.05854536 -0.73206983 +0.67870922
-0.78219874 -0.12411461 +0.61054131
-0.90340595 -0.39726472 +0.16136428
+0.55874027 +0.82932456 +0.00548507
-0.23239675 +0.84043164 +0.48955737
-0.14427036 +0.88932906 +0.43391231
-0.70431399 -0.16760120 +0.68982000
-0.12543290 -0.19860992 +0.97201887
-0.26578193 -0.53365625 +0.80285178
-0.32224905 -0.60273514 +0.72997664
-0.60436334 +0.78663655 +0.12628499
+0.87287264 +0.21038783 +0.44026164
-0.16876697 +0.48856448 +0.85605050
-0.71890762 +0.14528986 +0.67975193
-0.67360960 +0.62906726 +0.38797486
-0.79298207 +0.43398918 +0.42758956
-0.42681314 -0.59012053 +0.68526513
+0.05202508 +0.09389740 +0.99422164
+0.68328060 +0.58931523 +0.43108605
+0.96378678 +0.07867096 +0.25480565
+0.98643552 -0.15317166 +0.05902039
+0.36047570 -0.87971758 +0.31008748
-0.79648412 -0.29426355 +0.52822535
+0.89381850 -0.01398328 +0.44821083
+0.43293410 -0.81990393 +0.37460060
-0.77778626 -0.62852775 +0.00118169
+0.20318344 +0.91907394 +0.33766786
+0.02332663 -0.99954284 +0.01923477
+0.78722404 +0.00570885 +0.61664067
-0.08584502 +0.71267526 +0.69622166
+0.50334804 +0.69217814 +0.51723318
-0.42265906 +0.76575914 +0.48473937
+0.28436109 -0.92802386 +0.24064596
+0.82477014 -0.17570520 +0.53747735
+0.65917579 +0.70437520 +0.26333031
+0.30143840 -0.79560769 +0.52549339
-0.17046666 +0.11009227 +0.97919396
+0.17975827 -0.94289268 +0.28042890
-0.90090596 -0.34877967 +0.25830444
+0.33332150 -0.84415027 +0.41988938
-0.73741659 +0.53470106 +0.41268820
+0.07681003 +0.64526168 +0.76009051
-0.85393944 +0.04612148 +0.51832445
-0.27938854 +0.11723531 +0.95299419
+0.80735724 +0.27576991 +0.52165625
+0.12827463 +0.56213019 +0.81704055
-0.66265027 -0.70026933 +0.26555129
-0.75523194 -0.40127827 +0.51826680
+0.77613222 +0.38483439 +0.49952104
+0.42718569 -0.21428882 +0.87840349
+0.47913797 +0.09436344 +0.87265248
-0.93775029 +0.04709380 +0.34410255
-0.79999303 -0.01401477 +0.59984559
+0.88350588 -0.12792695 +0.45061298
+0.16833829 +0.88211327 +0.43992999
+0.37994905 +0.84189017 +0.38322273
+0.93032887 -0.25439976 +0.26413812
-0.06247451 -0.10300176 +0.99271727
+0.29761912 +0.75608671 +0.58288571
-0.96787376 -0.01096588 +0.25119739
+0.83300892 +0.46836030 +0.29450767
-0.49803880 -0.04235462 +0.86611976
-0.26028712 +0.88293231 +0.39074436
+0.25535384 -0.49838440 +0.82849707
-0.75534928 -0.23346947 +0.61232301
+0.94965703 +0.18888588 +0.24994730
-0.61956404 -0.53993986 +0.56974147
+0.65636450 -0.75216296 +0.05862185
+0.36655669 +0.92652238 +0.08480845
-0.48535470 -0.87172943 +0.06722065
+0.14580892 -0.49556573 +0.85624434
-0.76694782 +0.37835038 +0.51830688
+0.09469224 -0.97399795 +0.20581877
-0.67334120 -0.44284599 +0.59202961
+0.12177611 +0.83473585 +0.53701642
+0.51214601 +0.54984237 +0.65983318
+0.13153817 +0.95759483 +0.25633933
-0.13395113 -0.76948647 +0.62445790
-0.72230727 -0.68722965 +0.07737965
+0.16018569 +0.28514628 +0.94500378
-0.91676855 +0.37354393 +0.14142263
-0.26107482 -0.68199851 +0.68316760
+0.74920551 -0.39141470 +0.53430856
-0.19521136 -0.97818042 +0.07110266
-0.76881342 +0.21248158 +0.60313971
-0.39905175 +0.30186808 +0.86581370
+0.93466838 +0.03225001 +0.35405503
+0.61598334 -0.18848673 +0.76487730
+0.71274526 -0.68989496 +0.12664570
+0.37160248 +0.26141998 +0.89082613
-0.51659693 +0.74484286 +0.42229933
+0.78030902 +0.55979684 +0.27882850
-0.97647313 +0.15774964 +0.14702134
-0.43307710 -0.42726989 +0.79365274
+0.01521826 +0.56519095 +0.82481973
+0.31589806 -0.40761786 +0.85677074
-0.65676504 +0.57555009 +0.48723893
+0.46627722 -0.48081845 +0.74256257
+0.96322943 -0.26140457 +0.06210255
+0.63456594 -0.58277084 +0.50764576
+0.95417005 -0.14426192 +0.26219841
-0.01907373 -0.79045836 +0.61221872
+0.10298807 -0.21185548 +0.97185941
-0.95886818 -0.12587283 +0.25441667
-0.58249198 -0.30478287 +0.75353201
-0.50142627 -0.84648016 +0.17900570
-0.21222853 -0.96069824 +0.17893558
+0.84526117 -0.46611661 +0.26128309
-0.00207137 -0.00474331 +0.99998661
-0.83965591 +0.32986775 +0.43146868
-0.94806142 +0.31556396 +0.03998663
-0.35620180 +0.87416157 +0.33009368
-0.65886853 -0.65320277 +0.37311982
-0.57695132 -0.80953192 +0.10855987
+0.17665795 +0.98354033 +0.03795239
+0.20721937 -0.40722323 +0.88951075
-0.29533671 -0.80983449 +0.50689677
-0.82802778 -0.18402069 +0.52962853
-0.89962885 +0.27577503 +0.33854995
+0.09540414 -0.40213839 +0.91059473
-0.22112254 +0.56887658 +0.79213904
+0.57478091 -0.28973905 +0.76529615
-0.01376827 -0.97174132 +0.23564644
+0.56591540 -0.66824562 +0.48289496
+0.50933397 +0.82751127 +0.23622870
+0.28747611 +0.45850372 +0.84091131
-0.20807406 -0.61657750 +0.75930058
+0.84187323 -0.06123377 +0.53619017
+0.21928314 +0.18094345 +0.95873582
+0.23050405 -0.85766255 +0.45965512
+0.04511242 -0.90629263 +0.42023629
+0.39800568 +0.42907697 +0.81085414
-0.50932437 -0.81004564 +0.29054217
+0.24099559 +0.54989795 +0.79970831
-0.24416976 -0.88857657 +0.38834625
+0.33852936 -0.01581030 +0.94082299
-0.07316898 +0.78146726 +0.61964121
+0.31038270 +0.89923933 +0.30827130
-0.10293894 +0.56848945 +0.81622504
+0.55069013 +0.15858735 +0.81950622
+0.47855074 -0.30119627 +0.82478482
+0.96019689 +0.23733496 +0.14728899
-0.15277535 +0.98070131 +0.12200256
-0.01952725 -0.39394894 +0.91892487
+0.82237051 -0.34886097 +0.44944717
+0.48608195 -0.86020232 +0.15419566
-0.90776733 +0.41774723 +0.03802266
+0.04782489 +0.98389671 +0.17222094
+0.46557929 +0.88378287 +0.04651634
-0.06256100 +0.30246095 +0.95110646
-0.91812545 -0.18518587 +0.35035961
-0.17414241 -0.09556742 +0.98007208
+0.44187166 +0.88251026 +0.16101268
-0.74922147 +0.62819030 +0.20986693
+0.46079279 +0.64389691 +0.61079192
-0.99866814 -0.01084297 +0.05044184
+0.61780043 +0.23003363 +0.75193561
-0.81017337 +0.57072035 +0.13378112
-0.74017245 +0.66464825 +0.10191880
-0.52462563 -0.23094135 +0.81941079
-0.99391166 +0.09984017 +0.04659988
+0.33069508 +0.36205248 +0.87152669
+0.71672403 -0.54897462 +0.43003899
-0.44938826 +0.39068533 +0.80337735
+0.27604550 +0.86736676 +0.41409393
+0.63625026 -0.71463552 +0.29065734
+0.47167792 -0.69976154 +0.53652001
+0.91296918 -0.19286257 +0.35957100
-0.39904821 +0.70973663 +0.58054668
+0.68346767 +0.71403263 +0.15175422
+0.98009827 +0.12755067 +0.15211250
-0.79571919 +0.10362288 +0.59673551
-0.04214371 +0.99515418 +0.08883729
+0.45230163 -0.01150794 +0.89179078
-0.31785928 -0.92495815 +0.20836962
+0.96526348 -0.20397476 +0.16328111
-0.28386928 -0.08753525 +0.95485905
-0.59024572 +0.66443725 +0.45840280
+0.26283000 +0.95751118 +0.11871283
+0.17640321 +0.47232604 +0.86359135
+0.40455610 -0.57132930 +0.71408486
+0.53836366 +0.73264547 +0.41640747
-0.90017172 -0.01230605 +0.43536126
-0.49874897 +0.69082253 +0.52346318
-0.99109347 -0.12158340 +0.05432495
-0.85415189 -0.45769412 +0.24686157
+0.47601641 -0.11218347 +0.87225183
+0.45955534 -0.84785690 +0.26447601
-0.00541090 +0.19942746 +0.97989765
-0.81454662 +0.53069318 +0.23426174
-0.11589030 +0.39962424 +0.90932387
-0.88911490 -0.12936115 +0.43902208
-0.98572771 -0.06733411 +0.15429514
-0.12620012 +0.83239056 +0.53962903
+0.70784210 +0.62496008 +0.32921795
+0.77910167 -0.10918007 +0.61731702
+0.89393151 -0.36201994 +0.26424992
-0.63150989 -0.37790915 +0.67703761
+0.33161491 +0.17192411 +0.92761719
-0.39236566 +0.48283671 +0.78289073
-0.42890189 +0.90281087 +0.03123628
-0.85110876 -0.50426817 +0.14603935
+0.83082581 +0.16530074 +0.53141710
-0.67452866 +0.73640679 +0.05211640
-0.73023817 -0.65537055 +0.19298097
-0.60216918 +0.71516736 +0.35486325
+0.45834768 +0.49218103 +0.74005083
+0.62275270 -0.36291691 +0.69315971
+0.29994012 -0.58159975 +0.75615981
+0.70523295 -0.15589405 +0.69162384
-0.50088541 +0.29382614 +0.81411301
+0.58652843 -0.71397574 +0.38239122
+0.38600789 +0.08211325 +0.91883368
+0.32345956 -0.21567558 +0.92133488
-0.92584015 +0.16313224 +0.34089279
+0.23377576 +0.82488217 +0.51470215
+0.35233222 +0.52646750 +0.77375317
+0.71770969 -0.61337508 +0.32964194
-0.79415018 -0.51231287 +0.32689604
-0.18984051 -0.28913985 +0.93827433
-0.89541064 +0.10598942 +0.43244194
+0.30757691 -0.94294701 +0.12746518
-0.52779760 +0.82614066 +0.19728481
+0.54058184 -0.61313832 +0.57604920
+0.57651255 -0.80975000 +0.10926214
+0.06411534 +0.47889841 +0.87552586
-0.72434238 -0.55964322 +0.40265069
+0.26747520 +0.27508011 +0.92346519
+0.19771530 -0.80343282 +0.56160873
-0.43804259 +0.81504786 +0.37923037
+0.55776031 -0.79924542 +0.22385306
+0.26654245 -0.31365256 +0.91136008
-0.84961703 -0.07212413 +0.52244522
+0.45205486 +0.19790958 +0.86975755
-0.93518802 -0.06987097 +0.34719075
+0.06784503 +0.99566058 +0.06369514
-0.83812356 -0.54396924 +0.04057554
+0.49652688 -0.75051269 +0.43610981
-0.05168897 +0.48490223 +0.87303956
-0.11755898 +0.20762311 +0.97111922
+0.78433341 -0.51377349 +0.34764624
-0.41040754 -0.78465071 +0.46463848
-0.05974838 +0.10214821 +0.99297325
+0.55545424 +0.03413437 +0.83084622
-0.28689368 +0.31173513 +0.90582185
-0.84024264 +0.16386795 +0.51685548
-0.39137706 -0.07750390 +0.91696082
-0.12177102 -0.95780843 +0.26033598
+0.99752158 -0.04346421 +0.05533129
+0.11179990 +0.38522836 +0.91602396
-0.41941802 -0.87358685 +0.24684922
-0.15939482 -0.69955755 +0.69657198
-0.08222225 -0.47605883 +0.87556124
+0.87638897 +0.48005441 +0.03860220
+0.50690570 -0.55102567 +0.66288560
-0.49599959 +0.46994160 +0.73016388
+0.05018311 -0.10968747 +0.99269850
+0.30264796 +0.61680966 +0.72660172
+0.85946794 -0.24022600 +0.45122757