+0.30812914 -0.03900227 +0.95054472
+0.14863767 +0.66609171 +0.73090949
+0.66691923 -0.73343142 +0.13151843
+0.22724672 +0.85378984 +0.46840350
+0.38377211 -0.51808526 +0.76439952
+0.95587733 +0.29321549 +0.01797825
+0.61788957 -0.35042024 +0.70385945
-0.85154945 -0.21286588 +0.47911548
+0.42715372 -0.40895924 +0.80640687
-0.60133436 -0.19310840 +0.77531035
+0.11289730 +0.99292369 +0.03683411
+0.43997457 +0.35688560 +0.82404796
-0.88628225 +0.46093235 +0.04522318
-0.84844736 +0.18816695 +0.49470221
-0.78318188 -0.51645360 +0.34626841
+0.05153811 -0.17414099 +0.98337111
+0.68110152 +0.66288239 +0.31094638
-0.87540526 -0.47686181 +0.07917352
-0.50323743 -0.07699143 +0.86071157
-0.78761335 +0.52996511 +0.31432817
+0.27084434 +0.92350030 +0.27164415
-0.40259816 +0.40856495 +0.81913943
+0.72557728 -0.50919743 +0.46287751
-0.13388508 +0.94225961 +0.30695538
-0.89339058 -0.02825406 +0.44839154
+0.02880905 -0.45788972 +0.88854209
+0.75694229 +0.60234248 +0.25342042
+0.50921951 -0.01007189 +0.86057774
-0.13149502 -0.91522401 +0.38088591
+0.70225937 -0.15246331 +0.69540400
-0.99634846 -0.03293195 +0.07877336
+0.61372470 -0.78785173 +0.05129959
-0.71366999 +0.50078488 +0.48978531
+0.01373326 -0.87091819 +0.49123610
-0.72980527 +0.61831715 +0.29166447
+0.99173754 +0.09524366 +0.08593773
-0.51814841 +0.74916144 +0.41264920
-0.94912842 -0.30432214 +0.08089052
-0.57204434 +0.80914323 +0.13435958
+0.43249780 -0.20779107 +0.87736453
+0.51095725 +0.49750851 +0.70100497
-0.54243394 -0.68911239 +0.48050966
-0.33168723 +0.49814037 +0.80114902
+0.87265439 -0.48507734 +0.05634085
+0.27589785 +0.14862512 +0.94962674
+0.99225345 -0.01235754 +0.12361384
+0.56521437 -0.64404634 +0.51549688
+0.69431998 -0.34278579 +0.63278564
-0.14150641 -0.38937529 +0.91014440
-0.99251463 -0.12012301 +0.02202677
+0.73594579 -0.05077596 +0.67513376
-0.42201702 +0.86065247 +0.28491922
+0.94290706 -0.05543818 +0.32840962
+0.63881952 -0.44354657 +0.62863031
-0.04603334 +0.92434759 +0.37876438
+0.82576749 +0.07707871 +0.55871900
+0.72219139 -0.41380860 +0.55425809
-0.20231047 -0.30367309 +0.93104948
+0.99973598 +0.00964307 +0.02085602
+0.92197157 +0.37888221 +0.08010433
-0.36793670 +0.57635385 +0.72968406
-0.04233955 -0.99099640 +0.12701771
-0.02572258 -0.99933331 +0.02590930
-0.98458899 -0.00616764 +0.17477549
+0.95316849 +0.15418143 +0.26018825
-0.97505727 +0.09011743 +0.20283531
+0.22847266 -0.96180953 +0.15074039
+0.17617543 -0.33949027 +0.92396351
+0.93953665 +0.25780448 +0.22540570
-0.83705074 +0.43473554 +0.33219132
-0.66954323 +0.35497473 +0.65246057
+0.67476334 +0.42357605 +0.60438213
+0.74557335 -0.60222594 +0.28538448
+0.66708141 +0.50637431 +0.54643157
-0.60790070 -0.74244094 +0.28149278
+0.83736716 -0.43821679 +0.32677558
+0.71059920 -0.67149065 +0.21011681
-0.05509442 -0.19089998 +0.98006214
-0.59401756 +0.72842684 +0.34137584
-0.23175875 -0.76592034 +0.59971153
-0.91131481 -0.38874720 +0.13557630
-0.22105763 +0.94718881 +0.23230773
-0.33616774 -0.54653440 +0.76700157
+0.97654846 -0.20063047 +0.07810577
+0.29803525 +0.52051017 +0.80015258
+0.83483639 -0.27740081 +0.47549657
-0.72741323 -0.36098750 +0.58357349
-0.82213626 -0.55369011 +0.13236023
-0.48264651 +0.86909825 +0.10826163
-0.22744147 +0.16243302 +0.96014889
+0.25298180 -0.90893803 +0.33140892
+0.78751385 -0.37379354 +0.49000033
-0.78240629 +0.61394850 +0.10443960
+0.29760555 -0.86046381 +0.41356133
+0.27913374 +0.74146187 +0.61017919
+0.61985570 -0.66503573 +0.41654097
-0.06063969 -0.95135592 +0.30206745
-0.78600005 +0.22188665 +0.57703574
+0.47400487 +0.17679984 +0.86258982
-0.71128204 -0.70279680 +0.01243040
+0.25068584 +0.67395465 +0.69494010
+0.13246200 -0.67801526 +0.72301391
-0.81148477 +0.29704673 +0.50324518
-0.21052714 +0.51478483 +0.83106853
+0.04483743 +0.65026062 +0.75838693
+0.37721517 +0.16252294 +0.91175381
-0.21228175 +0.71570224 +0.66536213
+0.09929041 +0.79574982 +0.59743087
+0.65498822 -0.07413723 +0.75199342
-0.09818267 +0.98979312 +0.10329448
-0.92406674 +0.04867664 +0.37911903
-0.27156589 -0.81675232 +0.50908508
-0.15660649 +0.08159406 +0.98428493
+0.58494474 -0.73504466 +0.34285419
+0.37576880 -0.73499343 +0.56443110
-0.31809584 -0.94726949 +0.03867226
+0.80947010 +0.38597728 +0.44247000
+0.90357000 -0.40766491 +0.13179748
-0.34847410 +0.76568229 +0.54064446
-0.73983896 -0.60636964 +0.29146900
+0.52744714 -0.19667587 +0.82650960
-0.22870542 -0.96947850 +0.08834744
+0.84251885 +0.41433942 +0.34421625
+0.52618923 -0.84686454 +0.07710611
+0.12238412 +0.85303125 +0.50730644
+0.97870900 +0.07236871 +0.19207149
-0.61539212 +0.45414981 +0.64423636
+0.92255896 +0.12966478 +0.36341712
+0.41081407 -0.65793312 +0.63115435
-0.12480123 -0.76883045 +0.62715580
-0.50943253 +0.69141181 +0.51227747
+0.62330252 +0.59235278 +0.51050187
-0.59058135 -0.60452731 +0.53456562
-0.32351196 +0.91038418 +0.25795476
+0.11905410 +0.58441416 +0.80267441
+0.22189000 -0.23853384 +0.94544510
+0.88865964 -0.25759061 +0.37938255
-0.09696903 -0.29247539 +0.95134387
-0.53586631 +0.11317201 +0.83668357
+0.07349741 +0.72768945 +0.68195762
+0.26735711 -0.13949682 +0.95344681
-0.95961632 -0.19053638 +0.20695991
+0.23237770 -0.83343538 +0.50138415
+0.82744477 +0.28517513 +0.48374610
-0.40807613 -0.05340171 +0.91138473
-0.58968970 +0.19602311 +0.78348006
-0.30343594 +0.41897587 +0.85579545
-0.33781361 +0.87175603 +0.35485685
-0.89851840 -0.13656315 +0.41715127
-0.67424798 +0.17283689 +0.71799518
+0.76720004 -0.30462723 +0.56445226
+0.95731864 -0.13842915 +0.25372898
+0.86788960 -0.00036332 +0.49675699
-0.66327032 +0.69972494 +0.26543828
+0.49397995 -0.84991825 +0.18336513
-0.64252540 -0.42269828 +0.63913010
-0.36829684 -0.37524351 +0.85061727
+0.64537200 +0.21390073 +0.73330858
+0.18325853 +0.95943577 +0.21424126
+0.68515484 +0.02768856 +0.72787100
+0.77192446 -0.52626182 +0.35662462
+0.62789972 +0.10911286 +0.77060777
+0.38856172 -0.30448525 +0.86966000
-0.39710009 -0.46093172 +0.79363308
-0.13028999 -0.98860179 +0.07543882
+0.02325293 -0.69460131 +0.71901900
-0.02868244 +0.95948752 +0.28028737
+0.09387115 -0.75096857 +0.65363171
+0.34038895 +0.34689877 +0.87395458
-0.77758797 -0.39131240 +0.49217024
-0.74254785 -0.14571070 +0.65375154
-0.18455853 +0.25834708 +0.94825890
+0.58224806 +0.28940956 +0.75975609
+0.20312203 +0.80202255 +0.56169500
+0.01708836 +0.84218219 +0.53892220
+0.45167716 -0.84370187 +0.29009464
+0.16491919 +0.93491976 +0.31420806
+0.26115083 -0.96411702 +0.04773480
-0.91937629 -0.39254876 +0.02554812
+0.36318779 -0.93145822 +0.02191396
+0.23760341 -0.41587655 +0.87783331
-0.51844875 -0.78888098 +0.32996619
-0.19954903 -0.96255978 +0.18346349
-0.25095496 +0.86877974 +0.42689973
+0.40381253 +0.91477443 +0.01109899
+0.32322799 +0.60060468 +0.73129863
+0.23936486 +0.33504156 +0.91129118
+0.45465406 +0.84831894 +0.27137552
-0.05536917 -0.82443795 +0.56323736
+0.70587348 +0.13047885 +0.69621685
+0.73964945 +0.45044646 +0.50001667
+0.76081836 +0.05140050 +0.64692612
+0.82225112 +0.53400043 +0.19684167
+0.59286207 +0.52316763 +0.61221744
+0.63071389 -0.73845105 +0.23851632
+0.03184032 +0.30125616 +0.95301150
-0.40621189 +0.89492072 +0.18468568
-0.01089284 +0.98369356 +0.17952251
-0.04774645 -0.62918850 +0.77578483
-0.77803786 +0.03700176 +0.62712675
+0.41128146 -0.02401081 +0.91119210
+0.78950846 -0.44558548 +0.42205447
+0.80494159 +0.51157968 +0.30059153
-0.84181794 +0.48783593 +0.23099494
-0.54427515 -0.80852227 +0.22373265
-0.52712040 +0.47537695 +0.70438685
-0.91755198 +0.22173132 +0.33005088
-0.84070191 +0.00382122 +0.54148471
+0.34095251 -0.39242046 +0.85425849
+0.06434408 +0.11545599 +0.99122639
-0.58666720 +0.77396483 +0.23832758
-0.14183398 +0.35488359 +0.92408915
+0.47813908 +0.71214408 +0.51403679
+0.81512258 -0.51908762 +0.25714436
-0.03858891 +0.38085341 +0.92382984
-0.45357214 -0.60440194 +0.65495848
-0.67430875 -0.54982127 +0.49295465
-0.63183206 -0.63839974 +0.43958392
+0.44496324 +0.07630459 +0.89229218
+0.95817911 -0.22246517 +0.18000567
+0.70133998 -0.59648335 +0.39029456
+0.04002736 +0.89441436 +0.44544446
-0.71450419 +0.25141007 +0.65289872
+0.78403324 -0.59317081 +0.18286681
-0.74187992 -0.25543341 +0.61997416
-0.55206181 +0.83329429 +0.02912701
-0.55820775 -0.48132397 +0.67581902
+0.24105725 -0.65217971 +0.71871624
+0.10163421 +0.21829228 +0.97057662
-0.52945469 -0.29014068 +0.79718011
-0.43550822 -0.15653414 +0.88647034
-0.01030043 -0.54772416 +0.83659557
-0.62610748 -0.51376672 +0.58654342
-0.26715916 +0.06530705 +0.96143693
-0.18607169 -0.47721121 +0.85886366
+0.53216605 -0.71995961 +0.44548564
+0.05923519 -0.99203519 +0.11116369
-0.47487763 -0.86465372 +0.16390602
+0.81088572 -0.20414200 +0.54844361
-0.38217761 -0.89908414 +0.21351342
-0.30813731 -0.93922832 +0.15133259
+0.58354043 -0.79653565 +0.15815032
+0.43254019 +0.82103390 +0.37257526
-0.34847656 +0.82316500 +0.44828949
-0.50033166 +0.83960898 +0.21148282
+0.24060671 +0.04687235 +0.96949027
+0.57475530 -0.27654440 +0.77018150
-0.95945126 +0.01647511 +0.28139270
+0.11499953 -0.25840556 +0.95916718
+0.01226067 +0.56640514 +0.82403574
-0.01587445 -0.76387361 +0.64517060
-0.23041827 -0.11683044 +0.96605283
-0.37496498 +0.04664798 +0.92586458
-0.14982399 +0.90214635 +0.40457970
+0.18964379 -0.88788717 +0.41915583
-0.27085350 +0.57557117 +0.77159329
-0.46050254 +0.88765183 +0.00341324
-0.44278589 -0.53205684 +0.72170366
-0.96138677 +0.25305957 +0.10814961
-0.40021517 +0.22817307 +0.88756119
+0.20169946 -0.05491852 +0.97790658
-0.67098243 -0.32763950 +0.66515783
-0.02290602 -0.91767678 +0.39666693
+0.81301622 -0.57669756 +0.08015327
-0.23008227 -0.55400025 +0.80009117
-0.95556578 +0.20066341 +0.21593572
+0.43248950 -0.89583441 +0.10214468
-0.93488152 -0.16424143 +0.31467648
+0.14376508 -0.93298958 +0.32994248
+0.46212590 +0.44129414 +0.76921982
+0.94695649 -0.30465881 +0.10225662
-0.81796193 +0.11316331 +0.56403222
+0.54375211 -0.79646326 +0.26453720
+0.30930225 -0.48075748 +0.82049032
+0.21421317 +0.97671878 +0.01153912
+0.92197437 -0.38588223 +0.03252959
-0.78843059 +0.57816129 +0.21001601
-0.57679993 +0.61279389 +0.54017172
-0.76532053 +0.40249116 +0.50228016
+0.76288844 +0.35922718 +0.53754727
-0.00469045 +0.78011153 +0.62562289
-0.30316774 -0.03273365 +0.95237484
+0.54192856 +0.62992910 +0.55632973
-0.20264870 +0.97053263 +0.13038376
-0.65122327 -0.01212953 +0.75878925
+0.61872850 -0.17681687 +0.76544813
-0.17040342 -0.94297808 +0.28592834
-0.46214502 +0.56597302 +0.68271262
-0.16626457 +0.85050320 +0.49899939
+0.69467314 -0.71887037 +0.02558567
+0.34476089 +0.06184436 +0.93665106
+0.32990773 -0.22228277 +0.91747003
+0.36587997 +0.43876794 +0.82074024
+0.92898207 -0.24131605 +0.28064014
+0.60075928 +0.00715664 +0.79939794
+0.27657984 -0.56886967 +0.77452624
+0.06100360 -0.61711988 +0.78450087
-0.36029225 -0.61924091 +0.69766051
-0.06417385 +0.87807286 +0.47420435
-0.49902735 -0.65246524 +0.57031641
+0.69954952 +0.68403051 +0.20671895
-0.77141579 -0.63214182 +0.07289991
-0.30449595 +0.72307315 +0.62003826
+0.52100209 -0.37305247 +0.76771653
-0.62810067 -0.75852234 +0.17358980
-0.41889996 -0.82701140 +0.37493328
+0.73898508 -0.23211247 +0.63247518
-0.51323074 +0.79928418 +0.31263237
+0.95385988 +0.04939371 +0.29616142
+0.92353729 -0.32509528 +0.20345007
+0.74393553 -0.65991011 +0.10525482
+0.40761977 +0.78264560 +0.47043808
-0.80644729 -0.53964648 +0.24171150
+0.25041154 +0.89404956 +0.37144238
+0.86777892 +0.31206770 +0.38674732
+0.39873080 -0.82814323 +0.39394485
-0.13724948 +0.67974787 +0.72048970
+0.16719599 +0.41807201 +0.89289490
-0.56057812 -0.82031661 +0.11328214
+0.01117850 -0.97591925 +0.21784549
-0.07780428 -0.47123214 +0.87857087
+0.08083062 -0.90721974 +0.41281806
+0.83008144 +0.55033253 +0.08999397
-0.75960125 -0.62391137 +0.18368600
-0.97487691 -0.20719177 +0.08177154
+0.84464263 -0.10316658 +0.52529561
-0.77962455 +0.47070230 +0.41306769
-0.11539343 +0.17992266 +0.97688904
+0.99466531 -0.09394154 +0.04261348
-0.11941772 -0.55610361 +0.82248902
+0.37441358 +0.90032038 +0.22189569
-0.79506657 -0.28873898 +0.53338443
-0.29695229 -0.69733644 +0.65233521
+0.27234750 -0.76945738 +0.57772154
-0.63703068 +0.76888997 +0.05477345
+0.30477073 +0.95011487 +0.06630637
+0.50074476 +0.27726090 +0.81998846
-0.17479442 +0.60632832 +0.77576599
+0.52917921 +0.78636800 +0.31873929
+0.77774504 -0.12904845 +0.61519033
+0.54024122 +0.38093458 +0.75035210
+0.48586161 +0.87194441 +0.06042724
+0.89627887 +0.33820862 +0.28687822
+0.91708870 +0.02505129 +0.39789540
+0.04774483 -0.94952813 +0.31002705
-0.26037430 -0.62939560 +0.73216556
-0.24294591 -0.90325479 +0.35370620
-0.43612826 +0.76186819 +0.47890395
-0.84558810 -0.44557049 +0.29401989
-0.49385191 -0.44692735 +0.74589961
+0.98175434 -0.11727316 +0.14968439
-0.33534627 -0.13115548 +0.93292075
+0.87530655 -0.42530562 +0.23011644
+0.47987522 -0.29812833 +0.82512985
-0.63917673 +0.52549476 +0.56152326
-0.20669532 +0.42757821 +0.88003064
-0.33660747 -0.75435100 +0.56360446
+0.19680720 +0.51124367 +0.83659837
+0.84614162 -0.35420460 +0.39822538
+0.05406239 -0.81539783 +0.57637110
+0.34827239 -0.61209289 +0.70996383
+0.39974800 -0.89280704 +0.20759846
-0.00509446 +0.19871731 +0.98004361
-0.89195920 -0.24114049 +0.38243961
+0.50497406 +0.75495607 +0.41838084
+0.77485832 +0.63096232 +0.03848559
-0.57331959 -0.38251870 +0.72455786
-0.99523749 +0.06848442 +0.06937017
-0.37956823 -0.79588752 +0.47168954
+0.87992057 +0.47404226 +0.03199565
-0.58628194 +0.37798877 +0.71651795
-0.95990461 +0.28032392 +0.00128442
+0.77379903 +0.15519044 +0.61412620
+0.30840077 +0.24932802 +0.91800027
+0.07805717 -0.99694638 +0.00223387
-0.90154118 +0.15183859 +0.40517718
+0.47525969 -0.47617963 +0.73985214
-0.96551230 -0.08709387 +0.24535822
-0.20285096 -0.87044757 +0.44852259
+0.56554811 -0.43778775 +0.69892577
+0.88039256 +0.10297905 +0.46293007
-0.09330852 -0.87575606 +0.47365056
-0.18143649 +0.98306636 +0.02571631
+0.06457414 +0.40162758 +0.91352365
+0.91409453 +0.36103779 +0.18461555
+0.95267153 +0.27838645 +0.12213901
+0.50531211 -0.61497565 +0.60536322
+0.77755259 +0.25553482 +0.57455541
+0.88997988 -0.34150572 +0.30217488
-0.10974391 +0.45681286 +0.88276740
+0.09566220 +0.98497680 +0.14376873
-0.16057884 -0.20467470 +0.96556859
+0.30573206 +0.79852567 +0.51854090
-0.10072471 +0.54594972 +0.83174121
+0.76784338 -0.64063731 +0.00061304
+0.64204936 +0.76513092 +0.04844881
+0.54905627 +0.80748470 +0.21565173
+0.02436589 +0.01364996 +0.99960991
+0.37888641 +0.73404980 +0.56357429
+0.92131306 -0.15770812 +0.35540174
+0.70558192 +0.54564001 +0.45214062
+0.59455740 -0.55745671 +0.57943378
-0.98326736 -0.11759392 +0.13912933
+0.70981683 +0.69747146 +0.09845627
+0.19878482 -0.94826090 +0.24755981
+0.35111140 +0.67168326 +0.65235142
-0.68041057 -0.21855131 +0.69948323
+0.47280450 +0.86513657 +0.16731594
-0.29736948 -0.46868935 +0.83180628
-0.94543983 +0.12464535 +0.30101009
-0.10899427 +0.75520450 +0.64636399
-0.66416489 -0.66630354 +0.33900528
-0.86378798 -0.46687940 +0.18945701
+0.91554364 +0.23389497 +0.32722007
+0.17138038 +0.13306496 +0.97617749
-0.36562149 -0.22962836 +0.90199321
+0.33825510 -0.80247321 +0.49154882
+0.56326731 +0.81902262 +0.10923318
+0.39114518 +0.91277791 +0.11765175
+0.07089960 -0.36042190 +0.93009102
-0.56662244 +0.01034454 +0.82391262
-0.89000909 +0.43159199 +0.14701080
-0.98039939 +0.15237761 +0.12489234
+0.13633516 +0.31994551 +0.93757538
+0.33149068 +0.84326795 +0.42309938
+0.22228401 +0.59655100 +0.77117879
-0.81674092 -0.42033034 +0.39529314
+0.47316503 -0.69509595 +0.54125455
+0.09301587 -0.07145772 +0.99309710
-0.31305373 -0.85415127 +0.41523845
+0.12297130 -0.85681724 +0.50074172
-0.16364005 -0.82533484 +0.54041127
-0.86913772 +0.26113674 +0.42000860
+0.65537994 +0.63318349 +0.41177154
-0.61037262 -0.28957616 +0.73728618
-0.03083242 +0.70778139 +0.70575837
-0.69479080 +0.43038890 +0.57622144
+0.13364630 +0.03048061 +0.99056024
-0.30787131 -0.31108529 +0.89913358
-0.54739189 +0.29729379 +0.78229056
+0.80728460 -0.02656824 +0.58956400
-0.10195212 -0.97342742 +0.20504833
-0.48632127 -0.87227172 +0.05131923
-0.44035199 +0.12924862 +0.88847336
+0.16909885 -0.59740491 +0.78390877
+0.97209935 +0.17697340 +0.15395869
+0.31036176 -0.69585125 +0.64766242
+0.43785362 -0.76617154 +0.47038853
-0.19751177 +0.78376766 +0.58881012
-0.26322380 +0.81286062 +0.51958719
-0.70394583 -0.69940284 +0.12367669
+0.20362828 -0.50990995 +0.83577950
+0.35471071 -0.88104004 +0.31296765
+0.44686112 +0.66063681 +0.60321982
-0.89830680 -0.36836649 +0.23948074
+0.13401231 -0.43914487 +0.88836506
-0.80187924 -0.18061384 +0.56953343
+0.87732930 +0.45939940 +0.13872808
-0.92152542 -0.26668541 +0.28225838
+0.37268472 -0.12362166 +0.91968679
-0.46586561 -0.36966966 +0.80393630
+0.66356173 -0.25542735 +0.70316619
+0.17680479 +0.73929638 +0.64975451
-0.63455264 +0.27674412 +0.72163401
-0.74941029 -0.48826189 +0.44719632
-0.49808517 +0.21405079 +0.84029365
+0.11429319 -0.97283477 +0.20131959
-0.47523966 +0.02788086 +0.87941453
-0.98402104 +0.17641006 +0.02412625
+0.76998484 +0.62067369 +0.14794428
-0.59049795 +0.67421334 +0.44356346
+0.33341827 -0.93427180 +0.12636638
-0.27864773 +0.65135409 +0.70575724
-0.65358393 +0.73969779 +0.16023491
-0.58776638 -0.09399708 +0.80355163
-0.28561682 +0.95671857 +0.05579076
-0.43356589 +0.81594092 +0.38244089
+0.83364654 +0.17981857 +0.52220564
+0.64944155 -0.58620231 +0.48434753
-0.43306229 +0.49022224 +0.75639884
-0.40014478 -0.91079253 +0.10169131
+0.19997225 +0.97325705 +0.11305667
+0.53947221 +0.08990079 +0.83719029
-0.87573343 +0.07873515 +0.47633155
-0.24961013 -0.39437242 +0.88440103
-0.71200570 -0.58084863 +0.39454119
+0.42246766 +0.59226068 +0.68611104
+0.30142373 -0.92543857 +0.22958046
-0.00933371 +0.47893723 +0.87779953
-0.57921950 -0.71887051 +0.38435656
+0.49470920 -0.78634981 +0.37002268
+0.05929964 +0.93565650 +0.34789434
-0.15609484 -0.63274296 +0.75846605
+0.20313194 -0.72887893 +0.65381413
+0.00885377 -0.27716945 +0.96078026
-0.70412883 -0.45587424 +0.54440910
+0.26778239 +0.43074049 +0.86183248
+0.40719951 +0.26197817 +0.87496057
-0.56720838 -0.82357327 +0.00131395
+0.15643122 -0.98424978 +0.08235074
-0.72584787 +0.66228098 +0.18581919
-0.65540044 +0.59147436 +0.46968963
-0.29597463 +0.24070627 +0.92436979
-0.48822038 +0.62946164 +0.60449889
+0.63929162 +0.33722637 +0.69107496
-0.93444146 -0.06034375 +0.35096693
-0.72557564 +0.56406688 +0.39416816
+0.15913637 -0.15602340 +0.97484989
-0.33741755 +0.14475936 +0.93015812
-0.23710728 +0.91325967 +0.33126562
-0.41957729 +0.70169195 +0.57583270
+0.44604329 -0.57065301 +0.68949295
-0.70562402 +0.06692025 +0.70541932
+0.56411919 +0.18916841 +0.80373183
-0.08562941 -0.00254135 +0.99632382
-0.62463363 +0.09269548 +0.77539691
-0.08588866 -0.70296550 +0.70601887
-0.79617049 -0.07123996 +0.60086389
+0.97341123 -0.03405121 +0.22651950
-0.83982951 -0.31827181 +0.43976066
-0.94129032 -0.28615205 +0.17913554
-0.19290947 -0.70388352 +0.68361826
-0.25112945 +0.33417448 +0.90843900
+0.47348049 -0.10960292 +0.87395848
-0.01572598 -0.08833081 +0.99596705
-0.35512687 +0.32468030 +0.87662284
-0.27679104 -0.92697060 +0.25320394
-0.07400537 +0.27885012 +0.95747889
-0.75061015 +0.14494685 +0.64465093
-0.06145279 +0.62777427 +0.77596587
+0.53983187 -0.52521452 +0.65782312
-0.45246412 -0.84891966 +0.27315131
-0.43833414 -0.27892053 +0.85443930
-0.38675147 +0.91851999 +0.08212386
-0.48333746 -0.76287604 +0.42942409
-0.51615811 -0.18994349 +0.83516602
+0.57003501 +0.67877390 +0.46295365
-0.82697578 +0.36969335 +0.42360110
-0.83196536 +0.55434330 +0.02317650
-0.84101951 +0.52585874 +0.12711712
-0.30616613 +0.93877560 +0.15799579
+0.61892701 +0.73999264 +0.26332536
+0.88005670 +0.20802635 +0.42687849
-0.87404527 -0.34551013 +0.34156642
-0.45411587 +0.31271003 +0.83426088
-0.74483007 +0.32825489 +0.58092761
-0.88609173 +0.39169068 +0.24783030
-0.04545956 +0.09793863 +0.99415364
-0.44193328 -0.72872740 +0.52311696
-0.68812767 -0.68709635 +0.23319287
-0.55568164 +0.54605867 +0.62692731
+0.66952042 -0.67213489 +0.31619154
-0.83010163 -0.55722973 +0.02064705
+0.59533379 +0.43529585 +0.67534821
-0.53991334 -0.56420929 +0.62462906
+0.51082670 +0.57669839 +0.63755395
+0.28178818 -0.31768305 +0.90535788
-0.71422382 +0.69533104 +0.07999432
-0.66390862 +0.64996564 +0.36982430
-0.19507066 -0.01742271 +0.98063443
+0.14485661 +0.89952763 +0.41214877
+0.07768438 +0.96581944 +0.24730131
+0.20626090 +0.23519014 +0.94981158
+0.67059268 -0.49985797 +0.54813088
+0.39954779 +0.52149156 +0.75392846
-0.03498759 -0.37736077 +0.92540516
+0.84886233 -0.50468736 +0.15723682
+0.71103370 +0.33032183 +0.62074034
+0.86479564 +0.43941628 +0.24298527
-0.92919810 +0.33084758 +0.16471423
-0.34997844 -0.88174913 +0.31628083
-0.38119240 +0.65007512 +0.65733909
+0.09733215 -0.53194246 +0.84116804
-0.72861814 -0.03940164 +0.68378587
+0.16395126 -0.79731684 +0.58086646
-0.66988311 -0.11587935 +0.73336798
+0.87264693 -0.17894456 +0.45438550
+0.35429694 +0.87727240 +0.32383145
-0.93032941 +0.36060503 +0.06671726
-0.39747778 -0.68366206 +0.61206014
-0.49698610 +0.39599101 +0.77213725
+0.77812775 +0.48329439 +0.40117794
+0.28918149 +0.94209054 +0.16982191
-0.11672589 +0.97147936 +0.20640474
-0.26438229 -0.21586518 +0.93994905
+0.71191372 +0.23613748 +0.66137579
-0.92316745 +0.28859972 +0.25391351
-0.08905729 +0.82025867 +0.56501727
+0.00728162 +0.99699188 +0.07716326
+0.90003657 -0.07797516 +0.42878204
+0.59686471 +0.71451916 +0.36498615
-0.85261056 -0.10469066 +0.51195225
-0.87958085 +0.33189103 +0.34086049
-0.63963013 -0.76610717 +0.06287373
+0.97924383 +0.19800516 +0.04330681
+0.63488671 +0.75630339 +0.15787350
+0.09421706 +0.49675399 +0.86276220
-0.12369206 -0.10360605 +0.98689719
+0.56741161 -0.09518864 +0.81791392
+0.73530191 +0.57745012 +0.35479918