-0.14749319 +0.31194513 +0.93858191
+0.99754921 -0.05749787 +0.03986940
+0.83130105 -0.53555025 +0.14874302
-0.22642427 -0.80222297 +0.55242227
+0.77222750 -0.61219237 +0.16995645
+0.74000126 +0.61600019 +0.27007759
-0.45397927 +0.75072525 +0.47991085
+0.91185156 -0.31309573 +0.26551421
+0.83206418 -0.32138243 +0.45208687
-0.39838071 +0.20314475 +0.89444118
+0.90450652 +0.21816847 +0.36642936
-0.13373431 -0.01889366 +0.99083710
+0.85156309 +0.52296281 +0.03674501
+0.68650302 -0.12866304 +0.71565315
-0.42873897 +0.87813295 +0.21228618
+0.54881418 -0.80897533 +0.21062268
-0.69782440 +0.71084147 +0.08800859
+0.11793080 +0.23768573 +0.96415653
+0.19022499 +0.82761360 +0.52808160
-0.39730750 +0.36392259 +0.84244116
+0.93728649 +0.21838292 +0.27166695
+0.27113726 +0.14224787 +0.95197171
+0.81627655 -0.14717964 +0.55859712
+0.41506280 +0.37960569 +0.82681461
-0.57549673 -0.54105863 +0.61323655
+0.04633168 +0.61823604 +0.78462575
+0.58461993 -0.00947790 +0.81125194
+0.70652214 -0.22155133 +0.67211716
-0.84253474 -0.08984008 +0.53109695
+0.20466675 +0.95715518 +0.20485479
-0.37487880 -0.34590454 +0.86012554
+0.45908357 +0.10506156 +0.88215891
-0.04453633 +0.96273257 +0.26676302
+0.10084120 +0.92432766 +0.36803456
+0.85352350 -0.51865611 +0.04993469
+0.06542448 +0.74470101 +0.66418374
+0.76089315 +0.28811948 +0.58140242
-0.90763958 +0.41216155 +0.07945595
+0.01034963 -0.76125990 +0.64836429
+0.18754982 -0.66963732 +0.71861737
+0.15394874 +0.94524270 +0.28777772
-0.10224741 +0.54854076 +0.82984848
-0.71028844 +0.67904650 +0.18543511
-0.43674666 +0.89806738 +0.05222391
-0.24273751 -0.66416271 +0.70708302
-0.77203160 +0.20393923 +0.60197674
+0.28079789 -0.95941495 +0.02599040
-0.50806917 -0.07169214 +0.85832742
+0.41155967 -0.24541816 +0.87771782
+0.35942143 -0.04972136 +0.93184979
+0.30242517 +0.92974647 +0.21002505
-0.50728428 +0.83112197 +0.22781339
+0.96873984 -0.04578685 +0.24381692
+0.97130950 -0.13288747 +0.19722774
+0.35935860 +0.66330925 +0.65641620
+0.09404358 -0.57541379 +0.81243756
-0.32319555 -0.67508673 +0.66317611
+0.04543048 +0.89441438 +0.44492582
+0.93863483 -0.30211514 +0.16640641
-0.71577729 +0.58612858 +0.37962634
-0.81442823 +0.57958532 +0.02806282
-0.50491025 -0.79265929 +0.34169708
-0.79675067 -0.25886031 +0.54605834
-0.84359742 -0.28073399 +0.45774646
-0.98034846 -0.19384937 +0.03659674
+0.86188859 +0.30357092 +0.40619300
-0.61944790 -0.78370071 +0.04579838
-0.70156649 +0.46058066 +0.54375538
+0.43537338 -0.66672516 +0.60491948
+0.05474535 +0.95890008 +0.27841263
-0.62674525 -0.56940325 +0.53194956
-0.55234276 -0.72623191 +0.40927336
+0.50077031 -0.68326294 +0.53139520
+0.00779293 +0.98277218 +0.18465677
+0.75643788 +0.20119520 +0.62235217
-0.73673966 -0.32878690 +0.59085856
-0.17109986 -0.85535420 +0.48897242
-0.83841312 -0.47125195 +0.27383397
+0.47727094 -0.75212710 +0.45444172
-0.33638868 -0.04621406 +0.94058860
+0.91180787 +0.37954364 +0.15669408
+0.72351436 -0.39788974 +0.56410170
-0.05351996 -0.93819258 +0.34195072
-0.26834185 +0.78562020 +0.55748861
+0.32168214 -0.22265831 +0.92029554
-0.09227858 +0.23369319 +0.96792157
+0.41852573 -0.90004059 +0.12150368
+0.72018192 -0.48027114 +0.50067718
+0.32451714 -0.93871111 +0.11623285
+0.59190567 +0.16394575 +0.78915744
+0.34741357 +0.82475226 +0.44619225
-0.23606352 -0.03109344 +0.97124004
-0.36201094 +0.76523826 +0.53231427
-0.58259322 +0.17072759 +0.79463025
+0.85189979 +0.38816919 +0.35155571
+0.81453293 +0.20852752 +0.54134313
+0.41625334 -0.73912398 +0.52955538
+0.69249848 -0.72137640 +0.00786998
-0.20228997 +0.54367708 +0.81455141
+0.80957898 +0.38491866 +0.44319239
+0.55449432 +0.49029378 +0.67241955
-0.53615467 -0.24588236 +0.80751473
-0.29953079 +0.53447982 +0.79032438
-0.31563381 -0.86714716 +0.38526757
-0.32280166 -0.77983766 +0.53633229
-0.42507647 -0.07140284 +0.90233676
+0.44564008 -0.81313265 +0.37445990
-0.90947992 +0.36842047 +0.19264638
+0.22724140 -0.82501807 +0.51740365
-0.97514927 +0.00769148 +0.22141532
-0.64831390 -0.74976394 +0.13245045
-0.54132853 -0.80312495 +0.24890508
-0.98414213 +0.15687337 +0.08279498
-0.09128330 +0.98080715 +0.17229245
-0.34172147 +0.91067283 +0.23216680
+0.19040120 -0.87788143 +0.43939911
+0.39532170 +0.91770310 +0.03926549
+0.77145932 +0.61227916 +0.17310329
+0.02576442 -0.10840563 +0.99377282
-0.69617112 -0.71527832 +0.06101390
-0.53192265 -0.15730620 +0.83205351
+0.26311543 +0.47274713 +0.84099966
-0.72293494 -0.03894988 +0.68981735
+0.93603052 +0.13040488 +0.32686608
-0.38526735 +0.80683735 +0.44786444
+0.91567442 -0.23123309 +0.32874247
-0.45107406 -0.84869750 +0.27612451
-0.67963741 -0.20890351 +0.70317303
-0.51978833 -0.84967776 +0.08870056
-0.76764111 +0.03387561 +0.63998404
-0.07459019 -0.66820980 +0.74022427
-0.92816467 +0.12834913 +0.34933772
-0.89971271 -0.42218604 +0.11079705
+0.11976389 -0.13331851 +0.98381034
+0.57882149 +0.79932249 +0.16139778
+0.27270231 -0.54522379 +0.79269444
+0.22636902 -0.96784930 +0.10965763
-0.52483128 -0.42436835 +0.73787779
+0.53425413 -0.09037630 +0.84047882
+0.65273801 +0.60634316 +0.45418175
+0.49614042 -0.26655137 +0.82631414
-0.09757929 +0.68735169 +0.71974019
+0.12697042 -0.98681797 +0.10034344
+0.20643690 +0.65395224 +0.72782571
+0.12660014 -0.84980836 +0.51166214
-0.13709036 +0.74661337 +0.65097981
+0.38841397 +0.76376893 +0.51554981
+0.62511217 +0.74492976 +0.23305456
+0.93958421 -0.05114882 +0.33847498
+0.91199263 -0.14485423 +0.38377949
-0.04852429 +0.47389458 +0.87924360
-0.95618347 -0.06537201 +0.28537638
-0.60450744 -0.36768838 +0.70666542
-0.34998220 +0.29141808 +0.89027410
+0.40076272 +0.84083407 +0.36385067
-0.96111746 +0.10098161 +0.25701351
-0.15076692 +0.47097926 +0.86916504
+0.96169347 +0.21327873 +0.17221457
+0.69996604 +0.61457196 +0.36379780
-0.86539384 +0.49872969 +0.04860246
-0.58559982 +0.77313741 +0.24358035
-0.66492019 +0.15198061 +0.73128862
-0.70127953 -0.50760546 +0.50054343
+0.16900870 +0.72655672 +0.66599654
+0.94607108 -0.22438048 +0.23367265
-0.29207312 -0.31593837 +0.90270495
+0.51277368 +0.64869461 +0.56236861
+0.31871727 +0.05005140 +0.94652742
+0.55846995 -0.19052652 +0.80734811
-0.03143048 -0.02108905 +0.99928343
-0.29989067 +0.21540781 +0.92933582
+0.00088491 +0.93366288 +0.35815198
-0.34730743 +0.12500646 +0.92938202
+0.30341620 +0.95227073 +0.03345258
+0.57997443 -0.62104259 +0.52719613
+0.25321044 +0.92194612 +0.29308673
+0.44394348 +0.78391896 +0.43403369
-0.29767924 -0.22145642 +0.92862486
+0.24744947 +0.85702573 +0.45196864
+0.29064928 +0.80035616 +0.52435962
+0.98644671 -0.13135926 +0.09832412
+0.08874282 +0.84601310 +0.52572478
-0.70706415 -0.60924790 +0.35899483
-0.21025057 -0.19177809 +0.95865315
+0.89965082 +0.30472305 +0.31268558
-0.95615059 -0.15872436 +0.24613538
-0.28330551 -0.40760006 +0.86810148
+0.63163034 -0.74824585 +0.20290703
+0.25601766 -0.37731963 +0.88999149
+0.87634168 -0.31932874 +0.36063057
-0.07351622 -0.99405769 +0.08027875
+0.33702395 -0.31512004 +0.88719458
-0.61072315 -0.27637389 +0.74204764
+0.50951584 -0.35834603 +0.78229261
+0.67218622 +0.15565526 +0.72383502
-0.47826465 +0.01918163 +0.87800626
-0.82129634 +0.55662503 +0.12506360
-0.27176803 -0.49610069 +0.82463704
+0.36833390 +0.30190891 +0.87930720
-0.26992352 -0.96101377 +0.05994857
+0.58781312 -0.37512456 +0.71676865
+0.83365563 +0.53493765 +0.13733174
+0.79739508 -0.05764924 +0.60069764
+0.23112964 +0.76717629 +0.59834742
-0.67758918 -0.30363634 +0.66983422
-0.07276893 -0.86272652 +0.50040747
+0.32913699 +0.73575473 +0.59189004
+0.20106245 +0.90544690 +0.37381787
-0.49608116 +0.63456361 +0.59264873
+0.45192900 +0.61986422 +0.64150489
+0.08712126 -0.49081379 +0.86689775
+0.37782053 -0.92535927 +0.03101404
-0.52880438 +0.42060995 +0.73719279
+0.74705621 +0.46068453 +0.47924605
-0.33434028 +0.71751916 +0.61105059
+0.16959194 +0.15012513 +0.97401284
-0.46541900 +0.57952855 +0.66897819
-0.58159812 +0.62026746 +0.52631920
-0.11390022 -0.90177275 +0.41693243
+0.36251358 -0.64490343 +0.67281756
+0.14619698 +0.88014134 +0.45163886
+0.48117967 +0.71953181 +0.50073956
-0.41202170 -0.83438550 +0.36611330
-0.18092741 -0.75423890 +0.63118061
+0.05965717 +0.99316645 +0.10030661
-0.21458870 -0.88917462 +0.40412893
-0.78698199 -0.06455891 +0.61358903
+0.52120720 -0.52814114 +0.67038048
-0.96641997 +0.17242675 +0.19052943
+0.35859760 +0.45331585 +0.81603462
-0.61918991 +0.07868992 +0.78128852
-0.92251977 -0.04259498 +0.38359216
+0.53381309 -0.75791396 +0.37498002
-0.10989499 +0.85458022 +0.50755860
+0.08782791 -0.89690268 +0.43341879
+0.79839614 -0.54918492 +0.24689983
-0.65462889 +0.70801430 +0.26490897
+0.63078132 +0.24078063 +0.73765820
+0.40716428 -0.86517983 +0.29271335
+0.94622903 -0.13937221 +0.29193493
+0.77076329 +0.03208113 +0.63631340
+0.85379555 -0.47041503 +0.22303109
-0.33270909 -0.93281851 +0.13839899
-0.38122858 -0.24968204 +0.89012564
-0.53283082 +0.09680207 +0.84066680
+0.24338306 -0.28781463 +0.92624372
-0.05373962 +0.62112585 +0.78186618
+0.16290725 -0.02462671 +0.98633400
+0.41523835 +0.20665631 +0.88592905
+0.69819555 +0.25479669 +0.66903036
+0.79513094 +0.60171344 +0.07554946
-0.46307284 -0.67347786 +0.57618670
-0.76583175 +0.43847302 +0.47036491
+0.67910527 +0.73326720 +0.03369346
-0.86131616 -0.50409112 +0.06345561
+0.54312993 +0.25264148 +0.80073851
-0.25005117 +0.30318984 +0.91953811
+0.08378219 -0.99646161 +0.00669414
+0.44248290 -0.51035593 +0.73739115
-0.14352625 +0.95665307 +0.25340703
-0.09872456 +0.93315583 +0.34564962
-0.90830611 +0.29728888 +0.29427766
+0.88289084 -0.45328854 +0.12261024
-0.36939256 -0.81147836 +0.45282670
+0.45831492 +0.28303637 +0.84251875
-0.00756295 -0.45642976 +0.88972730
-0.54018872 +0.26118450 +0.79998675
+0.96433618 +0.13055266 +0.23024279
+0.15061268 -0.92156280 +0.35782373
+0.54930349 -0.83474718 +0.03824695
+0.62154399 +0.67763731 +0.39305311
-0.01273566 -0.90385031 +0.42765923
-0.55289510 -0.83324470 +0.00320597
-0.67068550 -0.11116995 +0.73336362
+0.15728203 +0.98132194 +0.11076833
-0.44209009 +0.11264837 +0.88986892
-0.65938115 +0.31845503 +0.68103076
-0.29330567 +0.04690836 +0.95486721
-0.17752505 -0.54342240 +0.82047362
-0.39033397 +0.03121342 +0.92014407
+0.59221351 -0.79645173 +0.12226120
-0.96680190 +0.25376070 +0.02999332
+0.26551929 -0.02882842 +0.96367444
+0.01143199 -0.69734880 +0.71664075
-0.71669561 +0.63657886 +0.28480654
-0.09430926 -0.96267694 +0.25369049
-0.01692166 -0.36806310 +0.92964682
-0.59496560 -0.08627793 +0.79910704
+0.74869035 +0.66282684 +0.01110638
+0.38778082 -0.80404429 +0.45070924
-0.73706508 -0.62015665 +0.26859039
-0.01174467 +0.85519172 +0.51817872
+0.99585017 +0.03519993 +0.08392501
-0.57374670 -0.80513035 +0.15026589
-0.13411696 -0.97746978 +0.16298918
+0.85438787 +0.12172149 +0.50517843
+0.27658465 -0.62199158 +0.73254857
+0.49493552 +0.84837560 +0.18787677
+0.29079722 -0.84644369 +0.44606060
+0.11321552 +0.99346189 +0.01468769
+0.98124702 +0.04292806 +0.18791345
+0.66048668 -0.47287868 +0.58321788
-0.45770677 -0.28428566 +0.84242874
-0.64174987 +0.54524151 +0.53932254
-0.17214025 +0.79940079 +0.57560933
+0.26962550 -0.94206045 +0.19956004
+0.88594829 +0.45348425 +0.09719913
-0.11217459 -0.31960176 +0.94088872
+0.00742649 -0.96474658 +0.26307581
+0.07000005 -0.02492889 +0.99723545
-0.61011739 -0.18199416 +0.77112573
-0.79671056 +0.27590049 +0.53770922
+0.10970396 -0.95599790 +0.27209016
+0.10655340 +0.97485742 +0.19570227
-0.88182928 -0.30022944 +0.36364736
+0.85414855 -0.05970365 +0.51659048
+0.73527263 -0.62316710 +0.26652753
+0.25241198 -0.89620775 +0.36482854
+0.75754250 -0.55616608 +0.34177282
-0.58995950 +0.73249832 +0.33969693
+0.95712868 +0.04206243 +0.28659282
+0.44394876 -0.58970422 +0.67465430
+0.63511058 -0.20817765 +0.74383910
-0.92369786 -0.22991966 +0.30646242
-0.29986103 +0.37844198 +0.87570830
+0.94936308 +0.29275457 +0.11403732
-0.67031663 -0.59229142 +0.44706430
+0.57011298 +0.66669315 +0.48009523
+0.72730715 +0.54021477 +0.42331112
+0.06529527 +0.32201225 +0.94448115
+0.16946911 -0.96665036 +0.19200862
-0.24698164 +0.13807872 +0.95913207
+0.86878248 -0.39822943 +0.29433028
-0.53709831 +0.84181707 +0.05356691
-0.03655266 +0.75008517 +0.66033032
-0.62916355 +0.48022270 +0.61117868
-0.88547723 +0.15417675 +0.43836013
+0.30198334 +0.87763220 +0.37224693
+0.73714491 -0.66970267 +0.09008726
+0.02734034 -0.85961666 +0.51020751
-0.36812922 -0.14867840 +0.91781022
+0.02676738 +0.80329024 +0.59498596
+0.71888826 -0.31139569 +0.62147598
+0.35341402 +0.88966374 +0.28913140
+0.01395152 +0.23922307 +0.97086440
+0.92586188 -0.36615405 +0.09333267
-0.42773138 -0.55668643 +0.71214189
+0.77112832 -0.23078223 +0.59338072
-0.64300317 +0.74783500 +0.16519604
-0.86557015 +0.31935980 +0.38574296
+0.07818198 -0.40217353 +0.91221929
-0.94643553 +0.02919519 +0.32157024
-0.66829072 -0.39492181 +0.63041596
-0.27146535 -0.73800238 +0.61778561
+0.77088523 +0.54421816 +0.33100235
-0.51215420 -0.50995891 +0.69111503
+0.69027964 -0.62835808 +0.35872014
-0.07374056 +0.80579015 +0.58759218
+0.39141114 -0.14944231 +0.90800018
+0.83317272 +0.46792635 +0.29473404
-0.25637154 -0.91301868 +0.31728618
+0.09945996 -0.73250213 +0.67345998
-0.34663634 +0.45038633 +0.82279731
+0.10279146 +0.54362345 +0.83301108
-0.76373241 +0.63663150 +0.10683228
+0.64571739 +0.33700157 +0.68518537
-0.08343457 -0.58710841 +0.80519711
+0.11636204 +0.40240803 +0.90803505
-0.83309637 +0.17918397 +0.52330063
+0.22715476 -0.19610391 +0.95390983
+0.47776097 -0.16985200 +0.86191343
-0.76983147 +0.60475077 +0.20404906
-0.80436408 -0.54944817 +0.22606444
-0.79664125 -0.16275415 +0.58212868
-0.86732413 +0.43962259 +0.23341129
+0.35680396 -0.48905057 +0.79594000
+0.59096431 -0.54308444 +0.59650690
-0.15370683 +0.89406564 +0.42073845
+0.65332440 -0.55315174 +0.51690462
+0.46852937 -0.88278027 +0.03433977
-0.20538715 +0.84544163 +0.49299551
+0.32623556 -0.78763627 +0.52268487
-0.17241257 -0.98252425 +0.07014269
+0.49945361 -0.81480518 +0.29434438
+0.77992269 -0.40293504 +0.47891958
+0.86403906 +0.46306002 +0.19751438
-0.11986867 -0.21845595 +0.96845676
-0.25648076 +0.60909498 +0.75048046
-0.36202526 +0.59597205 +0.71676706
-0.09318055 -0.50244177 +0.85957527
-0.99618707 +0.06902887 +0.05335103
+0.20715181 -0.10718184 +0.97241975
-0.08529305 +0.06701595 +0.99409957
-0.68447502 +0.39130291 +0.61512273
-0.84759017 -0.18681955 +0.49667833
-0.55179053 +0.49569112 +0.67068437
-0.98446313 +0.08243512 +0.15503804
+0.18516320 -0.59696568 +0.78060654
-0.39004813 +0.51956414 +0.76020758
-0.70260293 +0.22576537 +0.67481784
-0.51021931 -0.70342710 +0.49483995
-0.69892992 -0.69062629 +0.18582867
+0.77256067 -0.48244572 +0.41279066
+0.26863211 +0.30955907 +0.91214581
-0.19736091 +0.22593183 +0.95394103
+0.86361552 +0.21446163 +0.45626137
-0.25041397 +0.46353557 +0.84995742
-0.48338031 +0.86555789 +0.13096949
-0.15528531 -0.93080043 +0.33090336
+0.98385551 +0.12476863 +0.12830088
+0.80632879 +0.54269025 +0.23520452
+0.89938417 +0.12673619 +0.41838505
-0.27804913 -0.12128395 +0.95287926
+0.60913063 +0.79047350 +0.06412116
-0.66905023 -0.68528227 +0.28768037
+0.96010090 -0.27247775 +0.06294553
-0.59283128 -0.45587419 +0.66387483
-0.99279912 -0.01022990 +0.11935347
+0.00774475 +0.39771207 +0.91747759
-0.65577742 +0.66250718 +0.36199477
-0.33774462 -0.60258459 +0.72306320
+0.06662779 +0.15411019 +0.98580464
-0.87990154 -0.01692457 +0.47485454
+0.06821748 -0.98079917 +0.18270018
+0.00124434 -0.54131519 +0.84081883
-0.93394829 -0.35373797 +0.05108847
-0.44142800 -0.47195595 +0.76315064
-0.92782447 -0.33780887 +0.15819900
+0.40161277 +0.89302736 +0.20300078
-0.02591302 -0.27706830 +0.96050074
-0.89894149 -0.43804539 +0.00451948
-0.63432734 -0.67200655 +0.38214658
-0.23654869 +0.73539116 +0.63501539
+0.45054167 +0.84831851 +0.27815087
+0.21835981 +0.06039377 +0.97399773
+0.35090015 -0.85972382 +0.37113884
-0.77678629 -0.54160010 +0.32136022
+0.73592551 +0.12231212 +0.66592296
+0.26581235 -0.46343048 +0.84532596
-0.42097974 -0.74811099 +0.51293860
-0.91023427 -0.31962567 +0.26327364
-0.82254987 +0.47417817 +0.31395347
-0.80447326 +0.10678771 +0.58431084
+0.57896388 +0.32206589 +0.74904899
+0.16818126 +0.31859693 +0.93285104
-0.19769278 +0.92278231 +0.33074215
-0.44951590 +0.80858688 +0.37963497
-0.20418763 -0.28245196 +0.93729841
+0.27785591 -0.69336287 +0.66486391
+0.06881279 -0.80593350 +0.58799319
+0.70579592 -0.68297723 +0.18813350
-0.23386067 -0.96031541 +0.15199834
+0.70410220 +0.35691784 +0.61388088
+0.62332817 -0.78158462 +0.02423787
-0.93857246 +0.20110742 +0.28042385
+0.18000882 -0.51743982 +0.83657209
+0.75514383 -0.14037048 +0.64035452
-0.49206710 +0.34867961 +0.79767945
+0.92906779 +0.30104072 +0.21495935
+0.73160992 -0.04831509 +0.68000925
-0.72351032 -0.41949941 +0.54822720
-0.81563237 -0.56570392 +0.12133799
+0.92836573 +0.36760159 +0.05482837
+0.70898373 -0.55744556 +0.43196820
+0.65948051 -0.38833077 +0.64364949
+0.58559127 -0.75644535 +0.29133023
-0.87205268 +0.38164838 +0.30637990
+0.58456529 +0.74218440 +0.32778916
+0.22132001 +0.55620674 +0.80103153
-0.18833700 -0.45938220 +0.86804215
+0.35068320 -0.71901923 +0.60002721
-0.76183347 -0.62291827 +0.17771490
-0.19764228 -0.37207043 +0.90691848
-0.75654378 +0.65387094 +0.00971108
+0.81718553 -0.47935534 +0.32004104
-0.35265360 -0.52290298 +0.77602056
+0.77943409 -0.31867466 +0.53937831
+0.44907960 -0.07132953 +0.89064000
+0.14773459 -0.24334557 +0.95862267
-0.90113128 +0.22619349 +0.36986339
-0.99134216 -0.10378968 +0.08042649
+0.88620203 +0.38620762 +0.25590945
-0.40110463 +0.64969507 +0.64576419
-0.88794568 -0.40537742 +0.21730534
+0.66839659 -0.73599399 +0.10751206
-0.93803849 +0.27700942 +0.20820562
+0.79406980 +0.46712244 +0.38890844
-0.43997484 +0.43373589 +0.78631757
+0.66553167 +0.68309605 +0.30074470
-0.10323983 -0.41355455 +0.90460719
+0.67676967 +0.52894878 +0.51205078
+0.95950883 +0.28153081 +0.00912138
-0.94655392 -0.25003386 +0.20376148
-0.85674939 -0.48710091 +0.16944964
+0.26803817 +0.69811309 +0.66392293
+0.75958484 +0.37629412 +0.53050316
-0.54790182 -0.62531122 +0.55568829
-0.44747699 +0.27717726 +0.85025709
+0.90045715 -0.43437043 +0.02234395
+0.31437900 +0.38462850 +0.86788638
+0.65079261 -0.30020968 +0.69738305
-0.46486885 -0.77411852 +0.42969463
-0.88951055 -0.11443893 +0.44235135
+0.34881551 +0.92879146 +0.12519651
+0.98854891 -0.04425246 +0.14426629
+0.29194238 +0.61771073 +0.73020758
-0.86432822 -0.38803053 +0.31995161
-0.93809572 +0.34632640 +0.00586857
-0.77255389 +0.55876864 +0.30155944
+0.16089853 -0.34120847 +0.92611470
-0.29580827 -0.92752858 +0.22844737
-0.90854503 +0.05570413 +0.41405674
+0.40856436 +0.50633488 +0.75940776
-0.20022792 +0.38891839 +0.89925039
-0.97925647 -0.08574129 +0.18358974
-0.13816810 +0.98739176 +0.07724692
+0.92416653 +0.03775235 +0.38011969
+0.36667952 -0.90732056 +0.20570742
-0.47327908 +0.50462289 +0.72205447
+0.61220542 -0.11176255 +0.78276028
-0.80838041 -0.58814547 +0.02461737
+0.50320251 +0.18022981 +0.84516534
+0.87621437 -0.23544876 +0.42049049
-0.51865960 +0.68818370 +0.50734152
-0.03327818 -0.81408495 +0.57979156
-0.48650636 -0.85424734 +0.18322948
-0.23778473 +0.96896600 +0.06755233
-0.00070685 +0.54844700 +0.83618502
-0.43085155 +0.70220481 +0.56681156
-0.62217134 -0.74927658 +0.22690843
+0.18310858 -0.98295670 +0.01635136
-0.19820013 +0.67997505 +0.70593954
+0.81578216 +0.29831519 +0.49548715
-0.03336232 -0.98435312 +0.17301994
-0.45145550 -0.17840923 +0.87427575
+0.25353059 +0.95988281 +0.11977996
+0.11747288 +0.06624490 +0.99086414
+0.45931811 -0.86279758 +0.21120417
-0.36651201 -0.92913650 +0.04872684
+0.43609949 -0.42659227 +0.79236120
-0.81319785 +0.34601202 +0.46795826
+0.65943023 -0.03246760 +0.75106433
+0.31132696 -0.90595426 +0.28691880
+0.49928969 +0.35633149 +0.78977064
-0.69820828 +0.05800585 +0.71354083
+0.70077087 +0.04604399 +0.71189897
+0.82849204 -0.40305789 +0.38877406
-0.49332142 +0.18830708 +0.84921989
+0.41127753 +0.02804055 +0.91107877
-0.93815215 +0.32907624 +0.10760748
-0.58949291 +0.68022235 +0.43565545
-0.46865748 -0.88335878 +0.00611870
-0.25802272 -0.58127351 +0.77171586
-0.03232989 -0.18543774 +0.98212404
+0.90140095 -0.05623970 +0.42931739
-0.95861027 -0.26741787 +0.09774469
+0.61553236 -0.69588541 +0.36995056
+0.63821531 -0.62785578 +0.44550909
-0.85334355 +0.25047268 +0.45723979
+0.57610956 -0.28521833 +0.76599496
+0.30156725 -0.12682658 +0.94497207
-0.62537440 +0.24423175 +0.74111923
+0.96741798 -0.21450149 +0.13450489
+0.59860543 +0.59244717 +0.53914552
+0.70201373 +0.68181636 +0.20567736
-0.12711919 -0.80968744 +0.57292841
+0.80072120 +0.11695411 +0.58750941
-0.80791311 -0.45867607 +0.36999010
+0.04807518 -0.93545761 +0.35015403
+0.49588546 +0.79523070 +0.34886350
+0.00838423 -0.62195750 +0.78300611
+0.05635934 +0.47337631 +0.87905546
-0.58957265 -0.74172255 +0.31976828
-0.75275680 +0.37017943 +0.54435686
+0.38484310 +0.58750933 +0.71184871
-0.04225277 +0.31767346 +0.94725829
-0.37331545 -0.71506689 +0.59102869
-0.75550803 -0.64910335 +0.08872690
-0.08189768 -0.74884044 +0.65767071
+0.31519276 +0.53937087 +0.78085376
-0.24223653 +0.94017443 +0.23956943
+0.36169148 -0.56931307 +0.73828307
+0.63284296 +0.42738354 +0.64564161
-0.43284891 -0.89505861 +0.10729352
+0.22035612 +0.23105720 +0.94765803
-0.19551330 -0.95024859 +0.24249158
+0.88241876 +0.03283468 +0.46931761
-0.56664606 +0.81069689 +0.14725076
-0.49515327 -0.59212268 +0.63577824
-0.27199761 -0.83941478 +0.47053175
-0.52276314 +0.74705217 +0.41064797
-0.82198356 +0.52510379 +0.22047456
-0.17406095 -0.10954037 +0.97862337
+0.56078540 -0.69304238 +0.45300331
+0.86867813 -0.14829609 +0.47265904
+0.54798582 +0.08648780 +0.83200445
+0.26130309 -0.76388103 +0.59009022
-0.73181807 +0.29893553 +0.61243764
+0.47858233 +0.44568813 +0.75651903
+0.16722019 +0.48077548 +0.86075103
-0.29729499 +0.90174266 +0.31380865
-0.15448475 +0.61794978 +0.77089074
-0.92788032 -0.13732155 +0.34667118
+0.99284671 +0.11683119 +0.02461482
-0.83025694 -0.37152795 +0.41550017
-0.60953391 +0.40849206 +0.67941346
-0.73911771 +0.13100742 +0.66071330
-0.76969886 -0.44125897 +0.46136123
-0.82268697 +0.41184339 +0.39188159
-0.39560936 -0.89550069 +0.20389152
-0.41105950 -0.63584780 +0.65324396
+0.16076787 -0.79391603 +0.58638812
+0.01523801 +0.99987548 +0.00410261
-0.45162864 -0.38150797 +0.80652541
-0.38435900 +0.91330543 +0.13468982
-0.29766599 +0.82958404 +0.47242489
-0.74197785 -0.23467666 +0.62800934
-0.19049456 +0.96861782 +0.15966010
-0.41507033 +0.85817157 +0.30208968
-0.78775562 -0.35160276 +0.50578314
-0.89034690 -0.20875989 +0.40460068
+0.02651529 -0.99553654 +0.09057554
+0.42573702 -0.33822313 +0.83925747
+0.44543808 +0.88826861 +0.11208831
-0.96284671 +0.23994727 +0.12390124
-0.82820658 +0.00859777 +0.56035697
+0.53573211 +0.73447599 +0.41657667
+0.42277685 +0.69502014 +0.58155544
+0.06842969 -0.30912861 +0.94855515
-0.64990748 -0.01435397 +0.75987778
-0.14210212 +0.14746387 +0.97880611
-0.74259027 -0.52735483 +0.41286387
+0.17179377 -0.43212585 +0.88529890
+0.63044852 +0.07212770 +0.77287273
+0.61937889 +0.51227779 +0.59492962
+0.14629703 +0.60706713 +0.78106765
+0.12945408 +0.79005779 +0.59920808
+0.54233047 +0.79927199 +0.25892460
+0.50708928 -0.85249632 +0.12692706
+0.97623126 +0.20537693 +0.06923038
-0.56014141 +0.56380029 +0.60693561
+0.69334655 +0.44601952 +0.56598335
-0.09771656 +0.39494656 +0.91349258
+0.51812207 -0.44540506 +0.73018070
-0.62224204 +0.77968864 +0.07000338
+0.90071287 -0.38779138 +0.19579114
-0.97360336 -0.17824064 +0.14257198
+0.21160845 -0.93634387 +0.28014643
-0.71011602 +0.52669761 +0.46725246
+0.72884246 +0.67622545 +0.10727444
+0.52531228 +0.84642200 +0.08727428
+0.59333792 -0.46080513 +0.66000663
+0.56264764 +0.40967302 +0.71804989
+0.83167800 +0.02893464 +0.55450383
+0.10450667 +0.67939378 +0.72629364
+0.51568137 -0.60789805 +0.60376542
-0.25178791 +0.87995638 +0.40283943
-0.73763013 -0.13738108 +0.66108111
-0.65209549 +0.60700205 +0.45422459
-0.36506566 -0.43716268 +0.82195855
+0.98551539 -0.16896932 +0.01444927
+0.06009947 -0.21107648 +0.97562020
-0.99949010 -0.02625531 +0.01817154
+0.82790030 -0.23561201 +0.50898731
+0.66442895 -0.69212190 +0.28196001
-0.03617535 +0.15338174 +0.98750463
-0.16664653 -0.62343412 +0.76391023
+0.21654985 +0.39718600 +0.89182366
+0.09746829 -0.65624088 +0.74822981
-0.59405773 -0.65191620 +0.47127559
+0.47582263 +0.53750219 +0.69619266
+0.01725757 +0.06611972 +0.99766245
-0.08142642 -0.10721581 +0.99089581
+0.18971939 -0.73452719 +0.65151850
-0.35038842 +0.85792535 +0.37575530
-0.19144021 +0.06009834 +0.97966261
+0.53842813 +0.57194783 +0.61884637
-0.86113563 +0.08157665 +0.50178749
+0.00313589 +0.68764338 +0.72604183
+0.36858434 +0.12877355 +0.92063182
-0.65215891 -0.48304781 +0.58425472
-0.29927866 +0.66545654 +0.68381275
+0.50062188 +0.00775416 +0.86563133
+0.20945939 +0.97750970 +0.02452636
-0.03895051 +0.99528271 +0.08885489
-0.05469285 +0.89909888 +0.43431543
-0.87110448 +0.46934596 +0.14453842
-0.51529119 +0.79695382 +0.31518184
-0.33520744 +0.94047081 +0.05613041
+0.79887630 -0.59726767 +0.07118985
-0.77027883 +0.50286906 +0.39216480
-0.35683971 -0.88588999 +0.29641920
-0.15525719 -0.69772822 +0.69933578
+0.34845655 -0.40418081 +0.84570439
+0.32105673 +0.22268995 +0.92050625
+0.65816783 +0.74043494 +0.13627623
-0.53295189 -0.33594551 +0.77659700
-0.28999139 +0.94515439 +0.15029360
-0.56660917 +0.00507015 +0.82397108
-0.57987105 +0.33409069 +0.74305651