-0.00035956 8.51964e-006 1
-0.0370442 0.0551788 0.997789
-0.0384958 -0.0553725 0.997723
0.0635561 0.000599848 0.997978
0.0284873 0.0573008 0.99795
-0.0104611 0.111576 0.993701
-0.0782678 0.103229 0.991573
-0.0644681 -0.00170918 0.997918
-0.114403 -0.0335439 0.992868
-0.0828015 -0.0959319 0.991938
-0.0108168 -0.109751 0.9939
0.02826 -0.0563778 0.998009
0.127424 0.000939978 0.991848
0.0932278 0.0580144 0.993953
0.121153 0.114828 0.98597
0.0558125 0.113935 0.991919
0.0160495 0.167487 0.985744
-0.0516562 0.161181 0.985572
-0.104356 0.0425561 0.993629
-0.161815 0.0278067 0.986429
-0.175399 -0.0317487 0.983985
-0.145796 -0.0905164 0.985165
-0.0525105 -0.155331 0.986466
0.0173892 -0.164647 0.986199
0.0566761 -0.112129 0.992076
0.122468 -0.112631 0.986061
0.0935085 -0.0563232 0.994024
0.190965 0.00117896 0.981596
0.15744 0.0583736 0.985802
0.185707 0.115286 0.975819
0.148288 0.170897 0.974066
0.0826384 0.169866 0.981996
0.0424075 0.222794 0.973943
-0.0250381 0.217808 0.97567
-0.0919602 0.210989 0.973153
-0.118107 0.153081 0.98113
-0.142869 0.0929626 0.985366
-0.204344 0.0830674 0.975368
-0.224016 0.0249757 0.974265
-0.23692 -0.0324246 0.970988
-0.209897 -0.0881574 0.973741
-0.117808 -0.149514 0.981716
-0.0892277 -0.207126 0.974237
-0.0228273 -0.212842 0.97682
0.0456033 -0.219679 0.974506
0.0848431 -0.167513 0.982212
0.150719 -0.168391 0.97413
0.18723 -0.112736 0.975826
0.157999 -0.0561536 0.985841
0.253836 0.00132437 0.967246
0.220981 0.0586018 0.973516
0.249344 0.115569 0.961494
0.21302 0.171458 0.961886
0.174812 0.226112 0.958287
0.109054 0.22503 0.96823
0.0684487 0.277323 0.958335
0.00134026 0.273386 0.961903
-0.065553 0.267611 0.961294
-0.132068 0.259827 0.956581
-0.158134 0.202332 0.966465
-0.182942 0.143525 0.972591
-0.247017 0.128705 0.960426
-0.268962 0.0660274 0.960885
-0.288553 -0.000149255 0.957464
-0.278046 -0.0732127 0.957774
-0.25083 -0.133253 0.958816
-0.182953 -0.14435 0.972467
-0.155531 -0.201028 0.96716
-0.127181 -0.257241 0.957942
-0.060397 -0.263634 0.96273
0.00613717 -0.269224 0.963058
0.0733612 -0.274541 0.958773
0.112567 -0.222529 0.968406
0.178212 -0.223531 0.958266
0.215486 -0.168716 0.961822
0.250975 -0.112786 0.9614
0.221704 -0.0560205 0.973504
0.315703 0.0013709 0.948857
0.283594 0.0587363 0.957144
0.311833 0.115736 0.943062
0.27667 0.171807 0.945482
0.239568 0.226736 0.944033
0.200711 0.28034 0.938683
0.134999 0.279293 0.950669
0.094045 0.330874 0.938977
0.0273391 0.327902 0.944316
-0.0392725 0.323143 0.945535
-0.105664 0.316281 0.942763
-0.171758 0.306886 0.93612
-0.198186 0.249213 0.947953
-0.223669 0.190044 0.955958
-0.286696 0.177234 0.941485
-0.30868 0.116603 0.943992
-0.328065 0.055558 0.94302
-0.347066 -0.00286089 0.937836
-0.335023 -0.0604839 0.940267
-0.314764 -0.12273 0.941202
-0.288473 -0.181415 0.940144
-0.222884 -0.191259 0.955899
-0.194558 -0.248409 0.948915
-0.165569 -0.304592 0.937982
-0.0984022 -0.312878 0.944682
-0.0319122 -0.319437 0.94707
0.0341908 -0.324731 0.945188
0.100362 -0.328904 0.939015
0.139616 -0.27703 0.950664
0.204824 -0.277894 0.938521
0.242789 -0.223961 0.943872
0.279119 -0.168935 0.94528
0.313522 -0.112889 0.942847
0.284418 -0.0559746 0.957065
0.376254 0.00131128 0.926516
0.344994 0.0587768 0.936763
0.372912 0.115799 0.920613
0.339 0.172017 0.924927
0.303108 0.227129 0.925494
0.265341 0.280975 0.922305
0.225911 0.333441 0.915304
0.160388 0.332494 0.929367
0.119087 0.383244 0.915938
0.0528598 0.381237 0.922965
-0.0133087 0.377535 0.9259
-0.0793362 0.371682 0.924964
-0.145115 0.363395 0.920264
-0.210313 0.352993 0.911682
-0.23698 0.295661 0.925432
-0.262781 0.237173 0.935251
-0.326113 0.222953 0.918663
-0.349105 0.16212 0.922953
-0.370087 0.0997444 0.923627
-0.39018 0.0360327 0.920033
-0.396189 -0.0366834 0.917436
-0.375868 -0.103462 0.92088
-0.352916 -0.167375 0.920563
-0.326279 -0.226957 0.917624
-0.260807 -0.23881 0.935387
-0.232234 -0.295336 0.926738
-0.202874 -0.350938 0.914158
-0.136262 -0.359985 0.922954
-0.0699346 -0.368169 0.927125
-0.00415317 -0.374563 0.927192
0.0612591 -0.379307 0.923241
0.126439 -0.382464 0.915278
0.165804 -0.330786 0.929026
0.230424 -0.331281 0.914963
0.269064 -0.278304 0.922037
0.306171 -0.224296 0.925176
0.341405 -0.169183 0.924565
0.374629 -0.113076 0.920254
0.345886 -0.0560311 0.936602
0.435198 0.00113539 0.900334
0.404895 0.0587149 0.912476
0.432309 0.11576 0.894264
0.399746 0.172113 0.900322
0.365164 0.227372 0.90275
0.328609 0.281389 0.901574
0.290243 0.334056 0.896753
0.250307 0.385299 0.888195
0.185128 0.384475 0.904382
0.143475 0.434235 0.8893
0.0778219 0.43324 0.897913
0.0122309 0.430655 0.902434
-0.053277 0.425889 0.903205
-0.118586 0.418722 0.900338
-0.183456 0.409273 0.893778
-0.247785 0.397586 0.883475
-0.274889 0.340543 0.899148
-0.301305 0.282468 0.910729
-0.364026 0.268074 0.891976
-0.387627 0.208173 0.898003
-0.409059 0.1471 0.900573
-0.428575 0.0854004 0.899461
-0.444076 0.0224246 0.895709
-0.451858 -0.0360592 0.891361
-0.432615 -0.0938134 0.896685
-0.412107 -0.154404 0.897957
-0.388643 -0.214986 0.895956
-0.362127 -0.273351 0.891147
-0.298183 -0.284524 0.911116
-0.269084 -0.340749 0.900824
-0.239195 -0.395826 0.886627
-0.173054 -0.405733 0.897459
-0.10745 -0.415088 0.903414
-0.0421606 -0.42293 0.905181
0.0227832 -0.428788 0.903118
0.0873567 -0.432796 0.897249
0.151494 -0.434972 0.887609
0.190978 -0.383553 0.903556
0.254888 -0.383473 0.887683
0.294207 -0.331565 0.896386
0.332065 -0.278703 0.901142
0.368075 -0.224668 0.902245
0.402082 -0.169503 0.899777
0.434043 -0.113367 0.893731
0.405844 -0.0561982 0.912213
0.492261 0.000827739 0.870447
0.463016 0.0585408 0.884414
0.489752 0.115619 0.864162
0.45863 0.172113 0.8718
0.425448 0.22751 0.875918
0.3902 0.281673 0.876587
0.353016 0.334506 0.873777
0.314107 0.385921 0.867411
0.273744 0.435858 0.857375
0.209121 0.435101 0.87576
0.167114 0.483658 0.859155
0.102162 0.483752 0.869222
0.0372866 0.482345 0.875187
-0.0275697 0.478724 0.877532
-0.0922971 0.472707 0.876373
-0.156688 0.464331 0.871691
-0.220588 0.453606 0.863471
-0.283867 0.440698 0.85159
-0.311462 0.384101 0.86917
-0.33852 0.326726 0.882414
-0.400768 0.311576 0.861571
-0.425183 0.252293 0.869234
-0.447475 0.191507 0.873551
-0.467688 0.129154 0.874407
-0.485016 0.0640725 0.872155
-0.499958 -0.0038583 0.866041
-0.492483 -0.075229 0.867065
-0.471002 -0.138526 0.871188
-0.448612 -0.200421 0.870965
-0.424007 -0.260587 0.86736
-0.396986 -0.318486 0.860796
-0.333907 -0.330072 0.882926
-0.304467 -0.385441 0.871054
-0.274152 -0.439608 0.855328
-0.208652 -0.449871 0.868378
-0.143882 -0.460504 0.875919
-0.0794257 -0.469616 0.879291
-0.01509 -0.476744 0.878913
0.0489734 -0.48185 0.874884
0.112532 -0.48506 0.86721
0.175507 -0.486213 0.856034
0.215022 -0.435087 0.874336
0.278101 -0.434251 0.856788
0.318105 -0.383579 0.866993
0.356685 -0.332013 0.873237
0.393434 -0.279195 0.875934
0.428189 -0.225128 0.875198
0.460878 -0.169934 0.871042
0.491506 -0.113791 0.863408
0.464032 -0.0564899 0.884016
0.547183 0.000367082 0.837013
0.519081 0.058243 0.852738
0.544974 0.115371 0.830477
0.515376 0.172026 0.83952
0.48366 0.227574 0.845153
0.449778 0.281898 0.847487
0.413835 0.334905 0.84651
0.376029 0.38652 0.842143
0.336615 0.436652 0.834282
0.295926 0.485229 0.822789
0.232255 0.484293 0.843515
0.189934 0.531339 0.825593
0.125869 0.532621 0.836942
0.0618733 0.532449 0.844198
-0.00219763 0.530005 0.847992
-0.0662449 0.525157 0.848423
-0.130067 0.517921 0.845482
-0.193468 0.5083 0.839167
-0.256269 0.496336 0.829444
-0.318397 0.482135 0.816192
-0.346588 0.426034 0.835686
-0.374456 0.369444 0.850467
-0.435919 0.353954 0.827461
-0.461061 0.295742 0.836636
-0.48401 0.236132 0.842601
-0.504625 0.175253 0.845364
-0.522457 0.113127 0.845128
-0.537517 0.0509829 0.84171
-0.551616 -0.00867884 0.834053
-0.54418 -0.0670759 0.836283
-0.526251 -0.127775 0.840674
-0.505404 -0.188133 0.842124
-0.482518 -0.248079 0.84002
-0.457211 -0.306809 0.834761
-0.429634 -0.363797 0.826478
-0.36831 -0.374581 0.850904
-0.338397 -0.429113 0.837466
-0.307699 -0.482232 0.820228
-0.242768 -0.492434 0.835806
-0.179079 -0.504278 0.844769
-0.115595 -0.514683 0.849553
-0.0520135 -0.522974 0.85076
0.0115564 -0.529206 0.848415
0.0746376 -0.53359 0.842443
0.137037 -0.535931 0.833066
0.198677 -0.535989 0.820514
0.237872 -0.485157 0.841451
0.299936 -0.483441 0.822389
0.340608 -0.434247 0.833916
0.379864 -0.384153 0.841504
0.417301 -0.332692 0.84568
0.452775 -0.279853 0.846567
0.486196 -0.225747 0.844187
0.517515 -0.170528 0.83851
0.54676 -0.114384 0.829439
0.520192 -0.05693 0.85215
0.599723 -0.000264802 0.800207
0.572822 0.0578043 0.817639
0.597737 0.114989 0.793403
0.569737 0.171824 0.803664
0.539526 0.227549 0.810637
0.507027 0.282072 0.814468
0.472319 0.335317 0.815155
0.435564 0.387219 0.812616
0.397001 0.437726 0.806713
0.356941 0.486735 0.797297
0.315905 0.534143 0.784153
0.254357 0.532141 0.807544
0.212039 0.577134 0.788641
0.149173 0.5797 0.801059
0.0862632 0.580801 0.809462
0.0230977 0.579543 0.814614
-0.0402123 0.57586 0.816559
-0.10345 0.569788 0.815255
-0.166366 0.561335 0.810694
-0.22873 0.550509 0.802884
-0.290364 0.537302 0.79183
-0.351211 0.521796 0.777418
-0.380014 0.466282 0.798856
-0.408823 0.410758 0.814949
-0.469477 0.394824 0.78975
-0.495432 0.337665 0.800331
-0.519228 0.27898 0.807819
-0.540707 0.218818 0.812253
-0.55962 0.157113 0.813721
-0.576097 0.0940303 0.811955
-0.591087 0.0295812 0.806065
-0.596151 -0.0418619 0.80178
-0.580553 -0.109479 0.806829
-0.560858 -0.17304 0.809627
-0.538904 -0.234324 0.80912
-0.514759 -0.294131 0.805301
-0.488175 -0.352447 0.798415
-0.459243 -0.409283 0.788406
-0.400375 -0.419131 0.81488
-0.36992 -0.472825 0.799747
-0.339337 -0.524766 0.780686
-0.275371 -0.533231 0.799897
-0.213082 -0.546361 0.809991
-0.150821 -0.557953 0.816053
-0.0880033 -0.567315 0.818785
-0.0246639 -0.574517 0.818121
0.0383531 -0.580088 0.81365
0.100691 -0.58371 0.805695
0.162108 -0.585105 0.79459
0.222256 -0.584084 0.780672
0.25958 -0.533586 0.804925
0.32009 -0.531112 0.784514
0.361358 -0.483714 0.797146
0.401229 -0.435279 0.805945
0.439318 -0.385282 0.811516
0.475503 -0.333746 0.813947
0.509681 -0.2808 0.813251
0.541767 -0.226601 0.809407
0.571715 -0.171321 0.802366
0.599562 -0.115147 0.792002
0.57408 -0.057542 0.816775
0.649683 -0.00105111 0.760205
0.623989 0.0572038 0.779336
0.647851 0.114414 0.753126
0.621536 0.171405 0.764404
0.592874 0.22729 0.772554
0.561776 0.282015 0.777737
0.528289 0.335528 0.779956
0.492512 0.387791 0.779134
0.454558 0.438813 0.775126
0.414532 0.488682 0.767694
0.372333 0.537579 0.756556
0.327342 0.586524 0.740835
0.275006 0.579464 0.767198
0.236449 0.620204 0.747957
0.174253 0.624442 0.761386
0.112077 0.626994 0.77092
0.049494 0.627002 0.777444
-0.0133682 0.624513 0.7809
-0.0762851 0.619604 0.781198
-0.138981 0.612344 0.778279
-0.201141 0.602725 0.772182
-0.262523 0.590733 0.762965
-0.322935 0.576327 0.750706
-0.38234 0.559504 0.735372
-0.411591 0.504625 0.758912
-0.441543 0.450452 0.775972
-0.501057 0.434549 0.748404
-0.527774 0.378646 0.760317
-0.552383 0.321124 0.769255
-0.574691 0.262144 0.775249
-0.594463 0.201846 0.778378
-0.611626 0.140561 0.778561
-0.626469 0.0788008 0.775453
-0.637929 0.0164625 0.769919
-0.629375 -0.100779 0.770539
-0.612266 -0.16129 0.774026
-0.592251 -0.221679 0.774659
-0.569647 -0.28121 0.772284
-0.544478 -0.339645 0.766932
-0.516737 -0.396753 0.758663
-0.486506 -0.45244 0.747402
-0.428127 -0.465008 0.774903
-0.394502 -0.520472 0.757283
-0.358571 -0.580124 0.731357
-0.307837 -0.571693 0.760528
-0.247217 -0.58627 0.771474
-0.186446 -0.599082 0.778677
-0.124464 -0.609302 0.783109
-0.0607749 -0.617206 0.784451
0.00294168 -0.62387 0.781523
0.0664294 -0.628678 0.774823
0.129849 -0.631155 0.764711
0.193605 -0.630941 0.751286
0.258643 -0.627496 0.734407
0.280598 -0.580544 0.764352
0.335304 -0.579358 0.74291
0.378407 -0.533349 0.756536
0.419454 -0.486327 0.766515
0.458528 -0.437585 0.77348
0.495657 -0.387192 0.777436
0.530773 -0.335292 0.778369
0.563794 -0.282047 0.776264
0.594639 -0.227622 0.771098
0.62327 -0.172185 0.762815
0.649736 -0.115919 0.751269
0.625475 -0.0583058 0.778063
0.696946 -0.00186964 0.717121
0.672375 0.0564357 0.738056
0.6952 0.113576 0.709787
0.670682 0.170597 0.721861
0.64366 0.226526 0.731018
0.614066 0.281328 0.737412
0.58195 0.334949 0.741042
0.547402 0.387329 0.74184
0.510522 0.438416 0.739702
0.471402 0.48819 0.734473
0.430089 0.536665 0.725957
0.386208 0.583628 0.714298
0.338913 0.629275 0.699394
0.279926 0.64143 0.714289
0.207539 0.663961 0.718389
0.142728 0.669693 0.728793
0.0790116 0.671549 0.736735
0.0155489 0.670516 0.741732
-0.0477758 0.66687 0.743641
-0.110854 0.660793 0.742337
-0.14538 0.698888 0.7003
-0.173427 0.652403 0.737763
-0.235121 0.641646 0.730074
-0.2957 0.62851 0.7194
-0.354938 0.612909 0.705947
-0.441179 0.540963 0.716045
-0.472369 0.488711 0.733504
-0.529929 0.474016 0.703196
-0.557468 0.419204 0.716587
-0.583087 0.362509 0.727047
-0.606496 0.304243 0.734574
-0.627436 0.244548 0.73927
-0.645777 0.183535 0.741139
-0.661587 0.121219 0.740005
-0.674579 0.0569432 0.736003
-0.684661 -0.00975144 0.728796
-0.643796 -0.0425159 0.764015
-0.662572 -0.144194 0.734987
-0.643733 -0.206289 0.736921
-0.62243 -0.266751 0.735816
-0.598564 -0.325723 0.731865
-0.572134 -0.383219 0.725125
-0.543216 -0.43912 0.715604
-0.511967 -0.493225 0.703291
-0.453658 -0.506768 0.733062
-0.417078 -0.559735 0.716061
-0.385981 -0.614813 0.687768
-0.28975 -0.619318 0.729719
-0.227227 -0.636215 0.737291
-0.164712 -0.648036 0.743585
-0.137426 -0.691913 0.708781
-0.0992104 -0.656474 0.747796
-0.0347127 -0.664382 0.746587
0.0289337 -0.670451 0.74139
0.0920556 -0.674054 0.732924
0.154828 -0.674794 0.721582
0.217375 -0.67228 0.707663
0.279382 -0.66671 0.690973
0.325586 -0.626698 0.707985
0.387207 -0.584577 0.71298
0.432354 -0.538084 0.723558
0.473624 -0.489989 0.731841
0.512367 -0.440335 0.737282
0.548849 -0.389202 0.739788
0.583108 -0.336714 0.73933
0.615111 -0.283014 0.735895
0.644804 -0.22825 0.729472
0.672164 -0.172574 0.72001
0.697264 -0.116167 0.707339
0.674229 -0.0590565 0.736157
0.741557 -0.00237383 0.670886
0.717827 0.0555447 0.694003
0.739766 0.112301 0.663427
0.717151 0.169136 0.676082
0.691846 0.224974 0.686102
0.663824 0.279778 0.693586
0.633153 0.333476 0.698506
0.599929 0.385981 0.700787
0.564257 0.437203 0.700333
0.526242 0.487053 0.697029
0.486003 0.535447 0.690722
0.443732 0.582241 0.681247
0.399584 0.626511 0.669191
0.355338 0.668034 0.653809
0.298748 0.681011 0.668561
0.240294 0.694322 0.678363
0.174333 0.707305 0.685075
0.109686 0.71218 0.693375
0.0456144 0.71312 0.699557
-0.0182475 0.710995 0.70296
-0.0819478 0.706168 0.703286
-0.179718 0.733571 0.65542
-0.208253 0.689305 0.693894
-0.270078 0.677207 0.684433
-0.330846 0.662469 0.672069
-0.390666 0.644603 0.657167
-0.412757 0.594774 0.689837
-0.469552 0.574894 0.670089
-0.50085 0.526382 0.687074
-0.551191 0.518786 0.653491
-0.58207 0.46184 0.669252
-0.609904 0.404489 0.681473
-0.635026 0.346326 0.690508
-0.657417 0.2872 0.696649
-0.677015 0.22715 0.700038
-0.693809 0.166351 0.700683
-0.707676 0.105005 0.698691
-0.718681 0.0438816 0.693954
-0.679449 -0.0802169 0.729325
-0.708548 -0.133691 0.692883
-0.691547 -0.193449 0.695946
-0.67198 -0.253067 0.695989
-0.649625 -0.31193 0.693316
-0.624468 -0.36975 0.687986
-0.596503 -0.426395 0.679979
-0.565669 -0.481857 0.669203
-0.531689 -0.536322 0.655489
-0.478559 -0.545039 0.688414
-0.467748 -0.649544 0.59942
-0.444168 -0.593408 0.671254
-0.425101 -0.639865 0.640205
-0.330843 -0.640916 0.692654
-0.268495 -0.667774 0.694254
-0.206176 -0.683149 0.70057
-0.174088 -0.723231 0.668304
-0.0721602 -0.701639 0.708869
-0.0083558 -0.70936 0.704796
0.0546563 -0.714468 0.69753
0.116925 -0.716737 0.687471
0.178163 -0.71598 0.675004
0.237627 -0.712531 0.660176
0.294726 -0.705948 0.64403
0.340889 -0.66807 0.661421
0.38823 -0.630073 0.672522
0.440406 -0.587274 0.679082
0.484929 -0.54053 0.687511
0.525746 -0.491863 0.694019
0.56388 -0.441577 0.69789
0.599601 -0.389838 0.698931
0.632964 -0.336803 0.69708
0.66394 -0.282621 0.692321
0.692481 -0.227434 0.684649
0.718573 -0.171383 0.674004
0.742322 -0.114654 0.660161
0.720342 -0.0592996 0.691079
0.784029 -0.00167038 0.620722
0.760302 0.0545209 0.647278
0.782005 0.108366 0.613779
0.761317 0.165295 0.626956
0.737708 0.221301 0.637819
0.711225 0.276349 0.646367
0.681956 0.330357 0.652534
0.649996 0.383234 0.65623
0.615431 0.434888 0.657357
0.578322 0.48524 0.655809
0.538683 0.534241 0.651466
0.496451 0.581938 0.644115
0.451572 0.628585 0.633217
0.40363 0.673614 0.619134
0.338109 0.711686 0.61578
0.273324 0.726009 0.631035
0.20871 0.738525 0.641109
0.142266 0.748116 0.648137
0.077072 0.751855 0.654808
0.0125139 0.751665 0.659427
-0.0517587 0.74831 0.661327
-0.115851 0.742175 0.660117
-0.149418 0.774712 0.614406
-0.213728 0.764622 0.608007
-0.243006 0.722719 0.647013
-0.304794 0.70906 0.635873
-0.365464 0.692215 0.622313
-0.425504 0.670597 0.607656
-0.450571 0.622291 0.640109
-0.516083 0.576613 0.633384
-0.571277 0.554039 0.605544
-0.604373 0.499078 0.62101
-0.634117 0.442869 0.633847
-0.66093 0.385558 0.643829
-0.684894 0.327109 0.651092
-0.706001 0.267545 0.65573
-0.724251 0.206936 0.657753
-0.739604 0.145307 0.657169
-0.752127 0.0827168 0.653807
-0.762296 0.0191659 0.646945
-0.727069 -0.0156795 0.686386
-0.722434 -0.0742864 0.687438
-0.738127 -0.174888 0.6516
-0.719637 -0.235801 0.653085
-0.698555 -0.295495 0.651693
-0.674712 -0.353875 0.647717
-0.648089 -0.410838 0.641243
-0.618734 -0.466242 0.632287
-0.586787 -0.519833 0.62085
-0.552757 -0.57105 0.606927
-0.494051 -0.59048 0.638159
-0.518209 -0.618942 0.590229
-0.410179 -0.686642 0.600231
-0.367977 -0.667226 0.647613
-0.309733 -0.692282 0.651776
-0.248579 -0.713768 0.654785
-0.209668 -0.749997 0.627331
-0.145591 -0.765761 0.626429
-0.108745 -0.735488 0.668754
-0.0448471 -0.745071 0.665476
0.0186713 -0.75175 0.659184
0.0821142 -0.755444 0.650048
0.145681 -0.756005 0.638148
0.209639 -0.753359 0.623299
0.274938 -0.747425 0.604786
0.342519 -0.714994 0.609479
0.393167 -0.675096 0.624232
0.442446 -0.63361 0.634649
0.491597 -0.588934 0.641474
0.535412 -0.541414 0.648232
0.575655 -0.492006 0.653109
0.613104 -0.441004 0.655453
0.648016 -0.388579 0.655043
0.680449 -0.334872 0.651805
0.710382 -0.279988 0.645728
0.737769 -0.223973 0.636815
0.762621 -0.166767 0.624978
0.785136 -0.10809 0.609818
0.764076 -0.0576675 0.642544
0.830097 0.0193906 0.557282
0.800283 0.0504036 0.597501
0.822342 0.0934661 0.561264
0.803648 0.154646 0.574661
0.78158 0.212801 0.586386
0.756506 0.269222 0.596003
0.728552 0.324234 0.603394
0.697825 0.377919 0.608455
0.664408 0.430261 0.611095
0.628359 0.481206 0.611233
0.589697 0.530689 0.608791
0.54837 0.578634 0.603717
0.504264 0.625066 0.595827
0.457712 0.670405 0.584
0.40716 0.711537 0.572657
0.357505 0.742258 0.566784
0.298064 0.756282 0.582404
0.236698 0.769397 0.593297
0.173529 0.779561 0.601808
0.108614 0.786369 0.608134
0.043832 0.788582 0.613366
-0.0207019 0.787051 0.61654
-0.0850914 0.782314 0.617045
-0.117859 0.81291 0.570339
-0.18235 0.803635 0.566497
-0.247261 0.791756 0.558556
-0.277616 0.752515 0.597203
-0.338836 0.737171 0.58461
-0.398542 0.717842 0.570848
-0.456556 0.692736 0.558277
-0.48602 0.639336 0.595847
-0.537163 0.607389 0.585265
-0.592559 0.584913 0.553851
-0.624932 0.533102 0.570318
-0.655789 0.478701 0.583769
-0.684047 0.422611 0.594542
-0.709474 0.365088 0.602791
-0.732012 0.306235 0.608587
-0.751627 0.246126 0.611947
-0.768255 0.184753 0.612903
-0.781831 0.121977 0.611443
-0.792277 0.0571758 0.607477
-0.764202 -0.0475224 0.643224
-0.754176 -0.112576 0.64695
-0.780659 -0.152816 0.605986
-0.763944 -0.216194 0.607988
-0.744339 -0.277283 0.607514
-0.721858 -0.336723 0.604598
-0.696441 -0.394667 0.59934
-0.668055 -0.451166 0.591736
-0.63667 -0.506261 0.58168
-0.602333 -0.560044 0.568811
-0.565617 -0.612827 0.551834
-0.513355 -0.661704 0.546457
-0.455592 -0.695367 0.555788
-0.396827 -0.729862 0.556623
-0.351838 -0.71432 0.604943
-0.292855 -0.737786 0.6082
-0.247656 -0.770812 0.586954
-0.184686 -0.791435 0.582684
-0.121645 -0.805718 0.579673
-0.0824162 -0.777324 0.623679
-0.0193993 -0.785575 0.618463
0.0435622 -0.790675 0.610685
0.106363 -0.792602 0.600391
0.168687 -0.791342 0.587642
0.230021 -0.786836 0.572694
0.289008 -0.780421 0.554453
0.340728 -0.753307 0.562523
0.395929 -0.716646 0.574159
0.446192 -0.67649 0.585896
0.494616 -0.633863 0.59462
0.541364 -0.588218 0.60077
0.584067 -0.540036 0.605992
0.623452 -0.489975 0.609288
0.660012 -0.438338 0.610118
0.693932 -0.385321 0.608265
0.725238 -0.331072 0.603673
0.753874 -0.275684 0.596383
0.779748 -0.219163 0.586481
0.802786 -0.161371 0.574016
0.822914 -0.101851 0.558962
0.806152 -0.0469671 0.589841
0.863405 0.0196854 0.504127
0.854655 0.0786556 0.513204
0.873929 0.125157 0.469663
0.840913 0.14241 0.522096
0.82142 0.202264 0.533253
0.798288 0.259888 0.543318
0.771977 0.315878 0.551609
0.742699 0.370426 0.557837
0.710585 0.423566 0.561837
0.67571 0.475262 0.563509
0.638093 0.525458 0.562789
0.597686 0.574092 0.559634
0.554274 0.621088 0.554103
0.507403 0.666677 0.545971
0.455413 0.712559 0.533721
0.399295 0.754712 0.520551
0.330335 0.781428 0.529385
0.267394 0.796784 0.541882
0.204317 0.808612 0.551725
0.140457 0.816908 0.559404
0.0757686 0.821587 0.565025
0.0110978 0.822194 0.569099
-0.0534262 0.819183 0.571039
-0.085546 0.847935 0.523151
-0.149793 0.840032 0.521449
-0.214099 0.828923 0.516767
-0.279159 0.81489 0.507962
-0.312817 0.778369 0.544323
-0.373682 0.76078 0.530636
-0.433399 0.737804 0.517504
-0.491906 0.710008 0.503902
-0.51027 0.66588 0.544269
-0.559374 0.634238 0.533706
-0.604812 0.622105 0.49718
-0.640752 0.56876 0.515702
-0.673425 0.51431 0.531021
-0.703587 0.458722 0.542715
-0.730713 0.401882 0.55186
-0.754781 0.343792 0.558671
-0.775799 0.284547 0.563177
-0.793723 0.22428 0.565422
-0.808465 0.163166 0.565475
-0.819885 0.101427 0.563472
-0.79765 -0.0128051 0.602985
-0.79352 -0.0849509 0.602586
-0.817732 -0.138879 0.558595
-0.803794 -0.199475 0.560468
-0.786313 -0.259563 0.560659
-0.765615 -0.318792 0.558754
-0.74176 -0.376963 0.554699
-0.714716 -0.433937 0.548525
-0.684384 -0.48968 0.540214
-0.650535 -0.544325 0.529636
-0.662704 -0.577448 0.476841
-0.612423 -0.598541 0.516417
-0.561018 -0.65516 0.505988
-0.49698 -0.704099 0.507204
-0.440295 -0.739088 0.509793
-0.382785 -0.770791 0.50927
-0.338508 -0.756877 0.559061
-0.287792 -0.786936 0.54581
-0.226521 -0.811321 0.53893
-0.163333 -0.829265 0.534455
-0.0999996 -0.841992 0.530141
-0.0586119 -0.815887 0.575233
0.00454222 -0.822612 0.568585
0.0678336 -0.826039 0.559516
0.131222 -0.826171 0.547926
0.194773 -0.822908 0.533747
0.258842 -0.816302 0.516384
0.329031 -0.795588 0.508703
0.389311 -0.757319 0.524314
0.445423 -0.717947 0.53493
0.496081 -0.676273 0.544572
0.543836 -0.632173 0.551906
0.588976 -0.58545 0.557095
0.630553 -0.536488 0.560878
0.668946 -0.485745 0.562639
0.704471 -0.433507 0.561953
0.737244 -0.379985 0.558644
0.767247 -0.325337 0.552709
0.794382 -0.269659 0.54428
0.818506 -0.212955 0.533571
0.839451 -0.155159 0.520814
0.856967 -0.0962509 0.506303
0.840273 -0.0394421 0.540727
0.895494 -0.00312207 0.445063
0.886205 0.0613786 0.459209
0.902833 0.113142 0.414838
0.888693 0.17392 0.424237
0.857492 0.188021 0.478911
0.836564 0.247638 0.488709
0.81207 0.304992 0.497517
0.784393 0.360597 0.504675
0.753735 0.414641 0.50986
0.720204 0.467152 0.512908
0.68385 0.518087 0.513746
0.644662 0.56737 0.51235
0.602562 0.614898 0.508743
0.557324 0.660433 0.503207
0.508303 0.703847 0.496213
0.458301 0.746616 0.482208
0.413993 0.7818 0.466259
0.35815 0.800976 0.479757
0.296509 0.820468 0.48879
0.234467 0.834194 0.499144
0.171509 0.844253 0.507762
0.107706 0.850706 0.514488
0.0432888 0.853508 0.519278
-0.0211859 0.852499 0.5223
-0.0529258 0.879376 0.473177
-0.117017 0.873232 0.473046
-0.180848 0.863661 0.470515
-0.244548 0.850658 0.465378
-0.308928 0.834124 0.456947
-0.347246 0.800396 0.488658
-0.406431 0.780351 0.475254
-0.464172 0.755148 0.462921
-0.520103 0.725284 0.451062
-0.551497 0.675997 0.488752
-0.61245 0.652754 0.445889
-0.652994 0.601234 0.46056
-0.687857 0.547415 0.476643
-0.719795 0.492707 0.489014
-0.748689 0.43665 0.498799
-0.774423 0.379208 0.506429
-0.797029 0.320485 0.511892
-0.816502 0.260622 0.51517
-0.832785 0.199778 0.516293
-0.84578 0.138105 0.515347
-0.827401 0.0393068 0.560235
-0.831746 -0.0207893 0.554768
-0.828385 -0.0794626 0.554495
-0.841706 -0.177083 0.510072
-0.825922 -0.237954 0.511108
-0.806819 -0.297782 0.510264
-0.784522 -0.356484 0.50739
-0.75903 -0.41393 0.50253
-0.730287 -0.469988 0.495775
-0.698213 -0.524545 0.487187
-0.669125 -0.611258 0.422654
-0.623274 -0.628079 0.465883
-0.584436 -0.672401 0.454215
-0.534666 -0.707944 0.461463
-0.480273 -0.74675 0.460111
-0.424534 -0.779917 0.459893
-0.36924 -0.810707 0.454331
-0.328708 -0.800188 0.501648
-0.269069 -0.826411 0.494618
-0.206367 -0.847555 0.48894
-0.142787 -0.863416 0.483865
-0.079048 -0.874555 0.47844
-0.0366162 -0.850684 0.5244
0.0268321 -0.855807 0.516599
0.0902807 -0.857499 0.506502
0.15358 -0.855748 0.494073
0.21645 -0.850543 0.479297
0.279326 -0.840213 0.464779
0.335832 -0.824881 0.45474
0.387341 -0.790899 0.473757
0.442239 -0.754997 0.484153
0.495144 -0.715434 0.492937
0.544472 -0.672918 0.50073
0.590921 -0.627776 0.506666
0.634522 -0.580144 0.5107
0.67486 -0.530419 0.513049
0.712125 -0.478985 0.513275
0.746499 -0.426114 0.511044
0.778031 -0.372002 0.506243
0.806666 -0.316748 0.498959
0.832278 -0.260305 0.489443
0.854702 -0.202441 0.47802
0.873763 -0.142679 0.464952
0.889559 -0.0802196 0.449722
0.871939 -0.0378798 0.488147
0.92045 -0.00730734 0.390793
0.913228 0.0525657 0.404045
0.929183 0.0951697 0.357157
0.916825 0.157281 0.367007
0.900644 0.218007 0.375917
0.870461 0.234128 0.432992
0.848193 0.292406 0.441664
0.822411 0.348888 0.449353
0.793424 0.40376 0.455474
0.761408 0.457081 0.459712
0.726447 0.508818 0.46193
0.688554 0.558897 0.462091
0.647676 0.607225 0.460211
0.603687 0.653687 0.456349
0.556192 0.697884 0.45123
0.50503 0.739919 0.44437
0.451916 0.788006 0.418113
0.389201 0.818493 0.422601
0.328475 0.838513 0.434742
0.265963 0.855535 0.444211
0.203169 0.867748 0.453581
0.139736 0.876157 0.461326
0.0757277 0.880902 0.467202
0.0113796 0.881985 0.471141
-0.0844839 0.902676 0.421946
-0.148214 0.894927 0.420878
-0.211459 0.88367 0.417628
-0.274238 0.868757 0.412377
-0.337107 0.849279 0.406304
-0.381948 0.818102 0.429912
-0.44 0.794903 0.417768
-0.497282 0.766523 0.40639
-0.553242 0.734333 0.393292
-0.572764 0.695034 0.434591
-0.613322 0.688583 0.386898
-0.656906 0.635578 0.405606
-0.703529 0.608831 0.366566
-0.69721 0.580062 0.42122
-0.731992 0.525494 0.43364
-0.76293 0.469981 0.44391
-0.790482 0.413061 0.452237
-0.814781 0.354737 0.458577
-0.835875 0.295112 0.462841
-0.853736 0.234321 0.465005
-0.868277 0.172492 0.465125
-0.855197 0.0756615 0.512752
-0.861266 0.0129146 0.50799
-0.861638 -0.0515339 0.504901
-0.854261 -0.115403 0.506872
-0.862222 -0.212644 0.459735
-0.84487 -0.273658 0.459681
-0.824192 -0.333355 0.457802
-0.800256 -0.391706 0.454045
-0.773005 -0.448655 0.448521
-0.74229 -0.504182 0.441368
-0.707847 -0.558349 0.432664
-0.719579 -0.58334 0.376724
-0.683499 -0.631081 0.366833
-0.627054 -0.662769 0.409317
-0.572674 -0.711245 0.407646
-0.519498 -0.7494 0.410514
-0.464525 -0.785479 0.408949
-0.409114 -0.817605 0.405152
-0.351299 -0.846525 0.399981
-0.310707 -0.838097 0.448391
-0.249216 -0.861371 0.442642
-0.186119 -0.880021 0.436946
-0.1224 -0.893916 0.431198
-0.0585207 -0.903386 0.424817
-0.0152207 -0.881695 0.471575
0.0487087 -0.885148 0.462754
0.112808 -0.884993 0.451731
0.177253 -0.881112 0.438432
0.243113 -0.872476 0.42389
0.310338 -0.858593 0.408054
0.383446 -0.823551 0.418011
0.438221 -0.788975 0.430675
0.491552 -0.751488 0.440049
0.542545 -0.710713 0.447807
0.590501 -0.667061 0.454244
0.635581 -0.620835 0.458912
0.677726 -0.572284 0.461712
0.716751 -0.52178 0.462616
0.752748 -0.469668 0.461284
0.785796 -0.416212 0.457484
0.815875 -0.361583 0.451228
0.842869 -0.305792 0.442789
0.866603 -0.248693 0.43261
0.886844 -0.190041 0.42118
0.90339 -0.129613 0.408763
0.92936 -0.108699 0.352808
0.914985 -0.0660925 0.398038
0.956792 0.0200805 0.29008
0.937841 0.0308389 0.345693
0.950824 0.080885 0.298983
0.940708 0.141341 0.308367
0.926737 0.20135 0.317202
0.908924 0.260572 0.325514
0.8806 0.277321 0.384235
0.856822 0.334815 0.392116
0.829631 0.390601 0.398927
0.799255 0.44478 0.404181
0.765822 0.497352 0.407623
0.729393 0.548241 0.409166
0.689983 0.597321 0.408818
0.6476 0.644427 0.406605
0.602374 0.689278 0.402545
0.554838 0.730934 0.397353
0.504728 0.768827 0.392626
0.421246 0.827797 0.370545
0.359146 0.853211 0.378212
0.297534 0.872054 0.388582
0.234828 0.887011 0.397576
0.1717 0.897591 0.406016
0.108008 0.904359 0.412878
0.0438882 0.90745 0.417862
-0.0203836 0.906883 0.42089
-0.0524964 0.928028 0.368793
-0.116525 0.922148 0.368869
-0.180087 0.912662 0.366901
-0.243063 0.899498 0.363076
-0.305508 0.882182 0.358358
-0.367245 0.859198 0.356245
-0.41745 0.830136 0.369609
-0.473981 0.803921 0.35924
-0.529395 0.773585 0.348293
-0.583547 0.737067 0.340889
-0.631355 0.702644 0.32815
-0.665225 0.659814 0.349458
-0.705366 0.637686 0.309539
-0.744656 0.585508 0.320419
-0.740648 0.555868 0.377427
-0.773544 0.50145 0.387528
-0.802835 0.445381 0.396348
-0.828803 0.387676 0.403476
-0.851516 0.328447 0.408708
-0.870964 0.267833 0.411931
-0.887061 0.205976 0.413155
-0.879288 0.10968 0.463491
-0.886703 0.0460514 0.460041
-0.889235 -0.0193342 0.457042
-0.885646 -0.0858149 0.456363
-0.876171 -0.150338 0.457955
-0.879168 -0.246894 0.407562
-0.860397 -0.3076 0.406324
-0.838358 -0.366655 0.403385
-0.813158 -0.423961 0.398787
-0.78486 -0.479353 0.392704
-0.753579 -0.532594 0.385308
-0.75942 -0.562773 0.326447
-0.723572 -0.613129 0.317044
-0.646151 -0.675901 0.354467
-0.601645 -0.715295 0.355495
-0.552246 -0.75363 0.356465
-0.500546 -0.788841 0.356629
-0.446615 -0.821887 0.353605
-0.390205 -0.851797 0.349544
-0.331294 -0.878278 0.344779
-0.29101 -0.871521 0.394671
-0.228943 -0.892338 0.388995
-0.165818 -0.908763 0.382954
-0.102264 -0.920744 0.376527
-0.038682 -0.928517 0.369268
0.00539624 -0.908889 0.417002
0.0692685 -0.910611 0.407418
0.133042 -0.908616 0.395876
0.196565 -0.90267 0.382817
0.258556 -0.89288 0.368665
0.317287 -0.880696 0.351716
0.370945 -0.85251 0.368276
0.43169 -0.82029 0.375192
0.486214 -0.784343 0.38523
0.538183 -0.745353 0.393457
0.587563 -0.703297 0.400179
0.634085 -0.658481 0.405387
0.677733 -0.611199 0.408797
0.718414 -0.561744 0.410274
0.756034 -0.510472 0.409671
0.790621 -0.45771 0.406718
0.822174 -0.403692 0.401326
0.850612 -0.348458 0.393746
0.875792 -0.291822 0.384485
0.897526 -0.233472 0.374083
0.915577 -0.172904 0.363075
0.939131 -0.157565 0.305297
0.950236 -0.0974425 0.295898
0.938966 -0.0413404 0.341517
0.972832 -0.00720311 0.231401
0.969474 0.0567911 0.238525
0.961561 0.119026 0.247453
0.949623 0.180072 0.256496
0.933853 0.240141 0.265049
0.914308 0.299092 0.273103
0.887328 0.318641 0.333342
0.862107 0.375216 0.340564
0.833492 0.430264 0.346647
0.801642 0.483774 0.351189
0.766636 0.535678 0.354002
0.728483 0.585873 0.355056
0.687117 0.634257 0.354384
0.642398 0.680775 0.351952
0.59421 0.725493 0.347239
0.541939 0.767352 0.342743
0.477239 0.804326 0.353981
0.449095 0.837614 0.310992
0.389996 0.862323 0.322958
0.328188 0.884621 0.331269
0.266151 0.901778 0.34053
0.203312 0.914816 0.348964
0.139965 0.923707 0.356617
0.0760535 0.928824 0.362633
0.0117957 0.930261 0.366708
-0.0208427 0.94918 0.314044
-0.0853096 0.945188 0.315186
-0.149471 0.937471 0.314334
-0.213169 0.925982 0.311634
-0.276401 0.910422 0.307789
-0.339219 0.889998 0.304687
-0.400036 0.86421 0.305143
-0.453684 0.836071 0.308473
-0.509198 0.80708 0.298898
-0.563981 0.772914 0.29074
-0.615839 0.736911 0.278756
-0.666171 0.692064 0.277964
-0.709158 0.657977 0.253301
-0.747907 0.609942 0.261928
-0.78338 0.559382 0.270938
-0.779926 0.531914 0.329823
-0.811164 0.476643 0.338858
-0.838866 0.41966 0.346685
-0.86323 0.360986 0.352877
-0.884293 0.300719 0.357204
-0.901987 0.238994 0.359585
-0.916154 0.175934 0.360152
-0.89963 0.142963 0.412587
-0.908493 0.0788893 0.410387
-0.912863 0.0132511 0.408052
-0.911944 -0.0536576 0.406791
-0.905726 -0.120133 0.406483
-0.894505 -0.184568 0.40718
-0.892348 -0.280578 0.353541
-0.872126 -0.340851 0.351022
-0.848656 -0.399275 0.346934
-0.822019 -0.455788 0.341382
-0.79226 -0.510312 0.334522
-0.759476 -0.593493 0.266388
-0.720818 -0.643768 0.256873
-0.684711 -0.661514 0.305892
-0.638716 -0.708539 0.300025
-0.589334 -0.749589 0.301332
-0.537808 -0.787229 0.301716
-0.484423 -0.821621 0.300455
-0.428711 -0.853136 0.297264
-0.370735 -0.881235 0.293225
-0.310844 -0.905658 0.288374
-0.270448 -0.900898 0.33947
-0.208244 -0.919451 0.333533
-0.145208 -0.933789 0.327036
-0.0817948 -0.943902 0.319934
-0.0183277 -0.949976 0.311784
0.0246566 -0.93242 0.360535
0.0873918 -0.932594 0.350187
0.149139 -0.929241 0.338036
0.209019 -0.922601 0.324219
0.266425 -0.913005 0.308933
0.322403 -0.899968 0.293454
0.375259 -0.873627 0.309769
0.428099 -0.845318 0.319639
0.481635 -0.812487 0.328469
0.533137 -0.775945 0.337157
0.58279 -0.736 0.34447
0.630251 -0.692907 0.350235
0.675142 -0.647044 0.354285
0.717243 -0.598774 0.356416
0.756385 -0.548464 0.356467
0.792461 -0.496511 0.354235
0.82542 -0.443263 0.349572
0.855184 -0.388865 0.342702
0.88163 -0.333198 0.334227
0.904605 -0.276133 0.324716
0.923891 -0.217591 0.314768
0.947123 -0.196269 0.253842
0.960194 -0.135357 0.244349
0.957729 -0.0386956 0.285057
0.98303 -0.0412266 0.178755
0.98332 0.0268271 0.179892
0.978133 0.0917487 0.186648
0.968529 0.154638 0.195033
0.954914 0.216074 0.203595
0.93746 0.276241 0.2118
0.916259 0.335056 0.219561
0.891071 0.356716 0.280619
0.864281 0.412835 0.287376
0.834099 0.467417 0.292918
0.800622 0.520416 0.296938
0.763875 0.571739 0.299348
0.723788 0.621289 0.300217
0.680133 0.669026 0.299705
0.632334 0.715127 0.297905
0.578515 0.760522 0.294835
0.513114 0.803283 0.302409
0.475134 0.841878 0.255909
0.416533 0.869928 0.264057
0.357404 0.892907 0.273826
0.2962 0.912512 0.282113
0.234188 0.927716 0.290686
0.171337 0.938861 0.298638
0.107829 0.946016 0.305656
0.0436576 0.949448 0.310872
0.0108114 0.966108 0.257913
-0.0540255 0.964049 0.260176
-0.118708 0.958175 0.260401
-0.182987 0.948451 0.25876
-0.246776 0.934704 0.255793
-0.310132 0.91647 0.252787
-0.372568 0.893413 0.251009
-0.431831 0.866538 0.250269
-0.487154 0.837472 0.247631
-0.542538 0.80505 0.239889
-0.595827 0.76955 0.229745
-0.648278 0.727748 0.223872
-0.694175 0.689836 0.205541
-0.741397 0.640008 0.201794
-0.780172 0.589331 0.209809
-0.815019 0.536318 0.219334
-0.815838 0.506018 0.279918
-0.845038 0.450349 0.288264
-0.870973 0.392628 0.295381
-0.893636 0.333008 0.300867
-0.912956 0.27165 0.304497
-0.928775 0.208725 0.306287
-0.940867 0.144386 0.306467
-0.926581 0.11164 0.359143
-0.932746 0.0458896 0.357602
-0.934084 -0.0210798 0.356431
-0.930492 -0.0881904 0.355539
-0.922076 -0.154314 0.354913
-0.909152 -0.218475 0.354558
-0.901534 -0.313974 0.297752
-0.879726 -0.373755 0.293921
-0.854611 -0.431597 0.288728
-0.826219 -0.4875 0.282324
-0.794528 -0.541457 0.274861
-0.791833 -0.5718 0.214581
-0.754098 -0.62346 0.206481
-0.711248 -0.673907 0.199942
-0.676264 -0.69295 0.249975
-0.626928 -0.739041 0.246536
-0.575562 -0.779663 0.246685
-0.522272 -0.816532 0.245983
-0.466973 -0.849967 0.243911
-0.409548 -0.880024 0.240473
-0.350301 -0.906391 0.236102
-0.289608 -0.928899 0.230812
-0.249512 -0.926171 0.282755
-0.187163 -0.942639 0.27641
-0.124175 -0.954983 0.269423
-0.0609118 -0.963232 0.261675
0.0022663 -0.967561 0.252626
0.0449242 -0.952264 0.301952
0.107645 -0.950791 0.290532
0.169803 -0.945805 0.276802
0.231308 -0.93726 0.260844
0.293521 -0.924155 0.244504
0.361767 -0.898829 0.247449
0.418409 -0.870356 0.259644
0.4728 -0.838903 0.269634
0.525299 -0.80405 0.278503
0.575526 -0.765894 0.286662
0.62373 -0.7245 0.293359
0.66973 -0.680081 0.298247
0.713184 -0.632988 0.301155
0.753818 -0.58361 0.301923
0.791433 -0.532376 0.300349
0.825891 -0.479726 0.296255
0.857092 -0.425895 0.289841
0.884942 -0.370737 0.281837
0.909342 -0.314136 0.272794
0.930142 -0.256006 0.263243
0.951724 -0.231806 0.201213
0.966417 -0.170632 0.192153
0.977173 -0.107871 0.183021
0.969435 -0.0734895 0.234085
0.992064 -0.00715533 0.125533
0.989927 0.0607024 0.127902
0.982919 0.125921 0.134215
0.971633 0.189107 0.142017
0.956361 0.2507 0.150074
0.937256 0.310837 0.157898
0.91442 0.369457 0.165338
0.891414 0.39238 0.226756
0.863059 0.448108 0.233084
0.831323 0.502186 0.238141
0.79631 0.554497 0.241709
0.7581 0.604856 0.243791
0.716784 0.653008 0.244543
0.672549 0.69861 0.244177
0.625848 0.741144 0.24294
0.578314 0.779886 0.239438
0.52913 0.811891 0.246688
0.5013 0.842794 0.19595
0.444577 0.871871 0.205405
0.385625 0.897526 0.213871
0.32572 0.918823 0.222871
0.264354 0.936331 0.231087
0.202141 0.949675 0.239283
0.139127 0.958999 0.246912
0.0753677 0.964405 0.253462
0.0425469 0.97879 0.2004
-0.0224757 0.978704 0.204041
-0.0876248 0.974764 0.205322
-0.152319 0.966917 0.204621
-0.216324 0.955107 0.202419
-0.279737 0.939059 0.199788
-0.342727 0.918387 0.197744
-0.403944 0.893627 0.195604
-0.462372 0.865459 0.192853
-0.518322 0.834248 0.188075
-0.572706 0.799876 0.179459
-0.625803 0.760729 0.17223
-0.674554 0.721094 0.158115
-0.724857 0.67239 0.14991
-0.770097 0.620084 0.14982
-0.808868 0.56619 0.158624
-0.843067 0.510986 0.167721
-0.846414 0.48112 0.228269
-0.874315 0.423969 0.236272
-0.898781 0.364923 0.242949
-0.919836 0.304024 0.247934
-0.93739 0.24138 0.251068
-0.951244 0.177148 0.252495
-0.961086 0.111434 0.252779
-0.948846 0.0786092 0.305796
-0.952284 0.0116373 0.304992
-0.951015 -0.055747 0.304078
-0.945068 -0.122709 0.302968
-0.934594 -0.188433 0.301707
-0.919927 -0.252233 0.300188
-0.906622 -0.346836 0.240293
-0.88308 -0.405981 0.235263
-0.856129 -0.463162 0.229179
-0.825747 -0.518419 0.222226
-0.820649 -0.548078 0.161697
-0.784233 -0.600895 0.154608
-0.743222 -0.652296 0.148764
-0.697557 -0.701863 0.144232
-0.66355 -0.7222 0.195263
-0.612426 -0.766766 0.192366
-0.559377 -0.806509 0.191419
-0.504375 -0.842367 0.189798
-0.447435 -0.874541 0.18703
-0.388707 -0.902993 0.183057
-0.328566 -0.927545 0.178057
-0.267339 -0.948103 0.172137
-0.227822 -0.947421 0.224699
-0.165198 -0.961889 0.217895
-0.101955 -0.972276 0.210439
-0.0382786 -0.978625 0.202057
0.025661 -0.981086 0.191864
0.0647802 -0.968224 0.24155
0.125591 -0.965249 0.229175
0.184443 -0.959158 0.214469
0.241288 -0.949829 0.199008
0.297468 -0.936538 0.185498
0.352512 -0.916144 0.190828
0.40888 -0.890637 0.198956
0.462713 -0.861505 0.20906
0.515067 -0.828887 0.218293
0.565717 -0.792788 0.22683
0.614387 -0.753324 0.234589
0.661203 -0.710549 0.240688
0.70589 -0.664733 0.244642
0.748002 -0.616306 0.246294
0.787185 -0.565765 0.245457
0.823186 -0.513664 0.241897
0.855847 -0.460348 0.235808
0.885111 -0.405611 0.228162
0.910925 -0.349333 0.219506
0.933183 -0.291429 0.210332
0.952627 -0.265802 0.147822
0.968874 -0.204659 0.139274
0.981195 -0.141655 0.131109
0.989103 -0.0754131 0.126448
0.999813 -0.00759526 0.0177893
0.997016 0.0268229 0.0723818
0.992684 0.094321 0.0753738
0.983833 0.159567 0.0813108
0.970825 0.222829 0.0885731
0.953872 0.2844 0.0961474
0.933101 0.344371 0.103595
0.90861 0.402702 0.11072
0.887959 0.426473 0.172194
0.85798 0.481819 0.178102
0.824588 0.535425 0.182691
0.787875 0.587135 0.18581
0.747939 0.636731 0.187514
0.704892 0.68396 0.187949
0.658878 0.728569 0.187261
0.610145 0.770412 0.184901
0.556449 0.809617 0.186776
0.529436 0.837262 0.136712
0.472297 0.86939 0.14525
0.414141 0.897095 0.153971
0.35451 0.920867 0.162252
0.293939 0.940452 0.170732
0.232253 0.95608 0.1788
0.169787 0.967624 0.186751
0.106577 0.97516 0.194178
0.0736101 0.987306 0.140745
0.0093899 0.989124 0.146782
-0.0561391 0.987178 0.149426
-0.121354 0.981295 0.149445
-0.185317 0.971524 0.147644
-0.248159 0.95776 0.145305
-0.311288 0.939362 0.143871
-0.373397 0.916788 0.141683
-0.433667 0.89033 0.13873
-0.491502 0.860425 0.134516
-0.546753 0.827472 0.12787
-0.600355 0.790614 0.120428
-0.650867 0.751205 0.109837
-0.702328 0.704473 0.102238
-0.752605 0.651337 0.0966746
-0.797598 0.59476 0.100488
-0.835477 0.538841 0.107835
-0.868214 0.482516 0.115684
-0.873286 0.454256 0.176132
-0.89976 0.395848 0.183674
-0.922641 0.335651 0.189929
-0.941973 0.273598 0.194504
-0.957642 0.209754 0.197295
-0.96939 0.144285 0.198657
-0.97691 0.0775001 0.199101
-0.966568 0.0445034 0.252518
-0.979978 0.00993651 0.198857
-0.967493 -0.0230258 0.251849
-0.963825 -0.0904666 0.250713
-0.955648 -0.157149 0.249082
-0.943164 -0.222395 0.246944
-0.926709 -0.285668 0.244139
-0.929453 -0.318371 0.186431
-0.907567 -0.37874 0.181325
-0.882151 -0.437099 0.175369
-0.853206 -0.493523 0.168744
-0.810957 -0.576238 0.101481
-0.771843 -0.628501 0.0961508
-0.728387 -0.678938 0.0921692
-0.68077 -0.7271 0.0887551
-0.647886 -0.748681 0.14043
-0.595199 -0.791717 0.137558
-0.540545 -0.8303 0.135693
-0.484015 -0.864863 0.133197
-0.425788 -0.895494 0.129599
-0.366184 -0.922137 0.124789
-0.305568 -0.944711 0.118948
-0.244098 -0.963214 0.112404
-0.205219 -0.964618 0.165523
-0.142339 -0.977068 0.15836
-0.0787953 -0.985445 0.150627
-0.014552 -0.989768 0.141942
0.0507488 -0.990095 0.130908
0.0891377 -0.979951 0.178187
0.149171 -0.975243 0.163245
0.207351 -0.967293 0.146119
0.267 -0.954428 0.133338
0.330162 -0.934867 0.13045
0.389361 -0.910724 0.137765
0.446006 -0.882964 0.146467
0.499869 -0.851902 0.156183
0.551714 -0.817496 0.165266
0.601483 -0.779771 0.173712
0.649112 -0.738761 0.181343
0.694913 -0.694384 0.186886
0.738516 -0.646978 0.189772
0.779338 -0.597147 0.189862
0.816934 -0.545612 0.186885
0.851052 -0.492891 0.181022
0.881714 -0.438657 0.173668
0.908917 -0.382781 0.165372
0.932595 -0.325193 0.156579
0.949701 -0.298764 0.0938557
0.967497 -0.237875 0.0858149
0.981444 -0.174976 0.0784253
0.991276 -0.109272 0.0736976
0.996548 -0.0415081 0.0718922
0.997984 0.0605295 0.0190996
0.991566 0.127641 0.0224541
-0.986543 -0.160596 0.0306946
0.980848 0.192742 0.0280747
0.966077 0.255893 0.0348475
0.947409 0.317262 0.0419699
0.924952 0.376904 0.0490637
0.898787 0.434805 0.0559105
0.880483 0.459347 0.117256
0.848788 0.514279 0.122785
0.813587 0.567414 0.126958
0.774958 0.618564 0.129688
0.732987 0.667494 0.131077
0.687744 0.71398 0.131306
0.639244 0.757869 0.130392
0.586181 0.799405 0.131692
0.557985 0.825923 0.0806503
0.500142 0.861645 0.086169
0.441918 0.892146 0.0937199
0.382837 0.918202 0.101693
0.322632 0.940154 0.109628
0.261557 0.957983 0.117713
0.19959 0.971795 0.125614
0.136937 0.981556 0.133405
0.10347 0.991453 0.0794711
0.0402031 0.99541 0.0868429
-0.0240101 0.995389 0.0928695
-0.0900262 0.991498 0.0939513
-0.154337 0.983755 0.0916885
-0.21552 0.972463 0.0887004
-0.278352 0.956356 0.0888966
-0.34099 0.935993 0.0874274
-0.402503 0.911477 0.084863
-0.461872 0.883254 0.0808458
-0.518218 0.851975 0.0747538
-0.571887 0.81754 0.0676293
-0.622461 0.780451 0.0586392
-0.671054 0.739642 0.0511491
-0.715675 0.697046 0.0440106
-0.755521 0.654086 0.0368734
-0.792422 0.608531 0.0419157
-0.827915 0.558787 0.0481032
-0.86082 0.50594 0.0549003
-0.890467 0.450763 0.0622958
-0.896767 0.424945 0.123414
-0.921508 0.365774 0.130507
-0.942596 0.304787 0.136447
-0.960053 0.241827 0.140773
-0.97371 0.176962 0.143435
-0.983268 0.110538 0.144792
-0.98847 0.0430918 0.145153
-0.989175 -0.0247843 0.144633
-0.978509 -0.0577976 0.19794
-0.972531 -0.125097 0.196302
-0.962185 -0.191336 0.193882
-0.947726 -0.255894 0.190612
-0.948264 -0.288458 0.132621
-0.92811 -0.349905 0.127196
-0.904311 -0.409322 0.121154
-0.876902 -0.466795 0.114655
-0.845841 -0.522398 0.107956
-0.834079 -0.549603 0.0474326
-0.796864 -0.602673 0.04235
-0.755601 -0.653891 0.038654
-0.710363 -0.702914 0.0360083
-0.661129 -0.74953 0.0333694
-0.629428 -0.772356 0.0853614
-0.575241 -0.813835 0.0822873
-0.519107 -0.851 0.0795489
-0.4613 -0.883979 0.0760503
-0.402194 -0.912771 0.0713328
-0.342184 -0.937354 0.0653993
-0.281381 -0.957796 0.0587436
-0.21988 -0.974157 0.051677
-0.181884 -0.977655 0.105396
-0.119043 -0.988037 0.0980361
-0.0556349 -0.994359 0.0903079
0.00845193 -0.996603 0.0819219
0.0740276 -0.994683 0.0715916
0.117057 -0.986866 0.111325
0.17519 -0.980145 0.0928634
0.236225 -0.968313 0.0810382
0.300388 -0.950735 0.0766219
0.364386 -0.927971 0.0780574
0.423871 -0.90172 0.0850529
0.480267 -0.872126 0.0934874
0.53375 -0.839376 0.102755
0.584947 -0.803359 0.111587
0.633819 -0.764131 0.119906
0.680387 -0.721673 0.127519
0.725227 -0.675667 0.132364
0.767709 -0.626681 0.133768
0.806961 -0.575777 0.131505
0.842509 -0.5238 0.125742
0.874542 -0.470221 0.118611
0.903118 -0.414891 0.11065
0.928199 -0.357766 0.10223
0.942848 -0.330879 0.039456
0.962207 -0.270446 0.0318888
0.977826 -0.207906 0.0251324
0.989537 -0.142821 0.0204806
0.996965 -0.0756948 0.0181995
-0.999007 -0.0260874 0.036113
-0.994991 -0.0939105 0.0342533
-0.988041 -0.126908 0.0875755
-0.977586 -0.193076 0.083948
-0.973938 -0.225389 0.0253688
-0.957373 -0.288226 0.0190553
-0.936974 -0.349181 0.0123565
-0.912832 -0.408297 0.00557222
0.884997 0.465595 0.00107443
0.868958 0.490963 0.0621915
0.835467 0.545388 0.0674247
0.798338 0.597977 0.0712783
0.757634 0.648501 0.0737405
0.713418 0.696713 0.0750039
0.665673 0.742429 0.075349
0.613733 0.78576 0.0768992
0.584384 0.811086 0.0251983
0.527455 0.849075 0.0293711
0.469101 0.882468 0.0345485
0.41017 0.911074 0.0412889
0.350428 0.935325 0.0486632
0.289757 0.955445 0.0562559
0.22832 0.971478 0.06403
0.166173 0.983481 0.0717759
0.13174 0.99113 0.0174958
0.0691636 0.997289 0.0251299
0.00623551 0.999448 0.032639
-0.057579 0.997585 0.0388395
-0.123715 0.99165 0.0363903
-0.181797 0.98293 0.0282457
-0.243602 0.969337 0.0323074
-0.306763 0.951229 0.0325653
-0.369642 0.928657 0.0310037
-0.430633 0.902111 0.0273905
-0.488303 0.872418 0.0211695
-0.542945 0.839656 0.0137288
-0.594538 0.804052 0.00503282
0.643831 -0.765162 0.00310992
0.690251 -0.723485 0.0110819
0.733834 -0.679061 0.019069
0.775807 -0.630642 0.0203538
0.813689 -0.581124 0.014327
0.848229 -0.529577 0.00749104
0.879518 -0.475865 0.000183604
-0.907444 0.420106 0.00753232
-0.916676 0.393499 0.0697366
-0.93938 0.334197 0.0766661
-0.958522 0.272793 0.0825828
-0.974015 0.209144 0.0869117
-0.985596 0.143466 0.0895387
-0.99294 0.0763652 0.0907611
-0.99583 0.00850747 0.090827
-0.994183 -0.05947 0.0898012
-0.98536 -0.0924987 0.143213
-0.977118 -0.15943 0.14079
-0.964663 -0.22492 0.137245
-0.963084 -0.257367 0.0789404
-0.944714 -0.319647 0.0730792
-0.922595 -0.379948 0.0667615
-0.896795 -0.438332 0.0601965
-0.867319 -0.494857 0.0536167
0.853453 0.521119 0.00721711
0.818117 0.57492 0.0122848
0.778965 0.626864 0.0159604
0.736056 0.676672 0.0183539
0.689411 0.724098 0.0198477
0.63875 0.769103 0.0218752
-0.608236 -0.793184 0.0301295
-0.552618 -0.833008 0.0266517
-0.495183 -0.868487 0.0229092
-0.436467 -0.899539 0.0180699
-0.376989 -0.926142 0.0118579
-0.316714 -0.948508 0.00491423
0.255652 0.966766 0.00237943
0.193954 0.980961 0.00989835
-0.157853 -0.986466 0.0443505
-0.0954795 -0.994748 0.0368676
-0.0329631 -0.999029 0.0292384
0.0295867 -0.999332 0.0214425
0.0928352 -0.995571 0.0148363
0.145959 -0.988522 0.0389826
0.206661 -0.978027 0.0274807
0.270589 -0.962419 0.0230338
0.335216 -0.941867 0.0227238
0.397989 -0.917033 0.025583
0.456843 -0.888967 0.0321406
0.512524 -0.857737 0.0400862
0.565206 -0.823496 0.0489642
0.615513 -0.786027 0.0574871
0.663287 -0.745479 0.0656656
0.708579 -0.701803 0.0734068
0.752328 -0.654254 0.0771679
0.793237 -0.604154 0.075977
0.830116 -0.55316 0.0701455
0.863462 -0.500443 0.0631665
0.893393 -0.445832 0.0555196
0.919876 -0.389328 0.0474563
-0.931931 0.362318 0.0151972
-0.952893 0.30248 0.0223628
-0.97023 0.24049 0.028607
-0.983815 0.176105 0.0331015
-0.993328 0.109679 0.0356319
-0.998448 0.0420244 0.0365563