0.0900683 -0.0247866 0.995627
0.00614325 -0.0151214 0.999867
-0.0404798 -0.0779947 0.996132
0.129426 0.047875 0.990433
0.0482081 0.0470836 0.997727
0.0286054 0.174941 0.984163
-0.048318 0.160554 0.985844
-0.0943985 0.0834101 0.992034
-0.0653626 0.0101847 0.99781
-0.117401 -0.0617048 0.991166
-0.0876182 -0.142777 0.985869
0.0431171 -0.0907876 0.994936
0.127376 -0.0974907 0.987052
0.170912 -0.0257427 0.98495
0.160898 0.121635 0.979447
0.0778454 0.117216 0.990051
0.112849 0.189882 0.9753
-0.0104898 0.243118 0.96994
-0.0883513 0.230507 0.969051
-0.128385 0.155018 0.979534
-0.177461 0.086745 0.980297
-0.146754 0.0132011 0.989085
-0.198742 -0.0551692 0.978498
-0.16727 -0.130215 0.977274
-0.0528507 -0.218506 0.974403
-0.00475129 -0.154867 0.987924
0.0800449 -0.164142 0.983184
0.16365 -0.169978 0.971765
0.208559 -0.0995005 0.972935
0.285775 0.0482767 0.95708
0.208422 0.048554 0.976833
0.194288 0.194842 0.961399
0.14915 0.263578 0.953038
-0.0144105 0.0890262 0.995925
0.0681482 0.254606 0.964641
-0.0523307 0.310345 0.949183
-0.129134 0.298581 0.945608
-0.169201 0.223419 0.959925
-0.211094 0.160421 0.964212
-0.258927 0.0893866 0.961752
-0.229198 0.0180177 0.973213
-0.248275 -0.119356 0.961308
-0.2168 -0.195389 0.956463
-0.135932 -0.207227 0.968803
-0.101634 -0.280883 0.954346
-0.0169276 -0.291176 0.95652
0.0317481 -0.228436 0.973041
0.115953 -0.236566 0.964672
0.198672 -0.241773 0.949777
0.244601 -0.172519 0.954153
0.249625 -0.0262048 0.967988
0.32653 -0.0266794 0.94481
0.317656 0.122547 0.940254
0.240528 0.122866 0.962835
0.272767 0.196494 0.941801
0.228829 0.267779 0.935912
0.18575 0.335582 0.923516
0.104883 0.329968 0.938147
0.0255296 0.321618 0.946525
-0.0257335 0.385626 0.922296
-0.104731 0.373962 0.921512
-0.207072 0.284757 0.935967
-0.265343 0.236335 0.93474
-0.285236 0.162333 0.94461
-0.341041 0.10899 0.933709
-0.314604 0.0326006 0.948663
-0.281793 -0.0426696 0.958526
-0.326138 -0.108097 0.939122
-0.295468 -0.185884 0.937095
-0.265075 -0.261137 0.928193
-0.185036 -0.270102 0.944884
-0.150824 -0.341451 0.927719
-0.0659711 -0.351905 0.933708
0.0175015 -0.362888 0.931668
0.067077 -0.300712 0.951353
0.150206 -0.307855 0.939502
0.23214 -0.312049 0.921269
0.279212 -0.244205 0.928657
0.323156 -0.17347 0.930311
0.287373 -0.100481 0.952534
0.401613 -0.0259379 0.915442
0.361449 0.0477542 0.931168
0.348408 0.196084 0.916604
0.378555 0.269406 0.885503
0.305831 0.269662 0.913099
0.267199 0.338112 0.902377
0.465672 0.123875 0.876244
0.134705 0.400638 0.90628
0.0541221 0.394784 0.917179
-0.00115765 0.456544 0.8897
-0.08155 0.445917 0.891351
-0.161845 0.430756 0.887838
-0.183827 0.35867 0.915185
-0.263935 0.327711 0.907163
-0.344793 0.202295 0.916621
-0.402073 0.148955 0.90341
-0.393729 0.0549072 0.917585
-0.361578 -0.0280605 0.93192
-0.399411 -0.0987215 0.911441
-0.370337 -0.177619 0.911758
-0.34063 -0.2552 0.9049
-0.308432 -0.331697 0.891542
-0.233318 -0.333411 0.913455
-0.199818 -0.401311 0.893881
-0.11526 -0.410129 0.904715
-0.0327371 -0.422783 0.90564
0.048893 -0.433308 0.899919
0.100121 -0.371641 0.922962
0.182066 -0.377317 0.908011
0.263004 -0.380115 0.886759
0.312405 -0.313839 0.896609
0.35732 -0.244895 0.901304
0.399124 -0.172888 0.90045
0.364053 -0.100419 0.925949
0.474288 -0.0230637 0.880068
0.435415 0.0490611 0.898892
0.392633 0.121758 0.9116
0.421565 0.194967 0.885591
0.446309 0.268902 0.853522
0.349665 0.339705 0.873118
0.296636 0.403135 0.865731
0.215712 0.403483 0.889196
0.160463 0.467696 0.869202
0.0796325 0.463795 0.882356
0.0215412 0.523769 0.851588
-0.059124 0.514433 0.85549
-0.139845 0.500249 0.854514
-0.22061 0.47745 0.850513
-0.242472 0.404651 0.88174
-0.319241 0.370206 0.872372
-0.327784 0.282809 0.90143
-0.399203 0.245536 0.883374
-0.46704 0.124021 0.875496
-0.463868 0.0493204 0.884531
-0.43485 -0.0197901 0.900286
-0.470806 -0.0840093 0.878228
-0.443827 -0.163832 0.881009
-0.415845 -0.241195 0.876868
-0.38509 -0.31677 0.866812
-0.35088 -0.390595 0.851069
-0.272676 -0.407557 0.871519
-0.235237 -0.483931 0.842896
-0.166727 -0.464736 0.86961
-0.0848742 -0.479466 0.873447
-0.00427636 -0.49224 0.870449
0.0762916 -0.501214 0.861954
0.130203 -0.440501 0.88826
0.210971 -0.444435 0.870614
0.290811 -0.44563 0.846666
0.342464 -0.38082 0.858892
0.390615 -0.313932 0.865371
0.432401 -0.243976 0.868047
0.471998 -0.170441 0.864967
0.438263 -0.0986497 0.893417
0.543749 -0.0177787 0.839059
0.506737 0.0531835 0.860458
0.535123 0.130007 0.83471
0.492157 0.199078 0.847437
0.509652 0.277203 0.814502
0.431426 0.341685 0.834939
0.377047 0.403479 0.833691
0.319803 0.46645 0.824712
0.24078 0.468502 0.850018
0.181967 0.531922 0.827011
0.102064 0.529431 0.842191
0.0422148 0.587724 0.807959
-0.0378943 0.579661 0.813976
-0.118282 0.566792 0.815326
-0.198687 0.546692 0.81342
-0.277751 0.519965 0.807769
-0.299256 0.447446 0.842756
-0.373733 0.410744 0.831633
-0.385907 0.32752 0.862442
-0.454993 0.287897 0.842672
-0.460721 0.203263 0.863956
-0.527473 0.16182 0.834019
-0.5305 0.0792435 0.843973
-0.517875 -0.00170013 0.855455
-0.536215 -0.0736373 0.840863
-0.514522 -0.151094 0.84406
-0.489202 -0.226661 0.842203
-0.460707 -0.300887 0.834994
-0.428916 -0.373372 0.822572
-0.394324 -0.443553 0.804842
-0.313761 -0.462489 0.829252
-0.279639 -0.533989 0.797909
-0.2046 -0.560798 0.802274
-0.144144 -0.528769 0.836436
-0.0619462 -0.546496 0.835168
0.0190585 -0.558315 0.82941
0.0996218 -0.56574 0.818543
0.156671 -0.506629 0.847809
0.236434 -0.508749 0.827812
0.315188 -0.50826 0.801454
0.369217 -0.445128 0.815807
0.419772 -0.379848 0.824322
0.466344 -0.31241 0.827601
0.503614 -0.241257 0.829559
0.541287 -0.165807 0.824328
0.509434 -0.0947546 0.855277
0.609353 -0.010445 0.79283
0.57422 0.0600598 0.816495
0.660439 0.145859 0.736577
0.557664 0.208386 0.803483
0.572122 0.285414 0.768906
0.508344 0.349014 0.787258
0.453362 0.407578 0.792681
0.396897 0.467861 0.78967
0.337396 0.528281 0.779156
0.260559 0.5315 0.805988
0.200352 0.593547 0.779462
0.121792 0.592078 0.796624
0.0630119 0.648267 0.758802
-0.0166245 0.641529 0.766919
-0.0966106 0.630143 0.770446
-0.176587 0.612437 0.770544
-0.255588 0.588524 0.767016
-0.332739 0.558821 0.759608
-0.354267 0.487146 0.798238
-0.426856 0.448616 0.785199
-0.441607 0.368589 0.818001
-0.509317 0.325822 0.796515
-0.518883 0.243055 0.819564
-0.583325 0.198225 0.787679
-0.589236 0.11599 0.799592
-0.586389 0.0333353 0.809343
-0.594196 -0.0426422 0.803189
-0.583727 -0.12735 0.8019
-0.561367 -0.205419 0.801667
-0.534886 -0.280743 0.79692
-0.505148 -0.353817 0.787171
-0.472667 -0.424311 0.772364
-0.438491 -0.491688 0.752309
-0.358222 -0.511139 0.78129
-0.325919 -0.579179 0.747214
-0.251767 -0.606293 0.754336
-0.177014 -0.632168 0.75434
-0.121652 -0.59302 0.795945
-0.0398776 -0.610208 0.791237
0.0409414 -0.620694 0.782983
0.121063 -0.626605 0.769877
0.179573 -0.569498 0.802138
0.258524 -0.569863 0.780014
0.336183 -0.5677 0.751464
0.39237 -0.506637 0.767701
0.445179 -0.443139 0.778102
0.494216 -0.377118 0.783283
0.539201 -0.309105 0.783401
0.570057 -0.2365 0.786831
0.606684 -0.158879 0.778904
0.57706 -0.0885782 0.811884
0.670907 -0.00314748 0.741535
0.637366 0.0680109 0.767554
0.599728 0.138671 0.788097
0.619675 0.216436 0.754426
0.633475 0.291125 0.716907
0.579235 0.355736 0.733443
0.525727 0.414927 0.742595
0.470376 0.472836 0.745099
0.412686 0.530221 0.740646
0.352182 0.587209 0.728803
0.277193 0.592163 0.756642
0.219457 0.651945 0.725814
0.141933 0.651348 0.745387
0.0882251 0.704367 0.704332
0.00760815 0.699382 0.714707
-0.0729224 0.689788 0.72033
-0.153152 0.674419 0.72229
-0.232385 0.653122 0.720714
-0.309971 0.626195 0.7154
-0.385291 0.593923 0.706262
-0.407154 0.523622 0.748362
-0.477912 0.483287 0.733508
-0.494669 0.405546 0.768658
-0.560744 0.360813 0.745239
-0.572725 0.279395 0.770665
-0.635324 0.23233 0.736469
-0.643785 0.150959 0.750168
-0.645837 0.0689063 0.76036
-0.6504 -0.010369 0.759521
-0.644122 -0.0944788 0.759066
-0.628624 -0.178023 0.75706
-0.604879 -0.25672 0.753801
-0.5766 -0.332677 0.74623
-0.544529 -0.406589 0.733603
-0.508983 -0.478973 0.715207
-0.46951 -0.550943 0.689944
-0.402932 -0.555137 0.727646
-0.378193 -0.615577 0.6914
-0.303978 -0.645696 0.700482
-0.229562 -0.672682 0.70342
-0.153396 -0.69598 0.701485
-0.097575 -0.655859 0.748551
-0.0174394 -0.670669 0.741552
0.0623504 -0.679381 0.731132
0.141475 -0.683718 0.715901
0.200223 -0.628829 0.751322
0.278021 -0.627503 0.727285
0.354254 -0.623697 0.696783
0.411938 -0.565255 0.714698
0.466524 -0.503982 0.726882
0.517601 -0.43966 0.734022
0.564996 -0.372655 0.736144
0.608659 -0.303914 0.732919
0.631082 -0.229815 0.740892
0.668114 -0.150788 0.72862
0.640841 -0.0808235 0.763407
0.728218 0.00203129 0.685342
0.696487 0.0742598 0.713716
0.717228 0.150887 0.680307
0.678494 0.222044 0.700244
0.691385 0.295511 0.659288
0.643015 0.361132 0.675363
0.592195 0.4224 0.686209
0.538643 0.480464 0.692111
0.483012 0.536496 0.692005
0.424783 0.5904 0.686285
0.364448 0.643371 0.673239
0.293955 0.649884 0.700886
0.250384 0.704492 0.664077
0.168961 0.70553 0.688243
0.112607 0.7553 0.645632
0.0323093 0.752419 0.657892
-0.0481802 0.744919 0.665413
-0.128493 0.731961 0.669121
-0.207994 0.713276 0.66931
-0.286045 0.68902 0.665905
-0.362091 0.659455 0.658794
-0.435593 0.624802 0.647983
-0.457681 0.556535 0.693395
-0.52653 0.514488 0.676807
-0.544728 0.439068 0.714486
-0.609052 0.392874 0.688989
-0.622633 0.312717 0.717312
-0.683424 0.264083 0.680582
-0.694216 0.183941 0.695867
-0.69951 0.102785 0.707192
-0.703489 0.022369 0.710354
-0.699925 -0.0609603 0.71161
-0.688518 -0.144741 0.710629
-0.67002 -0.226634 0.706902
-0.644909 -0.304553 0.700956
-0.615252 -0.379414 0.691021
-0.581783 -0.451564 0.676475
-0.544834 -0.521068 0.656996
-0.505696 -0.587731 0.631541
-0.437265 -0.626348 0.645359
-0.361443 -0.675217 0.642994
-0.2855 -0.706571 0.647493
-0.209049 -0.732458 0.647923
-0.131365 -0.753475 0.644219
-0.0748432 -0.715003 0.695104
0.00445924 -0.727231 0.686379
0.0836322 -0.733965 0.674019
0.162142 -0.736655 0.656543
0.219398 -0.684472 0.695243
0.295532 -0.681491 0.6695
0.369579 -0.67616 0.637353
0.42803 -0.621023 0.656597
0.483648 -0.562618 0.670481
0.536105 -0.500616 0.679687
0.585215 -0.435352 0.6841
0.630902 -0.367351 0.683385
0.67348 -0.297813 0.676559
0.686702 -0.222778 0.691962
0.725501 -0.14537 0.672693
0.700733 -0.0742411 0.70955
0.780643 0.00512329 0.624956
0.751258 0.0784779 0.655326
0.769493 0.154384 0.619714
0.733254 0.226096 0.641264
0.744186 0.299316 0.597157
0.699598 0.366223 0.613551
0.651133 0.42958 0.625689
0.599075 0.489649 0.633524
0.544086 0.546927 0.636271
0.542215 0.611614 0.576135
0.479701 0.664279 0.573254
0.42288 0.653943 0.62732
0.332477 0.699908 0.632129
0.271183 0.751083 0.601942
0.192412 0.753978 0.628089
0.140775 0.800606 0.582419
0.0594257 0.800311 0.596633
-0.0215879 0.795165 0.606009
-0.102257 0.784677 0.611412
-0.182165 0.768586 0.613263
-0.260783 0.746947 0.611606
-0.337605 0.719961 0.606366
-0.412155 0.687837 0.597502
-0.483975 0.650731 0.585079
-0.50601 0.585297 0.633547
-0.572974 0.541406 0.615289
-0.591866 0.468996 0.655543
-0.654323 0.42187 0.627605
-0.668597 0.34317 0.659707
-0.727489 0.293652 0.620103
-0.740433 0.215219 0.636742
-0.748227 0.135363 0.649487
-0.752845 0.0549862 0.655897
-0.751454 -0.0274608 0.659214
-0.743249 -0.110702 0.659793
-0.728643 -0.193023 0.657131
-0.707999 -0.272906 0.651352
-0.681792 -0.349091 0.642881
-0.651345 -0.421847 0.630709
-0.617456 -0.491209 0.614379
-0.581321 -0.556835 0.593297
-0.542319 -0.618258 0.568901
-0.477111 -0.657945 0.582643
-0.411185 -0.697281 0.587135
-0.338307 -0.734554 0.5882
-0.263228 -0.763481 0.589752
-0.18669 -0.787006 0.58802
-0.108759 -0.805305 0.5828
-0.0522096 -0.769277 0.636778
0.027684 -0.778951 0.626474
0.107976 -0.783308 0.612184
0.188913 -0.783659 0.591768
0.238918 -0.73605 0.633363
0.312124 -0.731873 0.605756
0.378895 -0.726878 0.572789
0.438839 -0.675196 0.5929
0.495464 -0.619961 0.608411
0.549059 -0.560669 0.619826
0.599544 -0.497767 0.626717
0.646673 -0.431776 0.628796
0.690486 -0.363388 0.625443
0.731856 -0.294107 0.614726
0.737395 -0.21972 0.638727
0.778071 -0.143229 0.61163
0.756085 -0.0705141 0.650664
0.827729 0.00706437 0.561083
0.801154 0.0812524 0.592916
0.816681 0.15694 0.55534
0.783092 0.229227 0.578119
0.791639 0.302002 0.531133
0.750091 0.370003 0.548144
0.703966 0.434946 0.561474
0.653667 0.496789 0.570894
0.599721 0.555627 0.575859
0.593881 0.618758 0.514241
0.532139 0.672753 0.514035
0.461946 0.721092 0.516364
0.405301 0.709153 0.576917
0.338789 0.749389 0.568892
0.242736 0.83187 0.499071
0.22323 0.795651 0.563123
0.165247 0.84041 0.516143
0.0858245 0.842659 0.531564
0.00551552 0.840032 0.542509
-0.0749722 0.832106 0.549526
-0.155048 0.818646 0.552973
-0.234117 0.799637 0.552965
-0.311627 0.775225 0.549467
-0.387071 0.745618 0.54243
-0.459965 0.710996 0.531899
-0.529878 0.671444 0.518067
-0.552698 0.608751 0.569164
-0.618318 0.562029 0.549369
-0.636764 0.494374 0.591715
-0.697612 0.447108 0.55985
-0.710502 0.370852 0.598043
-0.76694 0.322491 0.554799
-0.782007 0.246101 0.572625
-0.792002 0.167788 0.587009
-0.797867 0.0880329 0.596371
-0.798475 0.00632488 0.601995
-0.792994 -0.0764648 0.604412
-0.781506 -0.158988 0.6033
-0.764268 -0.240041 0.59856
-0.741444 -0.318603 0.590552
-0.713315 -0.394066 0.579564
-0.68049 -0.466783 0.564843
-0.643438 -0.537253 0.545295
-0.601198 -0.606589 0.520203
-0.533697 -0.671286 0.514337
-0.463883 -0.714887 0.52321
-0.392222 -0.753865 0.527114
-0.317805 -0.787668 0.527806
-0.241886 -0.814481 0.527363
-0.16476 -0.835658 0.523956
-0.0866247 -0.85134 0.517412
-0.029665 -0.818111 0.574295
0.049972 -0.825097 0.562777
0.12981 -0.826709 0.547451
0.226076 -0.860822 0.455934
0.209834 -0.824134 0.526092
0.271166 -0.780487 0.563302
0.353245 -0.777148 0.520825
0.4366 -0.731177 0.524176
0.498342 -0.677974 0.540376
0.554603 -0.620721 0.554185
0.607224 -0.559878 0.563751
0.656308 -0.49592 0.568616
0.701757 -0.429365 0.568492
0.743896 -0.360973 0.562421
0.783551 -0.291421 0.548745
0.783953 -0.218413 0.581131
0.82595 -0.141026 0.545819
0.80619 -0.0687184 0.587653
0.869332 0.00940397 0.494139
0.845816 0.0834671 0.526904
0.858582 0.158796 0.487463
0.827719 0.23133 0.511242
0.834008 0.302535 0.461415
0.79525 0.371407 0.479202
0.751499 0.437619 0.4937
0.703133 0.500968 0.504614
0.650551 0.561357 0.511528
0.641946 0.621781 0.448657
0.581516 0.677188 0.450838
0.514299 0.727893 0.453506
0.443844 0.773523 0.452399
0.391594 0.764439 0.51214
0.309176 0.798033 0.517256
0.291779 0.84802 0.44241
0.203059 0.872419 0.444582
0.119009 0.878684 0.462332
0.0367016 0.879105 0.475212
-0.0448969 0.87397 0.483902
-0.125787 0.863208 0.488928
-0.20564 0.846836 0.49049
-0.284015 0.824981 0.488612
-0.360431 0.797852 0.48324
-0.434387 0.765684 0.47438
-0.505391 0.728643 0.462233
-0.573038 0.686734 0.44724
-0.596532 0.626892 0.501154
-0.660047 0.57685 0.481229
-0.682235 0.510815 0.523091
-0.754071 0.449483 0.478897
-0.747736 0.397139 0.532139
-0.796287 0.362014 0.484636
-0.816463 0.282584 0.503522
-0.82977 0.203379 0.51973
-0.837699 0.123365 0.532016
-0.840444 0.0417426 0.540288
-0.837544 -0.0410438 0.544827
-0.828894 -0.123852 0.545523
-0.814706 -0.20552 0.542232
-0.795201 -0.285 0.535191
-0.770443 -0.361572 0.525055
-0.740665 -0.43489 0.512139
-0.706649 -0.504775 0.495832
-0.668959 -0.570993 0.47588
-0.628018 -0.632697 0.453087
-0.573799 -0.683944 0.450528
-0.509198 -0.729943 0.455961
-0.440811 -0.769946 0.461378
-0.369244 -0.805494 0.463506
-0.294809 -0.835787 0.463192
-0.218558 -0.860019 0.461085
-0.140926 -0.878644 0.456207
-0.0621864 -0.891658 0.448417
-0.00785621 -0.861428 0.507818
0.0709551 -0.86588 0.495193
0.149292 -0.864988 0.47907
0.179587 -0.895908 0.406322
0.28859 -0.818504 0.496757
0.358147 -0.818955 0.448378
0.422887 -0.77887 0.463171
0.49379 -0.731562 0.470095
0.553856 -0.677492 0.483991
0.608841 -0.619263 0.495808
0.660137 -0.557581 0.503311
0.707733 -0.492986 0.506042
0.751579 -0.426074 0.503577
0.791987 -0.357455 0.494957
0.82915 -0.287017 0.47972
0.826529 -0.215812 0.51988
0.869435 -0.136889 0.474705
0.851078 -0.0668649 0.520765
0.905491 0.0131322 0.424162
0.885224 0.0858418 0.457175
0.895436 0.158947 0.415848
0.867311 0.231449 0.440684
0.872041 0.298222 0.388081
0.835878 0.368537 0.406803
0.794495 0.436194 0.422508
0.748202 0.501048 0.434908
0.69731 0.56295 0.443674
0.686269 0.620391 0.379671
0.627545 0.677301 0.383993
0.562972 0.729939 0.387622
0.494106 0.777596 0.388849
0.419249 0.819606 0.390483
0.365089 0.812618 0.454271
0.343484 0.856213 0.385899
0.252383 0.887977 0.384447
0.155906 0.905889 0.393774
0.0701284 0.911185 0.405985
-0.012894 0.909478 0.415552
-0.0947266 0.901709 0.421838
-0.17547 0.888117 0.424804
-0.254832 0.868869 0.424414
-0.332379 0.844183 0.420571
-0.407612 0.814324 0.413194
-0.480027 0.779514 0.402408
-0.549256 0.739739 0.388722
-0.615123 0.694681 0.372885
-0.637044 0.639765 0.429971
-0.697041 0.586971 0.411823
-0.752052 0.532767 0.388042
-0.722005 0.51807 0.458598
-0.784827 0.466614 0.407822
-0.815543 0.397496 0.420578
-0.843262 0.317984 0.433354
-0.860837 0.238704 0.449423
-0.871777 0.158929 0.463407
-0.876874 0.0779386 0.47436
-0.876482 -0.00460126 0.481413
-0.870551 -0.0877746 0.484187
-0.859179 -0.170255 0.482519
-0.842625 -0.250826 0.476517
-0.820803 -0.328856 0.46705
-0.793444 -0.404304 0.454956
-0.76098 -0.476959 0.439795
-0.723719 -0.546777 0.42103
-0.681706 -0.613984 0.397871
-0.626639 -0.678007 0.384226
-0.561287 -0.731768 0.386618
-0.492272 -0.77726 0.391835
-0.421036 -0.816255 0.395547
-0.347445 -0.849758 0.396476
-0.271788 -0.877529 0.395062
-0.194681 -0.899327 0.391549
-0.116503 -0.91536 0.385413
-0.0376571 -0.925621 0.376575
0.0174148 -0.898963 0.437678
0.0977683 -0.900445 0.42384
0.196521 -0.921176 0.33588
0.262865 -0.893907 0.363087
0.293427 -0.856827 0.423967
0.345432 -0.86335 0.367835
0.412823 -0.823981 0.388115
0.479187 -0.78013 0.402215
0.545708 -0.730228 0.411059
0.604361 -0.674802 0.423543
0.65832 -0.615308 0.433603
0.708532 -0.552433 0.43909
0.754855 -0.486797 0.439572
0.797218 -0.419039 0.434569
0.83567 -0.349552 0.423637
0.869843 -0.278001 0.407539
0.864652 -0.211433 0.455711
0.908594 -0.12648 0.398071
0.890756 -0.0629301 0.450103
0.936352 0.0213388 0.350414
0.91984 0.0875493 0.3824
0.928514 0.149418 0.339906
0.902769 0.225349 0.366369
0.90461 0.29037 0.312034
0.871485 0.361487 0.331422
0.83279 0.430334 0.348242
0.788843 0.496617 0.362075
0.739945 0.560049 0.372594
0.726652 0.614248 0.307696
0.669844 0.672878 0.313917
0.607798 0.727356 0.318645
0.541494 0.776879 0.321315
0.471109 0.820782 0.323068
0.399383 0.858652 0.321264
0.324566 0.890105 0.319953
0.252883 0.915114 0.314033
0.179562 0.928272 0.325682
0.0997043 0.936764 0.335459
0.0184589 0.938477 0.344848
-0.0629544 0.933855 0.352067
-0.143983 0.923199 0.356332
-0.224073 0.90668 0.357385
-0.302649 0.884509 0.35503
-0.379095 0.856988 0.349081
-0.452792 0.82443 0.33955
-0.523307 0.786904 0.327005
-0.590461 0.744137 0.312436
-0.65403 0.695803 0.29682
-0.677551 0.643636 0.35589
-0.736475 0.586748 0.336646
-0.814469 0.520837 0.255675
-0.79594 0.508048 0.329191
-0.831573 0.433106 0.347714
-0.861098 0.355531 0.363466
-0.884381 0.274902 0.377225
-0.899381 0.194627 0.391451
-0.932067 0.148389 0.330502
-0.907588 0.114032 0.404079
-0.909663 0.0324473 0.414079
-0.906313 -0.0505871 0.419567
-0.897669 -0.133687 0.419902
-0.884006 -0.21506 0.41507
-0.865207 -0.293858 0.406282
-0.840554 -0.370451 0.395266
-0.810298 -0.444705 0.381647
-0.774593 -0.516508 0.365001
-0.732602 -0.586426 0.345542
-0.678594 -0.657545 0.32733
-0.612074 -0.722664 0.321126
-0.541981 -0.775855 0.322963
-0.470835 -0.819884 0.325735
-0.397902 -0.856996 0.327462
-0.322927 -0.88816 0.326941
-0.24612 -0.913387 0.324266
-0.167868 -0.932623 0.319428
-0.0884113 -0.945932 0.312083
-0.00793164 -0.953249 0.302081
0.0413057 -0.930086 0.365011
0.119559 -0.928776 0.350829
0.156353 -0.948973 0.27387
0.244664 -0.92908 0.277397
0.317626 -0.899618 0.299669
0.396393 -0.864488 0.309086
0.464712 -0.823086 0.326453
0.530538 -0.776733 0.339434
0.594202 -0.724641 0.349027
0.651436 -0.667656 0.360371
0.704366 -0.606596 0.368658
0.75351 -0.542108 0.371943
0.798582 -0.474839 0.369858
0.839432 -0.405283 0.362077
0.875827 -0.333405 0.348952
0.906831 -0.257736 0.33351
0.898735 -0.201184 0.389615
0.944132 -0.100129 0.313989
0.925603 -0.0534802 0.374698
0.974238 0.0163183 0.22493
0.954496 0.0669864 0.290602
0.953091 0.140251 0.26823
0.931938 0.217119 0.290432
0.933086 0.273872 0.23312
0.902728 0.347899 0.253078
0.866686 0.418748 0.271118
0.825169 0.486869 0.28645
0.778424 0.552126 0.298685
0.762618 0.603299 0.233331
0.707741 0.663974 0.241333
0.64772 0.720641 0.247255
0.583251 0.772542 0.250993
0.514894 0.819074 0.252985
0.444124 0.859809 0.251958
0.370384 0.89456 0.250155
0.295043 0.923442 0.245365
0.213857 0.94465 0.248801
0.134246 0.955945 0.26105
0.0532314 0.96104 0.271234
-0.0284249 0.959672 0.27968
-0.110086 0.952061 0.285413
-0.191112 0.938369 0.287994
-0.270863 0.918786 0.287167
-0.348649 0.893622 0.282635
-0.423735 0.863273 0.274241
-0.495652 0.827877 0.262581
-0.564366 0.787099 0.248931
-0.629717 0.740699 0.234141
-0.691542 0.688369 0.218899
-0.713611 0.64198 0.280393
-0.769078 0.580114 0.268305
-0.803701 0.56398 0.189712
-0.85061 0.489268 0.192561
-0.847887 0.4542 0.273479
-0.877254 0.3826 0.289901
-0.901701 0.306943 0.304501
-0.920332 0.228141 0.317713
-0.958431 0.10159 0.266626
-0.937191 0.0681087 0.342103
-0.936184 -0.0131515 0.351265
-0.930098 -0.0960586 0.354529
-0.919288 -0.177861 0.351106
-0.903675 -0.256793 0.34268
-0.88204 -0.333719 0.332621
-0.854698 -0.408389 0.320485
-0.822163 -0.480164 0.305763
-0.784512 -0.548645 0.289014
-0.74109 -0.613533 0.272694
-0.695416 -0.672006 0.254567
-0.642131 -0.72423 0.251314
-0.581279 -0.773219 0.253468
-0.514917 -0.818469 0.254889
-0.444707 -0.858187 0.256417
-0.371541 -0.892214 0.256733
-0.295889 -0.920545 0.255043
-0.218214 -0.942982 0.251333
-0.138907 -0.959382 0.245542
-0.0581245 -0.969643 0.237515
0.0243578 -0.973514 0.227324
0.0735073 -0.95446 0.289141
0.110111 -0.970248 0.215624
0.205085 -0.955653 0.211346
0.296371 -0.929088 0.22127
0.371628 -0.897678 0.236784
0.446357 -0.859875 0.247749
0.51382 -0.816669 0.262756
0.578179 -0.768231 0.274826
0.639346 -0.714317 0.284583
0.694941 -0.65579 0.294952
0.746644 -0.593029 0.301397
0.794499 -0.526681 0.302288
0.838017 -0.457393 0.297522
0.876864 -0.385421 0.287332
0.910423 -0.310136 0.273763
0.937319 -0.23052 0.261331
0.930043 -0.175474 0.322844
0.969706 -0.0721574 0.233376
0.95615 -0.0230585 0.291967
0.988557 0.0310693 0.147614
0.97323 0.0980106 0.207886
0.973544 0.179814 0.140991
0.957495 0.194001 0.213464
0.95392 0.25657 0.155588
0.927495 0.331144 0.173483
0.894913 0.402886 0.191869
0.856424 0.472284 0.208531
0.81224 0.539236 0.222463
0.794201 0.586998 0.157092
0.741348 0.650022 0.166956
0.683188 0.709145 0.174261
0.620315 0.76363 0.179105
0.553426 0.812855 0.181622
0.483617 0.856319 0.181194
0.410754 0.893903 0.179494
0.335275 0.925493 0.176221
0.254695 0.950555 0.177694
0.171844 0.967736 0.184272
0.0906116 0.976521 0.195437
0.00878358 0.978672 0.205242
-0.0735702 0.974364 0.212607
-0.155687 0.963722 0.2168
-0.23674 0.946906 0.217539
-0.31592 0.924232 0.214454
-0.392321 0.8962 0.207149
-0.465395 0.863077 0.196228
-0.535349 0.824467 0.183456
-0.602028 0.780276 0.169506
-0.665386 0.73014 0.155424
-0.725545 0.673119 0.143161
-0.750063 0.628473 0.205977
-0.781864 0.609442 0.131415
-0.838126 0.530959 0.125006
-0.883726 0.447894 0.13572
-0.884844 0.414899 0.21192
-0.912803 0.338793 0.228056
-0.934489 0.26088 0.242222
-0.94978 0.181467 0.254928
-0.978313 0.0516868 0.200579
-0.960474 0.0219162 0.277506
-0.956508 -0.0582783 0.285824
-0.94833 -0.139597 0.284926
-0.935907 -0.218217 0.276512
-0.946441 -0.253225 0.200315
-0.917155 -0.295661 0.267229
-0.892319 -0.37163 0.256238
-0.862086 -0.444999 0.242454
-0.826634 -0.515218 0.226334
-0.785567 -0.582202 0.209585
-0.739608 -0.645271 0.191323
-0.684884 -0.706094 0.179902
-0.624184 -0.760408 0.179369
-0.559697 -0.808534 0.181691
-0.491349 -0.85143 0.183419
-0.419619 -0.88875 0.184511
-0.345057 -0.920376 0.183967
-0.268207 -0.946131 0.181387
-0.189643 -0.965798 0.176831
-0.109925 -0.979235 0.170338
-0.0296166 -0.98634 0.162039
0.0506088 -0.986988 0.152619
0.129398 -0.981185 0.143294
0.203205 -0.969529 0.136823
0.275816 -0.949542 0.149318
0.351619 -0.922615 0.158576
0.423341 -0.889552 0.171695
0.493635 -0.850157 0.183189
0.559165 -0.805353 0.196826
0.621556 -0.755176 0.208274
0.680389 -0.699689 0.217957
0.73419 -0.639661 0.227594
0.784502 -0.57502 0.232182
0.830829 -0.506494 0.230622
0.872386 -0.434787 0.223388
0.908537 -0.360151 0.211781
0.938347 -0.282836 0.198769
0.961218 -0.204606 0.184924
0.956933 -0.150936 0.247988
0.977321 -0.125986 0.170207
0.98608 -0.0455071 0.159922
0.995778 0.0644691 0.0653512
0.985396 0.106391 0.132951
0.986963 0.148226 0.0627155
0.970655 0.228279 0.0756183
0.961532 0.274431 0.0119771
0.947594 0.305898 0.0921474
0.918231 0.380394 0.110235
0.882846 0.451818 0.128235
0.841458 0.520732 0.144176
0.820876 0.565567 0.0793496
0.770467 0.630909 0.0912899
0.71436 0.692568 0.100199
0.653182 0.749706 0.106276
0.587749 0.801598 0.109507
0.519134 0.847646 0.109526
0.447404 0.887787 0.107997
0.372659 0.921937 0.105628
0.293699 0.949951 0.106458
0.211792 0.97101 0.110834
0.12901 0.984551 0.118386
0.0471472 0.990546 0.128826
-0.035097 0.989785 0.138184
-0.118019 0.982471 0.144297
-0.200425 0.968666 0.14668
-0.28111 0.948652 0.145042
-0.358827 0.923039 0.138717
-0.432855 0.892297 0.12823
-0.503778 0.855983 0.116188
-0.571342 0.814236 0.102893
-0.635522 0.766865 0.0896043
-0.696015 0.713822 0.0775918
-0.751989 0.655765 0.0669666
-0.802937 0.593067 0.0596992
-0.845791 0.531187 0.049787
-0.882484 0.46622 0.0621344
-0.915985 0.394215 0.0746132
-0.916668 0.369939 0.151212
-0.94209 0.291664 0.165526
-0.960751 0.212277 0.178592
-0.972801 0.131949 0.19039
-0.989056 0.0755606 0.126722
-0.977337 -0.0259547 0.21009
-0.971305 -0.100608 0.215512
-0.962219 -0.175568 0.20811
-0.970763 -0.19821 0.135396
-0.923984 -0.331393 0.190875
-0.895884 -0.407096 0.177948
-0.892721 -0.439751 0.0983248
-0.8624 -0.479506 0.162296
-0.823312 -0.548616 0.145527
-0.778664 -0.614228 0.128085
-0.726259 -0.677753 0.114889
-0.666768 -0.73742 0.107853
-0.603352 -0.790206 0.107426
-0.536586 -0.836737 0.109301
-0.466321 -0.877622 0.111015
-0.392776 -0.912834 0.111628
-0.316462 -0.942178 0.11024
-0.238028 -0.965377 0.106728
-0.158125 -0.982219 0.101205
-0.0773971 -0.992583 0.093745
0.00350864 -0.996406 0.0846283
0.0840556 -0.993662 0.0746415
0.164504 -0.984187 0.0656828
0.245999 -0.966869 0.0681855
0.321686 -0.943442 0.0802174
0.395941 -0.913778 0.0907768
0.466639 -0.878347 0.1037
0.534847 -0.836977 0.115798
0.599018 -0.790304 0.128829
0.659791 -0.738288 0.140025
0.716728 -0.681115 0.149606
0.76878 -0.619466 0.158865
0.817648 -0.552559 0.161648
0.862212 -0.481387 0.157659
0.901242 -0.407223 0.148095
0.933789 -0.331472 0.134777
0.959654 -0.254009 0.120594
0.973912 -0.223181 0.04107
0.978842 -0.175221 0.105673
0.991204 -0.0944674 0.092687
0.99674 -0.0148235 0.079309
-0.999774 -0.0212334 0.00112781
-0.994297 -0.106415 0.00695584
-0.985812 -0.150695 0.073935
-0.981267 -0.192636 0.00255615
-0.94595 -0.320313 0.0507746
0.935414 0.352384 0.0287334
0.903263 0.426557 0.0465351
0.865165 0.497371 0.064119
-0.841728 -0.539902 8.88936e-005
0.794627 0.606925 0.0144583
0.741089 0.670928 0.0253637
0.681905 0.7307 0.0328971
0.618097 0.78523 0.0370055
0.550938 0.833711 0.0373184
0.480607 0.876203 0.035853
0.407074 0.912764 0.0339525
0.329858 0.943407 0.0343056
0.249737 0.967587 0.0375174
0.167884 0.984859 0.0432162
0.0854961 0.995014 0.0513663
0.00357894 0.998104 0.0614441
-0.0786908 0.994405 0.070474
-0.162023 0.983927 0.0750756
-0.244353 0.96678 0.075013
-0.32356 0.943649 0.0695399
-0.398537 0.91525 0.0590332
-0.470565 0.881087 0.0474817
-0.539197 0.841473 0.0344872
-0.604593 0.796242 0.0215876
-0.666284 0.74564 0.00927578
0.723927 -0.689875 0.00164153
0.777164 -0.629211 0.0104842
0.824789 -0.565074 0.0203502
0.869406 -0.493763 0.0181821
0.906409 -0.422378 0.00443021
-0.937485 0.347901 0.00932184
-0.943687 0.318803 0.0884275
-0.965306 0.240431 0.101865
-0.980515 0.159484 0.114694
-0.992683 0.109423 0.0510541
-0.997563 0.0254498 0.0649666
-0.990558 -0.0134214 0.136437
-0.995296 -0.0622696 0.0742227
-0.984295 -0.106062 0.14112
-0.968942 -0.238636 0.0648452
-0.950216 -0.284617 0.126817
-0.924191 -0.364526 0.113984
-0.917042 -0.397284 0.0346355
-0.882327 -0.470318 0.017312
-0.855646 -0.511126 0.0813625
-0.812805 -0.578984 0.0642379
-0.76299 -0.64445 0.0503086
-0.706373 -0.706663 0.0407889
-0.644454 -0.763816 0.0355489
-0.579015 -0.814561 0.0351051
-0.510338 -0.859191 0.0366769
-0.438329 -0.897994 0.0384004
-0.362931 -0.931019 0.0385207
-0.28472 -0.957925 0.0362535
-0.204524 -0.978347 0.0317312
-0.123134 -0.992073 0.025091
-0.0413811 -0.999008 0.0164317
0.04011 -0.999174 0.00645085
-0.12192 0.992537 0.00246978
-0.205379 0.97867 0.00492113
-0.286128 0.958191 0.000368824
0.361815 -0.932189 0.0106345
0.434976 -0.900179 0.0217728
0.504683 -0.862609 0.0346586
0.571415 -0.819303 0.0472028
0.634365 -0.770714 0.0598434
0.693617 -0.716846 0.0709065
0.748786 -0.657932 0.0802767
0.798908 -0.594746 0.089569
0.846111 -0.525271 0.0904859
0.888208 -0.451796 0.08347
0.923236 -0.377807 0.0699745
0.951828 -0.301506 0.0558317
-0.962318 0.270895 0.0236517
-0.980841 0.191184 0.0374041
0.989428 -0.142452 0.0272111
0.99806 -0.0608731 0.0130397
0.486 0.601804 0.633747