0.0244405 -0.00357776 0.999695
-0.0184383 0.064952 0.997718
-0.0116352 -0.0755822 0.997072
0.101419 0.000396368 0.994844
0.0585126 0.0689416 0.995903
0.0111916 0.135509 0.990713
-0.0705582 0.131682 0.988778
-0.0938921 0.0609753 0.993713
-0.0529039 -0.00787815 0.998569
-0.0905685 -0.0793241 0.992726
-0.0499596 -0.145438 0.988105
0.03024 -0.14227 0.989366
0.0667169 -0.0718378 0.995182
0.177173 0.00553408 0.984164
0.134733 0.0739496 0.988119
0.0896197 0.141332 0.985897
0.0456822 0.207316 0.977207
-0.0316909 0.19964 0.979357
-0.111865 0.196104 0.974182
-0.153936 0.126425 0.979959
-0.166743 0.0550155 0.984464
-0.130299 -0.0127188 0.991393
-0.171497 -0.0777179 0.982114
-0.131451 -0.145379 0.980605
-0.0907372 -0.211395 0.97318
-0.00904389 -0.210691 0.977511
0.0717659 -0.20743 0.975614
0.110087 -0.138655 0.984203
0.144245 -0.0679814 0.987204
0.251836 0.0108799 0.967709
0.210257 0.0791302 0.974438
0.166718 0.146549 0.975053
0.1227 0.212959 0.969326
0.0759124 0.2782 0.957519
-0.00132878 0.271475 0.962444
-0.0796953 0.260041 0.962303
-0.174476 0.266092 0.948026
-0.183389 0.194772 0.963552
-0.238387 0.14567 0.960183
-0.235112 0.0721231 0.969289
-0.210739 -0.0075354 0.977513
-0.249757 -0.0699373 0.96578
-0.211918 -0.141938 0.966925
-0.172234 -0.209775 0.96246
-0.131569 -0.275351 0.952298
-0.049827 -0.27619 0.959811
0.0318967 -0.274736 0.96099
0.112594 -0.271154 0.955928
0.152145 -0.203665 0.967147
0.189338 -0.135006 0.972587
0.219787 -0.0625978 0.973538
0.324696 0.0170844 0.945664
0.284713 0.0847835 0.954856
0.317267 0.157809 0.935114
0.243051 0.151573 0.958098
0.200539 0.217101 0.955328
0.156644 0.280717 0.946922
0.0273311 0.342593 0.939086
-0.0467292 0.333819 0.941478
-0.120892 0.31531 0.941257
-0.184653 0.34653 0.919685
-0.245914 0.301696 0.921144
-0.247977 0.227664 0.941635
-0.302199 0.0985048 0.948142
-0.283171 0.0125969 0.958987
-0.349957 -0.00339563 0.93676
-0.320348 -0.0698695 0.94472
-0.288009 -0.139923 0.94735
-0.251251 -0.208067 0.945294
-0.211687 -0.274219 0.938079
-0.170521 -0.33908 0.925174
-0.0909567 -0.339466 0.93621
-0.00888441 -0.33943 0.940589
0.07233 -0.337659 0.938485
0.152294 -0.333417 0.930398
0.192926 -0.267173 0.944139
0.231651 -0.200446 0.951924
0.26657 -0.127885 0.955294
0.294056 -0.0574057 0.954063
0.39561 0.0235317 0.918117
0.357474 0.0910556 0.929474
0.390064 0.161682 0.906482
0.349121 0.228722 0.908736
0.275783 0.223612 0.934848
0.233137 0.287946 0.928835
0.189776 0.350193 0.917251
0.112242 0.341507 0.933153
0.0670028 0.398512 0.914713
-0.0332247 0.404135 0.914096
-0.108622 0.385125 0.91645
-0.177142 0.418163 0.890932
-0.248691 0.378399 0.891609
-0.313436 0.258703 0.913691
-0.307099 0.178929 0.934706
-0.370844 0.140939 0.917939
-0.364241 0.0666827 0.928914
-0.420881 0.0137868 0.907011
-0.39697 -0.0619133 0.915741
-0.36474 -0.132069 0.921696
-0.330221 -0.201573 0.922129
-0.292274 -0.268877 0.917759
-0.251713 -0.334129 0.908294
-0.20954 -0.397973 0.893146
-0.129034 -0.403626 0.90578
-0.0504348 -0.401259 0.914575
0.0317767 -0.401332 0.915381
0.112968 -0.399088 0.909927
0.230362 -0.330621 0.915218
0.271526 -0.266582 0.924774
0.34159 -0.249031 0.906256
0.306388 -0.189199 0.932915
0.347048 -0.12232 0.929836
0.364511 -0.0514856 0.929775
0.465517 0.023098 0.884737
0.429358 0.0934158 0.89829
0.460864 0.161478 0.872656
0.420527 0.230537 0.877502
0.378949 0.297968 0.876135
0.307092 0.294379 0.905006
0.264492 0.358098 0.895438
0.220021 0.41916 0.88085
0.144732 0.40976 0.900638
0.0958069 0.46606 0.87955
0.0202256 0.448491 0.893559
-0.0392442 0.485523 0.873343
-0.103988 0.452214 0.885827
-0.24235 0.450139 0.859443
-0.311845 0.408598 0.857788
-0.312834 0.333903 0.889181
-0.378499 0.290518 0.878828
-0.375553 0.215311 0.901444
-0.43795 0.167233 0.883308
-0.432133 0.0911338 0.897193
-0.486332 0.0355019 0.873053
-0.467426 -0.043756 0.882948
-0.440455 -0.119541 0.88978
-0.407521 -0.190485 0.893108
-0.371734 -0.259497 0.891333
-0.332822 -0.326011 0.884842
-0.291438 -0.390179 0.873398
-0.24867 -0.452625 0.856326
-0.167533 -0.461495 0.87118
-0.0855689 -0.466338 0.880459
-0.0102548 -0.460609 0.887544
0.0770515 -0.45864 0.885275
0.187857 -0.397313 0.898249
0.257657 -0.397103 0.880864
0.30542 -0.336845 0.890648
0.370813 -0.307798 0.876218
0.418201 -0.246075 0.874388
0.385713 -0.182467 0.904395
0.428322 -0.118645 0.895803
0.430206 -0.0462666 0.901545
0.531467 0.0164158 0.84692
0.498696 0.0904369 0.862046
0.528613 0.157166 0.834186
0.489403 0.228553 0.841575
0.448374 0.298117 0.842667
0.407576 0.365483 0.836841
0.337207 0.363387 0.868471
0.29408 0.425805 0.855691
0.244847 0.48498 0.83955
0.170692 0.477134 0.862095
0.114099 0.530575 0.839923
0.0370193 0.514595 0.856634
-0.0256269 0.552792 0.832925
-0.100926 0.523045 0.846308
-0.170824 0.487468 0.856268
-0.235156 0.51895 0.821823
-0.305471 0.479539 0.822636
-0.373562 0.436579 0.818444
-0.376989 0.364093 0.851654
-0.441683 0.317005 0.8393
-0.441096 0.242488 0.86408
-0.501337 0.190542 0.844011
-0.496395 0.113751 0.860612
-0.54864 0.0569847 0.834115
-0.532708 -0.0225654 0.845998
-0.510308 -0.101137 0.854024
-0.481683 -0.176206 0.858448
-0.447899 -0.24723 0.859223
-0.410766 -0.315886 0.85527
-0.370349 -0.382082 0.846673
-0.326953 -0.44609 0.83313
-0.28118 -0.509278 0.813372
-0.208037 -0.514843 0.83166
-0.122908 -0.520713 0.844838
-0.0422185 -0.531159 0.846219
0.0294436 -0.513226 0.857748
0.111746 -0.51581 0.849384
0.162593 -0.460671 0.872551
0.244063 -0.465231 0.850878
0.319248 -0.417234 0.85088
0.378857 -0.373615 0.846687
0.43912 -0.316579 0.840804
0.486761 -0.254177 0.835738
0.461523 -0.183347 0.867975
0.505249 -0.123015 0.854161
0.493596 -0.0521311 0.868127
0.594423 0.0106732 0.804082
0.564142 0.0842408 0.821369
0.592914 0.151416 0.790902
0.555239 0.223071 0.801217
0.514934 0.294597 0.805019
0.47493 0.364226 0.801113
0.438718 0.429376 0.789406
0.367012 0.429347 0.825205
0.318165 0.489523 0.811873
0.264574 0.546896 0.794295
0.189978 0.540671 0.819502
0.130867 0.591183 0.79585
0.0529452 0.576685 0.815249
-0.0100125 0.614692 0.788704
-0.0883605 0.587781 0.80418
-0.163968 0.555474 0.815207
-0.226271 0.585057 0.778787
-0.297307 0.547365 0.782304
-0.366391 0.506211 0.78071
-0.433163 0.461114 0.774431
-0.438571 0.389882 0.809721
-0.501915 0.340123 0.795234
-0.503165 0.266041 0.822221
-0.561278 0.21212 0.799982
-0.557411 0.135332 0.819133
-0.607828 0.0779343 0.790235
-0.594288 -0.00133312 0.804251
-0.575162 -0.0803099 0.814088
-0.550614 -0.157535 0.81976
-0.520583 -0.231544 0.821815
-0.485792 -0.302006 0.820243
-0.447421 -0.36982 0.814277
-0.405727 -0.434955 0.803865
-0.360862 -0.497388 0.788913
-0.312654 -0.557514 0.769042
-0.236081 -0.578815 0.780538
-0.166926 -0.569426 0.804916
-0.0876591 -0.581807 0.80859
-0.0129142 -0.59727 0.801936
0.0534255 -0.568027 0.821274
0.129973 -0.576078 0.806995
0.18923 -0.520949 0.832348
0.262281 -0.529491 0.806752
0.321481 -0.482548 0.814738
0.388317 -0.439666 0.809879
0.448243 -0.385217 0.806651
0.504111 -0.325528 0.79994
0.551587 -0.263079 0.791543
0.531031 -0.191968 0.825321
0.574064 -0.129203 0.808553
0.556916 -0.0579278 0.828546
0.654135 0.00646364 0.75635
0.626167 0.0792225 0.775653
0.653504 0.147476 0.742417
0.61793 0.217903 0.755434
0.578365 0.287978 0.763258
0.538344 0.359652 0.762126
0.509547 0.425665 0.747778
0.460846 0.487771 0.741418
0.390328 0.490702 0.779009
0.337736 0.54948 0.764203
0.282012 0.604833 0.744746
0.20732 0.600159 0.772546
0.14737 0.647938 0.747301
0.069121 0.635161 0.769281
0.00610685 0.672345 0.740213
-0.0734914 0.647672 0.758367
-0.151518 0.618549 0.770999
-0.213626 0.64669 0.732227
-0.287054 0.611874 0.737028
-0.357161 0.572748 0.737831
-0.42482 0.529608 0.734196
-0.489978 0.482535 0.726004
-0.4971 0.412315 0.763471
-0.558915 0.360741 0.746645
-0.561811 0.287362 0.775753
-0.617765 0.232231 0.751289
-0.615171 0.155895 0.772827
-0.663727 0.0981965 0.741502
-0.652274 0.0194597 0.757733
-0.635975 -0.0592716 0.76943
-0.614795 -0.13682 0.776729
-0.588652 -0.212221 0.780033
-0.557633 -0.28448 0.779819
-0.522369 -0.353288 0.776092
-0.483825 -0.419018 0.768334
-0.442437 -0.481584 0.756523
-0.398155 -0.540703 0.741021
-0.351902 -0.596835 0.721077
-0.277148 -0.62183 0.732473
-0.20576 -0.64724 0.733991
-0.144282 -0.625093 0.767099
-0.0689235 -0.643063 0.762706
0.00290282 -0.661727 0.74974
0.0642104 -0.625336 0.77771
0.139522 -0.6349 0.759892
0.20322 -0.583034 0.786622
0.274768 -0.590842 0.758556
0.335559 -0.543833 0.769186
0.397683 -0.500721 0.768848
0.458372 -0.449819 0.766523
0.514675 -0.393324 0.761844
0.566864 -0.333013 0.753504
0.613066 -0.269949 0.742481
0.595469 -0.199553 0.7782
0.63675 -0.134297 0.759285
0.618343 -0.0626433 0.783408
0.710018 0.00378717 0.704173
0.684329 0.076005 0.725202
0.709496 0.145928 0.689435
0.676247 0.215916 0.704323
0.63829 0.284434 0.715321
0.596673 0.353122 0.720615
0.57935 0.42049 0.698242
0.529271 0.481184 0.698809
0.477035 0.544175 0.690153
0.408936 0.548814 0.729091
0.354716 0.605753 0.712207
0.299297 0.658445 0.690559
0.224213 0.655567 0.721082
0.163161 0.70068 0.694568
0.0851297 0.689917 0.718866
0.0221698 0.725971 0.687368
-0.0579965 0.703142 0.70868
-0.137041 0.676964 0.723145
-0.199259 0.703755 0.681928
-0.274051 0.672024 0.687953
-0.345841 0.635661 0.690166
-0.414493 0.594839 0.68874
-0.480373 0.549844 0.683311
-0.543667 0.501085 0.673305
-0.552317 0.431994 0.712971
-0.612556 0.379111 0.693578
-0.617021 0.306816 0.724672
-0.67066 0.251005 0.698006
-0.669514 0.175459 0.721779
-0.716066 0.117869 0.688009
-0.706454 0.0396327 0.706649
-0.692728 -0.0387567 0.720156
-0.674529 -0.116209 0.729045
-0.651692 -0.191989 0.733783
-0.624281 -0.265353 0.734753
-0.592558 -0.335563 0.732306
-0.557174 -0.402302 0.726437
-0.518948 -0.465642 0.716848
-0.478304 -0.525441 0.70366
-0.435109 -0.581352 0.687539
-0.389216 -0.634029 0.668221
-0.321341 -0.660128 0.678949
-0.253034 -0.68521 0.68298
-0.185155 -0.711777 0.677562
-0.129565 -0.681731 0.720039
-0.0548897 -0.701849 0.710208
0.0192113 -0.719695 0.694024
0.0777235 -0.68148 0.727698
0.151523 -0.690816 0.706976
0.212273 -0.642053 0.736687
0.282968 -0.648198 0.706943
0.345435 -0.603319 0.718806
0.407251 -0.559852 0.721604
0.467154 -0.511444 0.721244
0.524061 -0.457834 0.718156
0.577199 -0.400116 0.711862
0.626332 -0.338928 0.702023
0.670559 -0.274916 0.689037
0.655389 -0.20496 0.72695
0.694391 -0.137909 0.70626
0.67649 -0.0662439 0.733466
0.761574 0.00264421 0.648073
0.738038 0.0746699 0.670615
0.760376 0.14632 0.632787
0.729002 0.216892 0.649241
0.69244 0.286019 0.662359
0.649655 0.353947 0.672808
0.643208 0.419728 0.640399
0.593484 0.477858 0.647633
0.541401 0.537058 0.64688
0.488963 0.599435 0.633714
0.424498 0.604267 0.674287
0.373112 0.657207 0.654879
0.314205 0.707416 0.633118
0.239768 0.706733 0.665612
0.177687 0.749374 0.637861
0.100478 0.74084 0.664123
0.0377876 0.775629 0.630057
-0.0425708 0.754199 0.655265
-0.121943 0.730908 0.671493
-0.184294 0.756257 0.627782
-0.259618 0.727552 0.635032
-0.332418 0.694151 0.638477
-0.40228 0.656106 0.638511
-0.469034 0.613605 0.635214
-0.532831 0.566939 0.628228
-0.5941 0.516745 0.616457
-0.604056 0.449062 0.658377
-0.662774 0.395253 0.636007
-0.668736 0.324573 0.668913
-0.719716 0.268762 0.640138
-0.720184 0.194247 0.666035
-0.7645 0.137496 0.62979
-0.756451 0.059421 0.651346
-0.745143 -0.0188722 0.666638
-0.729617 -0.096385 0.67703
-0.709508 -0.172634 0.683225
-0.684787 -0.247153 0.685552
-0.655551 -0.319427 0.684266
-0.622079 -0.388959 0.679506
-0.584917 -0.4555 0.671113
-0.544545 -0.518998 0.658871
-0.501 -0.579233 0.64303
-0.452922 -0.635548 0.625253
-0.387866 -0.685014 0.616698
-0.316662 -0.713151 0.625413
-0.245658 -0.73986 0.626306
-0.173911 -0.765644 0.61931
-0.112912 -0.737554 0.665781
-0.0394139 -0.756237 0.65311
0.0351065 -0.771155 0.635679
0.0961106 -0.734397 0.671881
0.173689 -0.742404 0.647046
0.222177 -0.698051 0.680707
0.287528 -0.702625 0.650881
0.350434 -0.660554 0.663976
0.412377 -0.618028 0.669318
0.472694 -0.571492 0.670788
0.530233 -0.520228 0.66949
0.584494 -0.464801 0.665077
0.635045 -0.405732 0.657343
0.681561 -0.343425 0.646169
0.723548 -0.278339 0.631669
0.71073 -0.208621 0.671818
0.747185 -0.140119 0.649678
0.730659 -0.0685054 0.679297
0.8085 0.00251729 0.588491
0.786973 0.0747042 0.612448
0.806525 0.14663 0.572728
0.77699 0.217762 0.590649
0.741985 0.287614 0.605588
0.700098 0.355837 0.619066
0.69943 0.420101 0.578198
0.651206 0.478977 0.588652
0.600533 0.536106 0.593253
0.546808 0.592657 0.591404
0.519214 0.649596 0.555376
0.459112 0.697534 0.550148
0.387345 0.70287 0.596605
0.32596 0.752468 0.572313
0.253319 0.753936 0.606144
0.190557 0.79397 0.577321
0.114714 0.787855 0.605083
0.053121 0.821301 0.568016
-0.0275938 0.800697 0.598433
-0.106879 0.780369 0.616118
-0.169336 0.804113 0.569849
-0.244652 0.778322 0.578239
-0.317845 0.747834 0.582853
-0.388464 0.712689 0.584098
-0.456133 0.672962 0.582293
-0.520691 0.628851 0.577432
-0.582185 0.580631 0.569147
-0.641377 0.529204 0.555499
-0.652187 0.463418 0.599914
-0.70963 0.409083 0.573652
-0.716908 0.340981 0.608092
-0.76436 0.2866 0.577593
-0.766796 0.212955 0.605536
-0.808656 0.157603 0.566778
-0.801814 0.0792147 0.5923
-0.792957 0.00083238 0.609277
-0.780014 -0.0767422 0.621039
-0.762426 -0.153284 0.628657
-0.740118 -0.228501 0.632465
-0.713126 -0.302037 0.632634
-0.681578 -0.373487 0.629253
-0.645761 -0.442486 0.622254
-0.605986 -0.508836 0.611447
-0.562211 -0.572495 0.596798
-0.513366 -0.633277 0.579151
-0.451701 -0.687724 0.568333
-0.377657 -0.733637 0.564935
-0.305157 -0.763351 0.569364
-0.232961 -0.790127 0.566946
-0.159891 -0.814284 0.558011
-0.10056 -0.788216 0.607127
-0.0265868 -0.805022 0.592649
0.0471953 -0.817587 0.573868
0.110705 -0.782056 0.613296
0.186505 -0.786306 0.589015
0.253761 -0.751577 0.608882
0.325051 -0.766993 0.55323
0.3416 -0.718907 0.605378
0.408186 -0.676764 0.612678
0.471104 -0.631211 0.616144
0.530845 -0.581543 0.616451
0.587008 -0.527878 0.613814
0.639425 -0.470601 0.608006
0.687859 -0.410047 0.598925
0.732062 -0.346525 0.58652
0.771737 -0.280382 0.570796
0.761304 -0.210857 0.613153
0.795066 -0.141149 0.58987
0.780394 -0.0694967 0.621414
0.850735 0.00246512 0.52559
0.831249 0.0747119 0.550857
0.848117 0.145932 0.509315
0.820608 0.217286 0.528574
0.787577 0.287426 0.545077
0.748067 0.355755 0.560209
0.747937 0.419956 0.51403
0.701077 0.481533 0.525944
0.650593 0.540451 0.533518
0.595068 0.597604 0.537367
0.580966 0.650729 0.488908
0.521691 0.696127 0.4932
0.460833 0.742 0.486897
0.39629 0.745512 0.535878
0.333792 0.794526 0.507258
0.264699 0.797457 0.542215
0.204275 0.833696 0.513052
0.128584 0.830699 0.541668
0.0678622 0.862765 0.501029
-0.0133961 0.842349 0.538766
-0.0922687 0.825242 0.557191
-0.154655 0.847208 0.508252
-0.229599 0.824197 0.517671
-0.302787 0.796483 0.523388
-0.373754 0.764144 0.52573
-0.442069 0.727212 0.525108
-0.507401 0.68578 0.521776
-0.569596 0.640097 0.515594
-0.628542 0.590465 0.506246
-0.685478 0.538615 0.489912
-0.696656 0.474658 0.537931
-0.753028 0.421772 0.505033
-0.761343 0.358026 0.540531
-0.803153 0.30567 0.511382
-0.808799 0.23197 0.540401
-0.84213 0.0985623 0.530191
-0.835941 0.0203328 0.548443
-0.825624 -0.0570381 0.56133
-0.810544 -0.133554 0.570248
-0.790637 -0.208993 0.575513
-0.765948 -0.283047 0.577242
-0.813988 -0.262898 0.517984
-0.736564 -0.355361 0.575493
-0.702647 -0.425592 0.570226
-0.664344 -0.493488 0.561353
-0.621371 -0.559014 0.549001
-0.572175 -0.62259 0.533852
-0.511601 -0.684263 0.519662
-0.437858 -0.737072 0.514787
-0.363596 -0.779757 0.509683
-0.291214 -0.809702 0.509487
-0.218687 -0.835443 0.504193
-0.145311 -0.857443 0.493635
-0.0853716 -0.834262 0.544719
-0.00998656 -0.849079 0.528171
0.0665548 -0.859335 0.507064
0.119922 -0.825988 0.550783
0.190091 -0.828439 0.526835
0.257371 -0.796748 0.546766
0.313362 -0.813365 0.490144
0.383094 -0.779523 0.495564
0.398752 -0.7309 0.553879
0.464454 -0.687613 0.558096
0.526318 -0.640018 0.559791
0.584602 -0.588369 0.558625
0.639076 -0.532998 0.554521
0.689574 -0.474267 0.547319
0.735883 -0.412494 0.536959
0.77778 -0.347985 0.523417
0.815038 -0.281059 0.506674
0.806957 -0.21191 0.551284
0.83795 -0.141364 0.527121
0.825431 -0.0696614 0.560188
0.888209 0.00204296 0.459434
0.870902 0.0740197 0.48585
0.885075 0.1439 0.442646
0.859733 0.215337 0.463129
0.828854 0.285703 0.481014
0.791911 0.354376 0.497288
0.791113 0.417196 0.447312
0.746523 0.480346 0.460403
0.697677 0.54061 0.470093
0.643828 0.598122 0.477215
0.632454 0.649902 0.421461
0.573869 0.698714 0.42717
0.513208 0.744225 0.427489
0.448778 0.788357 0.420822
0.397943 0.786949 0.471543
0.356665 0.829799 0.429213
0.282696 0.835462 0.47126
0.216971 0.867138 0.448326
0.141195 0.868743 0.47471
-0.000181469 0.878929 0.476952
-0.0782831 0.865417 0.494899
-0.139938 0.885487 0.443092
-0.214277 0.865116 0.453497
-0.287283 0.839995 0.460301
-0.358439 0.810254 0.463692
-0.427301 0.775883 0.464133
-0.493545 0.736845 0.462031
-0.556973 0.69314 0.457535
-0.61767 0.64473 0.450341
-0.675881 0.590874 0.440515
-0.739675 0.530594 0.413945
-0.734602 0.487188 0.472237
-0.782034 0.451131 0.430005
-0.801379 0.382365 0.459989
-0.835365 0.319527 0.44729
-0.846411 0.247337 0.471607
-0.848566 0.176988 0.498609
-0.877023 0.117896 0.465758
-0.873946 0.039814 0.48439
-0.866326 -0.0371132 0.498097
-0.853771 -0.113351 0.508161
-0.836295 -0.188726 0.514775
-0.85688 -0.242027 0.45517
-0.786987 -0.335448 0.517809
-0.75551 -0.405916 0.514234
-0.719882 -0.473804 0.507228
-0.680395 -0.538566 0.497
-0.637083 -0.599561 0.484409
-0.590216 -0.655883 0.470598
-0.541386 -0.706059 0.456489
-0.482298 -0.74712 0.457384
-0.417074 -0.787438 0.453862
-0.346996 -0.823519 0.448787
-0.275505 -0.851784 0.445602
-0.20297 -0.875755 0.438013
-0.129234 -0.895468 0.425953
-0.0711094 -0.874805 0.479228
0.00333873 -0.887076 0.461612
0.077529 -0.894259 0.440784
0.146261 -0.864701 0.480521
0.242004 -0.843438 0.479631
0.29644 -0.855655 0.424238
0.367466 -0.823984 0.431299
0.436219 -0.787458 0.435458
0.452601 -0.740084 0.497421
0.516905 -0.69496 0.49984
0.577333 -0.645538 0.499967
0.633964 -0.592252 0.49732
0.686606 -0.535476 0.49177
0.735076 -0.47557 0.483215
0.779169 -0.412867 0.471632
0.818677 -0.347697 0.457027
0.853407 -0.280386 0.439409
0.847624 -0.21199 0.486409
0.875792 -0.141069 0.461615
0.865675 -0.0695796 0.495748
0.920819 0.000945988 0.389989
0.905877 0.0722233 0.417338
0.917371 0.139559 0.372765
0.894374 0.211079 0.394386
0.865803 0.281661 0.413585
0.831506 0.350711 0.430812
0.829397 0.41147 0.37788
0.787385 0.475863 0.391891
0.740824 0.537302 0.403095
0.689505 0.595684 0.411999
0.676885 0.646235 0.352429
0.619761 0.697813 0.3591
0.559413 0.745516 0.362303
0.495169 0.790072 0.361377
0.419706 0.829657 0.368125
0.351711 0.863855 0.360631
0.291599 0.868362 0.401145
0.227616 0.896196 0.380819
0.155088 0.901109 0.404908
0.0825852 0.89981 0.428393
0.0119405 0.910364 0.413636
-0.06468 0.900854 0.429277
-0.120538 0.91927 0.374717
-0.195847 0.901409 0.386143
-0.269498 0.878689 0.394052
-0.341198 0.851373 0.398431
-0.410611 0.81948 0.399815
-0.477456 0.782955 0.39877
-0.541453 0.741845 0.395595
-0.602346 0.696208 0.390478
-0.660005 0.646298 0.383005
-0.7128 0.591537 0.376829
-0.760628 0.554215 0.338069
-0.792242 0.489606 0.364195
-0.825286 0.417651 0.380094
-0.853707 0.351073 0.384619
-0.875225 0.273801 0.398765
-0.884147 0.201094 0.421716
-0.905817 0.135266 0.401497
-0.906894 0.0586524 0.417256
-0.901989 -0.0169545 0.431425
-0.891951 -0.0924808 0.442572
-0.87688 -0.167657 0.450524
-0.872071 -0.292713 0.392188
-0.832086 -0.315089 0.456456
-0.802702 -0.386337 0.454328
-0.769049 -0.455252 0.448675
-0.731499 -0.521296 0.4395
-0.690158 -0.583963 0.427399
-0.644608 -0.642982 0.413588
-0.594376 -0.698304 0.39886
-0.534647 -0.748834 0.391663
-0.470655 -0.790558 0.391793
-0.403375 -0.828398 0.388646
-0.332948 -0.861369 0.383653
-0.260954 -0.888069 0.378467
-0.187849 -0.910182 0.369162
-0.113788 -0.927566 0.355913
-0.0543447 -0.910338 0.410282
0.0216319 -0.920037 0.391234
0.0990392 -0.92457 0.367916
0.148996 -0.89749 0.415106
0.219273 -0.880046 0.421234
0.268195 -0.89306 0.361269
0.345404 -0.864647 0.364803
0.416629 -0.83055 0.369603
0.484447 -0.791437 0.372745
0.502938 -0.74557 0.43724
0.565518 -0.698672 0.438232
0.624276 -0.647634 0.436863
0.679104 -0.592926 0.432732
0.729779 -0.534952 0.425734
0.776094 -0.4741 0.415822
0.817843 -0.410751 0.40301
0.854831 -0.345292 0.387347
0.886886 -0.278073 0.368929
0.883272 -0.211183 0.418607
0.908536 -0.140267 0.393558
0.901065 -0.0694566 0.428086
0.948469 -0.00177631 0.316866
0.936192 0.0681538 0.344819
0.94486 0.131323 0.299989
0.924452 0.203481 0.322465
0.898317 0.274522 0.343022
0.866697 0.344116 0.361137
0.862802 0.402471 0.305925
0.823484 0.468009 0.32069
0.779405 0.530678 0.33303
0.730601 0.590284 0.343202
0.71617 0.638724 0.281305
0.661197 0.69234 0.288935
0.602517 0.741982 0.294
0.5401 0.787774 0.296149
0.472198 0.828793 0.300217
0.405482 0.864009 0.29845
0.334886 0.894278 0.296846
0.268268 0.908425 0.320619
0.185712 0.926262 0.327947
0.111186 0.930022 0.350282
0.0382339 0.935427 0.351445
-0.0432265 0.931594 0.36092
-0.0960878 0.947396 0.305299
-0.17367 0.932452 0.316814
-0.248773 0.912219 0.325527
-0.321571 0.887266 0.330682
-0.391966 0.857678 0.332794
-0.459898 0.823329 0.3326
-0.525258 0.784161 0.330448
-0.58802 0.739933 0.326699
-0.648409 0.690016 0.321626
-0.707535 0.632417 0.315346
-0.768098 0.580672 0.269901
-0.807019 0.516255 0.286708
-0.837425 0.451719 0.307683
-0.867948 0.383661 0.315389
-0.892103 0.310458 0.32828
-0.909165 0.235948 0.343143
-0.925927 0.165767 0.339382
-0.933786 0.0854552 0.347478
-0.932416 0.00821217 0.361293
-0.925073 -0.0679508 0.373661
-0.912449 -0.14367 0.38314
-0.894734 -0.21874 0.389364
-0.906939 -0.26733 0.325572
-0.881541 -0.340986 0.326517
-0.844635 -0.365088 0.391538
-0.812727 -0.435331 0.387248
-0.776782 -0.502856 0.379138
-0.737076 -0.567096 0.367589
-0.692979 -0.6279 0.354291
-0.643771 -0.685269 0.340537
-0.586676 -0.739079 0.331018
-0.523947 -0.786949 0.325869
-0.458131 -0.827402 0.324842
-0.389326 -0.863204 0.321411
-0.317823 -0.893943 0.315998
-0.244793 -0.919012 0.30902
-0.170588 -0.939169 0.298095
-0.0953755 -0.954219 0.283496
-0.0391511 -0.939817 0.339428
0.035326 -0.946807 0.319858
0.109792 -0.947575 0.30008
0.188413 -0.916083 0.353966
0.251423 -0.922235 0.293714
0.32353 -0.897889 0.298537
0.395136 -0.867668 0.301696
0.463668 -0.831782 0.305206
0.529338 -0.790704 0.307554
0.54926 -0.747308 0.373957
0.610211 -0.698604 0.373624
0.667288 -0.645955 0.370768
0.720281 -0.589822 0.36511
0.76894 -0.530635 0.356591
0.813034 -0.468837 0.345207
0.852348 -0.404898 0.330999
0.886684 -0.339318 0.314094
0.915875 -0.272522 0.294797
0.913898 -0.209282 0.347839
0.936089 -0.138846 0.3232
0.931558 -0.0693403 0.356921
0.970752 -0.012459 0.239763
0.961947 0.0585398 0.266892
0.966368 0.121641 0.226576
0.949231 0.193867 0.247744
0.925904 0.264564 0.269645
0.897166 0.334368 0.288603
0.891391 0.389599 0.231592
0.854851 0.456248 0.247119
0.813378 0.520207 0.260385
0.767119 0.581169 0.271608
0.750517 0.627178 0.208258
0.697719 0.682775 0.216811
0.640835 0.734492 0.223277
0.57991 0.782282 0.227462
0.514285 0.825809 0.231411
0.446071 0.864488 0.231692
0.373483 0.898546 0.230491
0.295332 0.924676 0.24032
0.222016 0.939541 0.260714
0.141037 0.951502 0.273409
0.0654288 0.95654 0.284165
-0.0149829 0.955634 0.294174
-0.0682794 0.969149 0.236827
-0.148392 0.957593 0.246971
-0.225351 0.940132 0.255672
-0.299332 0.91772 0.261131
-0.370464 0.890666 0.263573
-0.438833 0.858929 0.263943
-0.50429 0.822664 0.262519
-0.566611 0.781967 0.259769
-0.625484 0.737004 0.256113
-0.680448 0.687942 0.252439
-0.731032 0.636709 0.245343
-0.770996 0.608702 0.187209
-0.809503 0.548274 0.210002
-0.845237 0.483508 0.227586
-0.875628 0.417254 0.243259
-0.902925 0.345861 0.25516
-0.923972 0.272558 0.268306
-0.941145 0.199399 0.272923
-0.95248 0.119897 0.28001
-0.956182 0.0389754 0.290169
-0.952359 -0.0394054 0.302422
-0.942543 -0.116244 0.313209
-0.927326 -0.192269 0.321089
-0.936405 -0.239064 0.256893
-0.913292 -0.313842 0.259616
-0.885134 -0.386956 0.258464
-0.851418 -0.412678 0.323704
-0.817065 -0.481729 0.316767
-0.779024 -0.547393 0.305748
-0.736556 -0.609665 0.292907
-0.688937 -0.668603 0.279883
-0.634623 -0.724199 0.269794
-0.574607 -0.775181 0.262529
-0.510346 -0.8203 0.258175
-0.443162 -0.858975 0.256455
-0.373016 -0.892759 0.252667
-0.300401 -0.921414 0.246487
-0.226297 -0.944572 0.23785
-0.150988 -0.96247 0.225507
-0.0745024 -0.974881 0.209897
-0.0193528 -0.963885 0.265613
0.0579962 -0.967728 0.245233
0.180095 -0.9411 0.286175
0.218894 -0.950239 0.221656
0.294775 -0.927857 0.228449
0.367829 -0.900378 0.232427
0.438269 -0.867471 0.235403
0.505472 -0.82927 0.238349
0.56962 -0.786007 0.240263
0.59209 -0.744672 0.308047
0.651306 -0.694192 0.306427
0.70667 -0.639823 0.302065
0.757846 -0.58203 0.294806
0.804542 -0.52125 0.284624
0.846516 -0.457927 0.271504
0.883552 -0.392518 0.255473
0.915467 -0.325367 0.236764
0.942128 -0.256297 0.216119
0.93981 -0.204648 0.273635
0.95861 -0.135339 0.250498
0.957144 -0.0702824 0.280957
0.984862 -0.0283672 0.171001
0.981716 0.0463968 0.18461
0.981337 0.113526 0.155208
0.967806 0.185805 0.169789
0.948087 0.252884 0.192824
0.922788 0.321067 0.213023
0.915991 0.369954 0.155221
0.881801 0.439252 0.171709
0.842789 0.505185 0.185728
0.798986 0.567871 0.197847
0.779899 0.611483 0.133591
0.729586 0.668776 0.142976
0.67495 0.722331 0.150597
0.616084 0.771995 0.156409
0.552756 0.817577 0.161332
0.485508 0.858669 0.164223
0.412835 0.895552 0.165995
0.332142 0.927565 0.171188
0.250208 0.950277 0.185392
0.172584 0.963843 0.20303
0.0929216 0.972539 0.213386
0.0128865 0.974136 0.225596
-0.0418581 0.985076 0.166953
-0.121725 0.976581 0.177406
-0.200372 0.961993 0.185528
-0.275948 0.942072 0.190667
-0.348388 0.917291 0.192882
-0.418031 0.887612 0.193376
-0.484807 0.853254 0.192147
-0.548596 0.814291 0.189664
-0.60923 0.770806 0.186272
-0.666544 0.722718 0.182751
-0.720497 0.670305 0.177692
-0.759125 0.640721 0.114919
-0.806106 0.577827 0.127704
-0.844059 0.515277 0.148504
-0.878033 0.44911 0.165407
-0.907203 0.379904 0.180709
-0.931752 0.307252 0.193479
-0.951108 0.233074 0.202656
-0.965037 0.154852 0.211479
-0.972504 0.0736455 0.220936
-0.972902 -0.00753562 0.231095
-0.966542 -0.0864502 0.241503
-0.974931 -0.133088 0.178318
-0.954212 -0.163241 0.250664
-0.960125 -0.208731 0.185989
-0.939654 -0.283919 0.190892
-0.913726 -0.358229 0.19177
-0.882887 -0.430393 0.187811
-0.852471 -0.45755 0.252865
-0.816208 -0.5245 0.242291
-0.775516 -0.588029 0.229776
-0.729751 -0.648301 0.217186
-0.678037 -0.705334 0.206809
-0.620898 -0.758287 0.198714
-0.559181 -0.80635 0.192659
-0.493783 -0.848831 0.188849
-0.425545 -0.885438 0.186845
-0.354408 -0.917089 0.1826
-0.281086 -0.943528 0.175344
-0.206674 -0.964379 0.165103
-0.131846 -0.979621 0.151524
0.0039353 -0.981372 0.192076
0.086275 -0.981165 0.172836
0.136811 -0.96453 0.225754
0.175041 -0.971363 0.160667
0.260511 -0.952229 0.159354
0.336682 -0.92754 0.162219
0.408807 -0.89761 0.164843
0.477721 -0.862421 0.167372
0.543363 -0.822124 0.169911
0.605874 -0.776851 0.171523
0.630775 -0.737905 0.240039
0.688421 -0.685449 0.237142
0.742081 -0.62916 0.231244
0.791348 -0.569507 0.222327
0.835904 -0.506952 0.210387
0.875473 -0.442004 0.195396
0.909816 -0.375121 0.177534
0.938811 -0.306162 0.157791
0.962429 -0.233555 0.138503
0.963399 -0.183862 0.195084
0.979914 -0.152963 0.127948
0.97665 -0.0982373 0.191062
0.994394 0.0036486 0.105671
0.992592 0.0759239 0.0948524
0.983031 0.1583 0.0926839
0.966846 0.232202 0.106262
0.945378 0.297977 0.132173
0.93463 0.346426 0.0803436
0.902963 0.418834 0.0961092
0.866721 0.486522 0.109954
0.825681 0.550671 0.122526
0.804081 0.591751 0.0573152
0.756745 0.65022 0.0674536
0.704898 0.705227 0.0759872
0.648834 0.756399 0.0829149
0.588819 0.80339 0.0886379
0.525493 0.845714 0.0928661
0.459316 0.883085 0.0958677
0.391427 0.914956 0.0981893
0.324417 0.940643 0.0997192
0.257149 0.959753 0.112913
0.186733 0.973918 0.128899
0.113771 0.983356 0.141657
0.0370869 0.987297 0.154498
-0.0154068 0.995394 0.0946245
-0.0945467 0.989781 0.106741
-0.173796 0.977987 0.115486
-0.250742 0.960575 0.120099
-0.324452 0.938049 0.121637
-0.395445 0.910345 0.122045
-0.463617 0.877754 0.120864
-0.528897 0.840361 0.118583
-0.591145 0.798251 0.11551
-0.650231 0.751379 0.112381
-0.706052 0.69972 0.10901
-0.742447 0.668504 0.0433089
-0.792568 0.60751 0.0526124
-0.836582 0.54374 0.0669155
-0.873351 0.47938 0.0863323
-0.905568 0.411423 0.103337
-0.932904 0.340189 0.118162
-0.955129 0.266155 0.129961
-0.971899 0.18876 0.140652
-0.982484 0.108737 0.151332
-0.986575 0.0268475 0.161085
-0.983904 -0.0542914 0.170248
-0.989058 -0.101167 0.107376
-0.977478 -0.178907 0.111934
-0.960303 -0.25201 0.119619
-0.937037 -0.326612 0.123639
-0.908177 -0.400416 0.121989
-0.8759 -0.469369 0.111766
-0.848543 -0.498455 0.177533
-0.809752 -0.563035 0.165206
-0.765984 -0.624431 0.152824
-0.716746 -0.682683 0.142197
-0.662347 -0.737197 0.133559
-0.603366 -0.787338 0.126684
-0.540386 -0.832593 0.12154
-0.474071 -0.872512 0.118237
-0.404994 -0.9069 0.116244
-0.332955 -0.936345 0.111349
-0.258949 -0.96043 0.10256
-0.184501 -0.978682 0.0902318
-0.110263 -0.991069 0.0749972
-0.057001 -0.989103 0.135743
0.0175014 -0.992718 0.119187
0.0897516 -0.990774 0.10155
0.160075 -0.98289 0.0911176
0.232231 -0.968275 0.0922636
0.30609 -0.947574 0.0917195
0.377767 -0.921188 0.0932964
0.447019 -0.889427 0.0953563
0.513602 -0.852443 0.097742
0.577252 -0.810401 0.100148
0.637898 -0.763378 0.101686
0.665425 -0.726734 0.170491
0.721401 -0.67227 0.166231
0.773178 -0.614003 0.158732
0.82029 -0.552448 0.148074
0.862361 -0.488183 0.134205
0.899062 -0.421854 0.117165
0.930268 -0.353525 0.0980903
0.956221 -0.281511 0.079962
0.976725 -0.203762 0.067001
0.990544 -0.126757 0.0524873
0.99053 -0.0782964 0.112784
-0.999435 0.0144284 0.030363
0.998984 0.032817 0.0308841
0.993044 0.114573 0.027125
0.980424 0.195014 0.0271718
0.9627 0.267552 0.0403011
0.944294 0.328972 0.00930729
0.91669 0.399065 0.0206468
0.884168 0.465988 0.0332034
0.846618 0.530234 0.0457194
-0.824031 -0.566167 0.0206699
-0.779454 -0.626388 0.00947492
0.73006 0.683383 9.53825e-005
0.676177 0.736696 0.00802514
0.618155 0.785922 0.0145332
0.556463 0.830642 0.0195628
0.49154 0.870548 0.0231396
0.423911 0.905347 0.0254232
0.354016 0.934861 0.0265995
0.281237 0.959013 0.0346513
0.209078 0.976615 0.0501014
0.136325 0.988514 0.0652331
0.0616308 0.994879 0.0801123
0.0111631 0.999752 0.0192666
-0.066057 0.997217 0.0345522
-0.145501 0.988328 0.0451394
-0.22326 0.973489 0.0497461
-0.297793 0.953305 0.0502877
-0.369918 0.927691 0.0504927
-0.43931 0.896984 0.0492479
-0.505919 0.861294 0.0471095
-0.569603 0.820724 0.0443256
-0.63023 0.775297 0.0415359
-0.687687 0.724948 0.0391905
0.721378 -0.691962 0.0283383
0.77365 -0.633264 0.0210483
0.820909 -0.570974 0.00985744
-0.862344 0.506294 0.00546883
-0.897514 0.440315 0.0243285
-0.927774 0.370834 0.0414558
-0.953071 0.297628 0.0554436
-0.972752 0.221577 0.0682462
-0.986592 0.142353 0.07983
-0.993922 0.0617744 0.0911247
-0.994772 -0.0203709 0.100067
-0.996978 -0.0679181 0.0377056
-0.988147 -0.147797 0.04149
-0.973729 -0.223965 0.0411202
-0.9549 -0.29215 0.053055
-0.928326 -0.36755 0.0558448
-0.898292 -0.437052 0.0453416
-0.863615 -0.50307 0.0330174
-0.839114 -0.534778 0.0994956
-0.797418 -0.597097 0.0871726
-0.750563 -0.656383 0.0762696
-0.698758 -0.712197 0.0671741
-0.642418 -0.764024 0.0597174
-0.582007 -0.811401 0.0538134
-0.517995 -0.853951 0.0494856
-0.45092 -0.891341 0.0467066
-0.38119 -0.9234 0.0450061
-0.308291 -0.950488 0.0391129
-0.234075 -0.971819 0.0278611
-0.16058 -0.986939 0.0129007
0.0864053 0.996256 0.00283851
-0.0357095 -0.997641 0.0586303
0.0389732 -0.998396 0.0410623
0.115457 -0.992975 0.0258938
0.19311 -0.980965 0.0203922
0.267713 -0.96327 0.0209931
0.340681 -0.939946 0.0209261
0.41112 -0.911308 0.0223174
0.478949 -0.877504 0.0243756
0.543989 -0.83866 0.0269203
0.606068 -0.794867 0.0294578
0.665085 -0.746114 0.0312343
0.695748 -0.711323 0.0997669
0.749905 -0.654824 0.0940642
0.799571 -0.594544 0.0848748
0.844174 -0.531179 0.0722479
0.883212 -0.465615 0.0560373
0.916492 -0.398315 0.0372566
0.944658 -0.327454 0.0199005
0.967711 -0.251986 0.00614712
-0.984562 0.17487 0.00762392
-0.995334 0.0945844 0.0190772
0.998042 -0.0459001 0.0424898
0.447005 0.654169 0.610122