+0.49581995 +0.18365567 +0.84878335
-0.03252474 +0.77840108 +0.62692416
-0.93124190 -0.08824880 +0.35355433
+0.47757656 -0.77636400 +0.41131444
+0.96057548 -0.27801928 +0.00017289
+0.40863477 +0.90803045 +0.09218639
-0.53233086 -0.79559135 +0.28923738
+0.85213734 +0.49211383 +0.17800544
+0.72152858 -0.60436706 +0.33784162
+0.76272872 -0.14576193 +0.63007806
-0.80866399 -0.58008495 +0.09779567
+0.82884478 -0.55707446 +0.05181101
+0.59074726 -0.43150279 +0.68177930
-0.72569472 -0.36861195 +0.58094097
+0.38478788 -0.74181396 +0.54922704
-0.93197293 +0.06190842 +0.35720276
+0.07723114 -0.53025247 +0.84431491
+0.83423035 -0.36657792 +0.41192275
-0.70812049 -0.06597590 +0.70300253
-0.03618835 +0.11579106 +0.99261414
+0.61855103 -0.77707930 +0.11637180
+0.57106018 -0.06662772 +0.81819987
+0.47198951 +0.71776621 +0.51189605
+0.49687682 +0.47167386 +0.72844848
-0.46047991 +0.85144584 +0.25099448
+0.71320122 +0.38749469 +0.58411633
+0.85583133 -0.10880757 +0.50568137
+0.03653564 -0.65577129 +0.75407503
+0.94576156 -0.20039066 +0.25569249
-0.76226964 -0.60093691 +0.24045752
-0.25539544 +0.52798408 +0.80994196
-0.01349862 -0.96245449 +0.27110725
-0.00388965 +0.55037098 +0.83491116
-0.33982192 +0.87441502 +0.34629386
-0.41899747 -0.39303072 +0.81851571
+0.66405316 -0.48190628 +0.57166401
+0.01276332 +0.41829296 +0.90822249
-0.39767338 -0.25260283 +0.88207012
-0.44377562 +0.88990527 +0.10550741
+0.15949769 +0.97246737 +0.16990499
+0.21815991 -0.95701119 +0.19114348
-0.16086861 +0.71773285 +0.67748125
-0.46006512 -0.77929440 +0.42548834
+0.76740735 +0.62073369 +0.16054794
+0.65667923 -0.16628133 +0.73561057
+0.05387346 +0.95921807 +0.27748574
-0.39524091 -0.65602538 +0.64297381
+0.68683060 +0.60472777 +0.40319728
+0.66215313 +0.73710185 +0.13503369
-0.57703141 +0.69316981 +0.43191477
-0.85520826 -0.47781330 +0.20078167
-0.58086535 +0.75983474 +0.29197023
+0.19382469 -0.08069876 +0.97771146
+0.11459997 +0.72989906 +0.67387996
+0.97306094 -0.05283146 +0.22441311
+0.60084397 +0.07941533 +0.79541167
+0.35228656 -0.91956318 +0.17406245
-0.92966591 -0.33132829 +0.16106788
+0.34836298 +0.79849684 +0.49096438
+0.61452449 +0.36426380 +0.69976534
+0.43584246 -0.11802749 +0.89225045
-0.21655529 -0.97244631 +0.08632491
-0.24731723 -0.90847930 +0.33689695
-0.77607826 +0.59354403 +0.21309157
+0.81060813 +0.14598980 +0.56709914
-0.65901708 +0.75142525 +0.03250502
+0.24167162 -0.79237368 +0.56012389
+0.38166529 +0.28620351 +0.87887380
-0.97317854 -0.06147985 +0.22168390
-0.68125204 +0.70913281 +0.18173142
+0.94156037 +0.06089016 +0.33129512
-0.02087232 -0.42816225 +0.90346081
-0.50607367 -0.86210256 +0.02585762
-0.25252697 +0.33216582 +0.90878821
+0.33931055 -0.83228335 +0.43837515
-0.30154951 +0.18544122 +0.93524299
+0.87336175 +0.30680747 +0.37829675
+0.06443368 -0.99791079 +0.00472817
-0.26294187 -0.67994631 +0.68449586
-0.07126606 +0.92622832 +0.37016516
+0.09303993 -0.82880421 +0.55174918
+0.18981728 -0.87707425 +0.44125974
+0.61519727 +0.22382979 +0.75593157
-0.19064034 +0.07073714 +0.97910802
+0.13885316 +0.47917025 +0.86666930
-0.00992432 +0.67558826 +0.73721232
-0.57518779 +0.11660472 +0.80966805
+0.52544016 -0.21230820 +0.82391618
-0.89546354 -0.44087491 +0.06143588
+0.48492894 -0.36988539 +0.79248263
-0.45176681 +0.72202701 +0.52400739
+0.77280361 +0.55770142 +0.30289225
-0.25332500 -0.21344519 +0.94353993
-0.19806759 -0.85063563 +0.48701977
+0.21964126 -0.48524605 +0.84634153
+0.89040202 -0.22687646 +0.39460273
-0.88491629 -0.25400378 +0.39039114
-0.52825604 +0.51207158 +0.67729481
-0.33074824 +0.81156821 +0.48162500
-0.36929069 -0.10839208 +0.92297104
+0.21628896 -0.97510270 +0.04892664
+0.59985274 +0.49821333 +0.62606722
-0.10367890 -0.17804314 +0.97854552
-0.65474857 -0.70684609 +0.26771797
-0.88041911 -0.36831928 +0.29866887
-0.48610697 -0.69112872 +0.53482810
+0.33106107 +0.87495600 +0.35334201
+0.55698309 -0.78676088 +0.26603977
+0.42028486 -0.63415227 +0.64900812
-0.45769656 -0.87316586 +0.16761634
-0.79800609 -0.49362352 +0.34571969
-0.97956530 +0.07734442 +0.18566008
-0.28551290 +0.63857433 +0.71463642
+0.60600731 -0.70062880 +0.37666221
+0.87353204 -0.45733687 +0.16668759
-0.07109067 -0.03146482 +0.99697346
+0.15860615 -0.23569948 +0.95879604
-0.20270900 +0.88001955 +0.42950512
-0.52645821 -0.29352520 +0.79792525
-0.58906958 -0.79427608 +0.14873647
+0.09346341 +0.82741326 +0.55376158
-0.22334012 -0.07207350 +0.97207232
+0.70822065 -0.29503361 +0.64138809
+0.91216108 +0.34376623 +0.22312989
-0.70688739 -0.69623483 +0.12476889
-0.05629166 -0.84817698 +0.52671345
+0.74484751 +0.66696984 +0.01879968
+0.30329920 +0.92999491 +0.20765128
+0.00052356 +0.26209055 +0.96504314
-0.72121209 -0.22361386 +0.65562944
+0.07342428 +0.90401076 +0.42115724
-0.53513795 +0.26135881 +0.80331746
+0.53716952 -0.84346378 +0.00421296
+0.92580706 -0.08358369 +0.36863946
+0.71501122 +0.11491220 +0.68960434
+0.50327073 +0.33057086 +0.79839932
-0.62952698 -0.33898665 +0.69913077
+0.26211581 -0.33609148 +0.90462026
-0.67327762 +0.57505600 +0.46476644
-0.83946236 +0.38871164 +0.37974493
-0.30283376 -0.47870639 +0.82409460
+0.54176561 +0.83233026 +0.11711685
+0.46138106 -0.50615450 +0.72865297
-0.61141724 -0.59843061 +0.51773523
+0.72140847 +0.25372762 +0.64435403
+0.91498480 +0.39552897 +0.07974745
-0.81151868 -0.37962982 +0.44420562
+0.28171029 -0.90461147 +0.31987091
+0.37783477 +0.57328667 +0.72703733
+0.48591826 +0.60396456 +0.63175173
+0.47328004 +0.03344527 +0.88027690
-0.15465672 +0.21157504 +0.96504782
+0.19445456 +0.92729936 +0.31984892
-0.99152772 +0.12488634 +0.03572373
+0.18247337 -0.61705613 +0.76547057
+0.11520661 +0.17042321 +0.97861298
-0.40113958 +0.28652346 +0.87005250
-0.05418528 +0.86199891 +0.50400579
-0.13542510 +0.60996159 +0.78077327
-0.85244166 +0.46482854 +0.23932747
+0.36597105 +0.13352568 +0.92099733
+0.69332651 -0.02600449 +0.72015423
-0.06885508 -0.56474749 +0.82238631
-0.79130030 +0.04654603 +0.60965343
+0.75329443 -0.38003685 +0.53676764
+0.89602744 -0.34506621 +0.27939960
+0.79574326 +0.00097138 +0.60563332
-0.52093256 -0.44683418 +0.72730220
+0.60374606 -0.30202951 +0.73774581
-0.33951339 +0.42033161 +0.84145826
-0.10544644 -0.91757095 +0.38333353
-0.63241234 -0.77460653 +0.00627295
-0.42863691 +0.63460375 +0.64307735
-0.80804391 +0.29888000 +0.50767685
-0.15732086 -0.96063612 +0.22897248
+0.13690385 -0.73336319 +0.66590973
+0.32468191 -0.56682557 +0.75715945
-0.47597112 +0.00032496 +0.87946085
-0.94150873 -0.21491918 +0.25955936
+0.58497151 +0.62111778 +0.52155636
-0.18461250 +0.80755538 +0.56015403
+0.99696326 -0.01575514 +0.07626292
-0.46460393 +0.79383017 +0.39239884
+0.81377641 -0.24728911 +0.52594300
+0.67837189 +0.68218799 +0.27282068
+0.00875143 +0.99242019 +0.12257887
+0.38358707 +0.43379455 +0.81528109
+0.90567017 -0.42326417 +0.02467748
+0.46024338 +0.80304338 +0.37854637
-0.44487779 +0.14538165 +0.88371258
+0.28213933 -0.68945726 +0.66711775
-0.51707715 -0.57076609 +0.63785366
+0.12607523 +0.61115349 +0.78140671
-0.47701145 +0.40135799 +0.78190270
-0.05924101 -0.99163857 +0.11464489
+0.78576081 -0.58648103 +0.19651960
+0.12185912 -0.38674383 +0.91410041
+0.08214941 -0.98485419 +0.15268825
+0.26532025 +0.96231169 +0.05967724
+0.51813421 -0.68049343 +0.51813669
-0.58614282 -0.70083049 +0.40653809
+0.93739306 +0.20395778 +0.28230385
-0.27981810 -0.34979757 +0.89406012
-0.75086047 +0.44238744 +0.49040994
-0.33118745 -0.83577952 +0.43793546
+0.39703499 -0.27709387 +0.87497555
-0.60130680 +0.37599761 +0.70502193
+0.30006739 -0.17964631 +0.93684938
+0.12924242 -0.94187406 +0.31011233
-0.88725924 +0.23930228 +0.39434182
-0.68515637 +0.65073961 +0.32725941
-0.69883735 -0.60442441 +0.38248854
+0.49119787 -0.85790059 +0.15076879
-0.71218441 +0.34232455 +0.61286807
-0.55848144 +0.61080124 +0.56126671
-0.31134740 +0.73295666 +0.60484489
-0.39741350 -0.86555344 +0.30476181
-0.21113630 +0.93504438 +0.28480428
-0.11351154 +0.34864850 +0.93035442
-0.32556425 +0.92396534 +0.20073858
+0.26151327 +0.53119154 +0.80588234
+0.11243916 +0.99341593 +0.02195959
-0.99700581 -0.02639459 +0.07268245
-0.13391636 -0.32128877 +0.93746463
-0.94335304 +0.17958115 +0.27899040
-0.62323507 -0.18344961 +0.76021332
-0.96224375 +0.23301248 +0.14068457
-0.30343832 +0.95083093 +0.06201398
-0.64667951 +0.48243823 +0.59081212
-0.31093324 -0.92985785 +0.19668478
-0.36628983 -0.92896704 +0.05340411
-0.80628680 -0.25527269 +0.53360795
+0.83988663 +0.54123830 +0.04063915
+0.56511211 +0.78349213 +0.25843450
-0.87479628 +0.00707694 +0.48443926
+0.54858503 -0.56819939 +0.61335465
+0.57930884 +0.71306699 +0.39488825
+0.84323276 +0.43570728 +0.31482961
-0.21913370 -0.58458635 +0.78117810
-0.69118155 +0.08441004 +0.71773463
+0.97972521 -0.16643596 +0.11152388
+0.08086554 +0.01822284 +0.99655842
+0.39731643 -0.91680120 +0.04018967
+0.43927432 +0.86647237 +0.23719971
+0.88559555 +0.17106370 +0.43180751
+0.03839897 -0.90550545 +0.42259366
+0.26180854 +0.38563356 +0.88472767
-0.11193846 -0.68012587 +0.72449885
+0.25181121 +0.23222459 +0.93950139
+0.13367308 +0.32803890 +0.93515880
+0.74903927 -0.49722048 +0.43784925
-0.01400765 -0.76305174 +0.64618560
-0.97688499 -0.17816630 +0.11812062
+0.01303896 -0.28333761 +0.95893158
-0.85052631 +0.51742871 +0.09419405
-0.62880421 -0.47479050 +0.61577532
-0.56975311 +0.80880797 +0.14564016
-0.16324773 -0.45885855 +0.87338366
-0.39735471 +0.53174918 +0.74789842
+0.80766483 +0.28882542 +0.51405973
-0.86998331 -0.13650148 +0.47381050
-0.17014316 +0.97922299 +0.11033420
+0.21446174 +0.86117327 +0.46085439
+0.82108751 -0.48242177 +0.30509758
-0.08693632 +0.97012405 +0.22649813
-0.60046602 -0.03144901 +0.79903162
-0.33759627 +0.03869749 +0.94049522
-0.71995521 -0.49415438 +0.48731504
+0.64074249 -0.59953421 +0.47959128
+0.99022884 +0.13624163 +0.02974997
-0.32754440 -0.76064838 +0.56047186
+0.42325379 -0.85621479 +0.29623042
-0.39356564 -0.54725544 +0.73865931
-0.95684532 -0.29001735 +0.01835661
+0.69122085 +0.51268627 +0.50928040
+0.73226415 -0.67599916 +0.08254909
+0.22799477 +0.07522950 +0.97075172
+0.23443941 +0.77180536 +0.59106230
-0.85416297 +0.14703235 +0.49878564
-0.76394772 +0.64194869 +0.06546572
+0.24922977 +0.66008665 +0.70863964
+0.67852674 -0.69775957 +0.22963678
-0.79746096 -0.10271579 +0.59456327
-0.90888885 +0.32610420 +0.25995599
+0.33585616 -0.02151450 +0.94166755
-0.77189226 +0.52632430 +0.35660212
+0.96148724 +0.24312809 +0.12818355
+0.87959057 +0.03168341 +0.47467524
-0.13892949 +0.47421738 +0.86937706
-0.65592493 +0.23177830 +0.71836015
+0.36455242 +0.69637767 +0.61819064
-0.50459005 -0.14682890 +0.85078208
+0.35646248 -0.43149024 +0.82870421
+0.97872403 +0.09575487 +0.18146701
-0.17093562 -0.77296328 +0.61099000
-0.91724321 +0.38036133 +0.11827997
+0.78573418 +0.43057904 +0.44409851
+0.04644007 -0.13371411 +0.98993124
-0.76263895 +0.19446950 +0.61689824
+0.93837176 -0.31546623 +0.14120727