0.00482637 0.00078914 0.999988
-0.0175041 0.0699246 0.997399
-0.0423358 -0.0591571 0.997351
0.0813652 -0.00550492 0.996669
0.0534815 0.0632906 0.996561
0.0439531 0.131297 0.990368
-0.0403662 0.13496 0.990029
-0.0920176 0.0733236 0.993054
-0.122304 -0.0412808 0.991634
-0.0716571 0.00766222 0.9974
-0.00970795 -0.125417 0.992057
0.0704034 -0.130598 0.988933
0.0363037 -0.0662772 0.997141
0.157502 -0.00537924 0.987504
0.122405 0.0607671 0.990618
0.127914 0.129245 0.983328
0.0849811 0.18993 0.978113
0.00291921 0.191982 0.981394
-0.0828395 0.191312 0.978027
-0.124579 0.130277 0.98362
-0.153188 0.0360121 0.987541
-0.193168 -0.0291945 0.980731
-0.163386 -0.103139 0.981156
-0.0894012 -0.113719 0.989482
-0.0551659 -0.182471 0.981662
0.0246841 -0.190026 0.981469
0.104705 -0.193469 0.975503
0.15039 -0.132916 0.979651
0.115714 -0.069939 0.990817
0.231366 -0.00180815 0.972865
0.19182 0.0642696 0.979323
0.210518 0.130852 0.968793
0.165374 0.190145 0.967727
0.12067 0.251253 0.96037
0.0412164 0.25151 0.966977
-0.0409894 0.250114 0.967348
-0.124788 0.246846 0.960986
-0.166525 0.183867 0.968743
-0.192298 0.106933 0.975493
-0.226444 0.0410914 0.973157
-0.264867 -0.024891 0.963964
-0.235122 -0.0948485 0.967327
-0.205003 -0.16579 0.964618
-0.131292 -0.174301 0.9759
-0.0975103 -0.242512 0.965235
-0.0202718 -0.248338 0.968461
0.0591562 -0.253384 0.965555
0.138277 -0.255319 0.956918
0.184339 -0.195103 0.963304
0.228226 -0.132513 0.964548
0.193344 -0.0692706 0.978683
0.303994 0.000458512 0.952674
0.263253 0.0665593 0.962428
0.289517 0.131807 0.948054
0.244977 0.192574 0.950211
0.199266 0.252304 0.946909
0.153428 0.312697 0.937379
0.0756 0.312549 0.946888
-0.00347334 0.310911 0.950433
-0.0832317 0.307977 0.947746
-0.162057 0.305211 0.938394
-0.204538 0.24268 0.948299
-0.238145 0.175992 0.955151
-0.265467 0.10934 0.9579
-0.299323 0.0439868 0.953137
-0.335411 -0.0219054 0.941817
-0.306688 -0.0907461 0.947474
-0.277245 -0.159339 0.947495
-0.246254 -0.227934 0.942022
-0.172746 -0.235246 0.956461
-0.138978 -0.302573 0.942939
-0.0630228 -0.308178 0.949239
0.014318 -0.312156 0.949923
0.0930143 -0.315686 0.944294
0.170738 -0.316084 0.933241
0.21721 -0.256468 0.94183
0.26194 -0.195122 0.945153
0.303327 -0.131063 0.94383
0.268223 -0.0667782 0.96104
0.375351 0.00142398 0.926882
0.335456 0.0674327 0.939639
0.364824 0.132245 0.921637
0.321977 0.194464 0.926561
0.277064 0.254788 0.926455
0.230837 0.313957 0.920948
0.18391 0.373276 0.909308
0.10748 0.373516 0.921376
0.0305324 0.372499 0.92753
-0.0463023 0.370242 0.927781
-0.122185 0.367749 0.921863
-0.197154 0.364153 0.910232
-0.239689 0.30127 0.922922
-0.280771 0.243997 0.928242
-0.308839 0.17758 0.93439
-0.337828 0.111513 0.934579
-0.370596 0.046455 0.927632
-0.403911 -0.0192506 0.914596
-0.377443 -0.0872379 0.921915
-0.34907 -0.154468 0.924278
-0.318924 -0.221418 0.921554
-0.286794 -0.288079 0.913652
-0.213406 -0.295637 0.931159
-0.179353 -0.361875 0.914811
-0.104589 -0.367737 0.924029
-0.028671 -0.37178 0.927878
0.0481818 -0.374192 0.926099
0.126023 -0.377 0.9176
0.201679 -0.375623 0.904562
0.248688 -0.316888 0.91528
0.294234 -0.256974 0.920538
0.336781 -0.194631 0.921248
0.375982 -0.130298 0.91742
0.341105 -0.0652007 0.937761
0.444838 0.00155003 0.89561
0.406672 0.067612 0.911069
0.436722 0.132454 0.889792
0.395877 0.195624 0.897225
0.352651 0.256902 0.899799
0.307319 0.316299 0.897502
0.260343 0.374405 0.889967
0.212166 0.43228 0.876424
0.136878 0.43348 0.890707
0.0612917 0.433383 0.899123
-0.0141203 0.432095 0.901717
-0.0887524 0.430199 0.89836
-0.162568 0.427201 0.889422
-0.236071 0.420669 0.875961
-0.271609 0.356645 0.893886
-0.322745 0.310052 0.894261
-0.35041 0.242962 0.904535
-0.37952 0.175985 0.908292
-0.409772 0.110851 0.905428
-0.441001 0.0467698 0.896287
-0.470324 -0.0178864 0.882313
-0.447581 -0.0829066 0.890392
-0.420687 -0.148116 0.895033
-0.391532 -0.213766 0.89499
-0.360025 -0.279395 0.890124
-0.326403 -0.344756 0.880116
-0.253097 -0.354259 0.900246
-0.218398 -0.419432 0.881124
-0.144692 -0.426305 0.892932
-0.0701376 -0.430843 0.899697
0.00527381 -0.433453 0.901161
0.0812532 -0.434381 0.897057
0.1581 -0.437693 0.885115
0.230167 -0.43393 0.87105
0.278196 -0.376391 0.883706
0.324651 -0.318074 0.890747
0.368286 -0.257497 0.893342
0.408735 -0.194808 0.89162
0.445944 -0.130453 0.885503
0.411883 -0.0646484 0.90894
0.511727 0.00107043 0.859147
0.475642 0.0674253 0.877051
0.505156 0.132497 0.852797
0.466448 0.196373 0.862476
0.42521 0.258429 0.867416
0.381521 0.318494 0.867758
0.335633 0.376624 0.863426
0.287806 0.433178 0.854122
0.238465 0.48911 0.838991
0.164227 0.491696 0.85514
0.089493 0.492589 0.865648
0.0146869 0.492266 0.870321
-0.0596735 0.491089 0.869063
-0.133389 0.48875 0.862166
-0.206941 0.482962 0.850837
-0.281003 0.469537 0.837002
-0.30965 0.404002 0.860755
-0.368201 0.368234 0.853716
-0.392138 0.300535 0.869429
-0.421415 0.232557 0.876542
-0.452456 0.166074 0.876187
-0.483765 0.0997432 0.869496
-0.513568 0.030408 0.85751
-0.572276 0.0169793 0.819885
-0.521983 -0.0547327 0.851198
-0.494529 -0.12807 0.859674
-0.465038 -0.198 0.862865
-0.433493 -0.265955 0.861018
-0.399871 -0.332393 0.854177
-0.364229 -0.397631 0.842156
-0.291471 -0.409993 0.864263
-0.255602 -0.47442 0.842374
-0.18291 -0.483012 0.856296
-0.109555 -0.488697 0.865548
-0.0355257 -0.491793 0.869987
0.0391385 -0.493099 0.869092
0.113867 -0.492484 0.86284
0.188565 -0.499771 0.845383
0.256219 -0.489381 0.833582
0.305714 -0.434554 0.847173
0.352844 -0.378341 0.85578
0.397384 -0.319733 0.860149
0.438974 -0.258824 0.860414
0.477432 -0.195965 0.856538
0.51275 -0.131545 0.848401
0.480098 -0.0649476 0.874807
0.575351 8.37016e-005 0.817907
0.541546 0.0669614 0.838
0.569827 0.132448 0.811021
0.533323 0.196988 0.822655
0.494175 0.259725 0.829659
0.452411 0.320463 0.832242
0.4082 0.379078 0.830465
0.361781 0.435565 0.824256
0.313293 0.490042 0.813453
0.263255 0.543433 0.797105
0.190663 0.547702 0.814659
0.116819 0.54947 0.827306
0.0424347 0.550042 0.834058
-0.0318159 0.549603 0.83482
-0.105504 0.548015 0.829788
-0.179024 0.54306 0.820388
-0.252897 0.531621 0.808346
-0.326139 0.512919 0.79407
-0.353086 0.446423 0.822214
-0.416607 0.42019 0.806151
-0.435392 0.353727 0.827835
-0.461531 0.28674 0.839505
-0.492261 0.221756 0.841727
-0.522566 0.15663 0.838088
-0.550589 0.0893194 0.829984
-0.631951 -0.0100139 0.774944
-0.582044 -0.0504748 0.811589
-0.558414 -0.117945 0.821135
-0.532286 -0.186177 0.825839
-0.502829 -0.253585 0.826352
-0.470698 -0.319917 0.822251
-0.436004 -0.38496 0.813453
-0.398786 -0.448782 0.799728
-0.327643 -0.462672 0.823763
-0.290305 -0.526622 0.798994
-0.218726 -0.537162 0.814626
-0.146363 -0.544448 0.825927
-0.0733835 -0.548686 0.832802
3.96612e-005 -0.550302 0.834966
0.073357 -0.55093 0.831321
0.142175 -0.550094 0.822911
0.203522 -0.569219 0.796598
0.268743 -0.544404 0.794608
0.3268 -0.494275 0.805539
0.376239 -0.439667 0.81556
0.422371 -0.382575 0.82173
0.46549 -0.323149 0.82395
0.50548 -0.261647 0.822211
0.542251 -0.198364 0.816466
0.575853 -0.133618 0.80656
0.54519 -0.0660169 0.835709
0.635159 -0.00129444 0.77238
0.603787 0.0662798 0.794385
0.630355 0.1324 0.764933
0.596031 0.197716 0.778239
0.558907 0.261244 0.787004
0.518998 0.322794 0.791483
0.476454 0.3822 0.791779
0.431525 0.439323 0.787897
0.384456 0.494035 0.779822
0.335324 0.546192 0.767615
0.284599 0.596716 0.750289
0.218011 0.601554 0.768508
0.145604 0.603515 0.783945
0.0714152 0.604849 0.793131
-0.0030124 0.605209 0.796061
-0.0767892 0.60456 0.792849
-0.150294 0.600674 0.785241
-0.223916 0.591104 0.774892
-0.296975 0.5753 0.762126
-0.368065 0.554782 0.746154
-0.396013 0.489631 0.776811
-0.462348 0.463412 0.755965
-0.483262 0.398477 0.779534
-0.50345 0.33549 0.796231
-0.531951 0.274226 0.801141
-0.561152 0.210816 0.800415
-0.588643 0.143316 0.795588
-0.611793 0.0694406 0.787964
-0.685261 -0.0108974 0.728216
-0.623549 -0.0947604 0.77602
-0.59837 -0.167415 0.783534
-0.570229 -0.237366 0.786445
-0.539347 -0.30515 0.784849
-0.505869 -0.370995 0.778755
-0.4697 -0.434952 0.768244
-0.430534 -0.497161 0.753307
-0.360851 -0.513113 0.778782
-0.391424 -0.560845 0.729548
-0.322417 -0.576141 0.751072
-0.252012 -0.58834 0.76834
-0.180252 -0.597249 0.781539
-0.107201 -0.602774 0.790678
-0.0326103 -0.604906 0.795629
0.0447737 -0.603918 0.795788
0.129931 -0.607475 0.78364
0.210972 -0.625307 0.75132
0.277034 -0.599137 0.751191
0.337728 -0.553594 0.761232
0.392825 -0.501754 0.77067
0.441754 -0.446085 0.778371
0.487058 -0.387926 0.782488
0.529057 -0.327607 0.782798
0.567715 -0.265389 0.779275
0.60299 -0.201515 0.771877
0.634979 -0.136249 0.76042
0.606614 -0.0677835 0.792102
0.690816 -0.00280409 0.723025
0.661923 0.0654741 0.746707
0.686513 0.132285 0.714983
0.654299 0.198468 0.729728
0.619058 0.262951 0.740017
0.580756 0.325563 0.746144
0.539483 0.386175 0.748216
0.495394 0.444679 0.746221
0.448605 0.500994 0.740107
0.398915 0.555031 0.729937
0.344767 0.606668 0.716303
0.268994 0.650915 0.709895
0.183828 0.652223 0.7354
0.137419 0.700887 0.69991
0.105423 0.655314 0.747963
0.0290444 0.656977 0.753351
-0.0456014 0.657733 0.751869
-0.119562 0.655265 0.745877
-0.193346 0.647639 0.737008
-0.266491 0.634338 0.72567
-0.33806 0.616202 0.711344
-0.407541 0.593885 0.693693
-0.436573 0.530223 0.72682
-0.502292 0.498849 0.706295
-0.530186 0.425348 0.733473
-0.557619 0.352184 0.751683
-0.620225 0.330695 0.71131
-0.589078 0.280236 0.757928
-0.619368 0.207549 0.75717
-0.645275 0.133284 0.752234
-0.665642 0.0590015 0.743935
-0.676798 -0.0797135 0.73184
-0.65778 -0.152116 0.73769
-0.632225 -0.222178 0.742245
-0.603521 -0.290601 0.742504
-0.57192 -0.357022 0.738541
-0.53751 -0.42129 0.730478
-0.50017 -0.483308 0.7185
-0.527148 -0.530505 0.663836
-0.459158 -0.542911 0.703151
-0.420878 -0.605443 0.6755
-0.353887 -0.622307 0.698211
-0.285091 -0.636129 0.716982
-0.214811 -0.646615 0.731947
-0.1433 -0.653614 0.743138
-0.0707463 -0.656989 0.750573
0.00276923 -0.656394 0.754413
0.0775408 -0.651403 0.754759
0.103428 -0.699356 0.707251
0.154112 -0.659974 0.735312
0.275934 -0.653622 0.704726
0.341521 -0.611825 0.713465
0.400866 -0.562683 0.722976
0.454661 -0.509115 0.730811
0.503028 -0.452321 0.736457
0.547533 -0.393192 0.738653
0.58848 -0.332057 0.737176
0.625869 -0.269148 0.732016
0.659686 -0.204672 0.723135
0.690047 -0.138844 0.710323
0.664038 -0.0698913 0.744425
0.742173 -0.00422046 0.670196
0.715735 0.0646132 0.695377
0.738299 0.131873 0.661456
0.708205 0.198754 0.677453
0.674887 0.264048 0.689062
0.638263 0.327542 0.696661
0.598401 0.389093 0.700374
0.555441 0.44857 0.700193
0.509507 0.505837 0.696083
0.460486 0.560691 0.68817
0.407331 0.612634 0.677319
0.345074 0.658676 0.668632
0.288235 0.698167 0.65535
0.214583 0.693977 0.687278
0.167212 0.743528 0.647461
0.0609571 0.704487 0.707094
-0.0136293 0.707132 0.70695
-0.0875427 0.706338 0.702441
-0.161328 0.700678 0.694999
-0.234727 0.689648 0.685047
-0.307159 0.673565 0.672282
-0.378407 0.652684 0.656363
-0.448708 0.626698 0.637111
-0.4743 0.567036 0.673431
-0.535882 0.53829 0.650442
-0.56285 0.467573 0.681598
-0.591726 0.398589 0.700705
-0.651741 0.378171 0.657435
-0.679555 0.31104 0.664424
-0.649526 0.261174 0.714076
-0.676667 0.188975 0.711625
-0.699936 0.114839 0.704912
-0.719511 0.0399582 0.693331
-0.7291 -0.0494005 0.682622
-0.713205 -0.128395 0.689096
-0.690353 -0.203504 0.694261
-0.663406 -0.274546 0.696073
-0.633492 -0.342781 0.693678
-0.600758 -0.408322 0.687286
-0.565255 -0.471015 0.677223
-0.582151 -0.527714 0.618561
-0.535855 -0.592065 0.601929
-0.485781 -0.585413 0.649082
-0.460429 -0.640333 0.6148
-0.389891 -0.662335 0.639764
-0.320118 -0.679143 0.660522
-0.249914 -0.691976 0.677283
-0.179167 -0.701048 0.690239
-0.108069 -0.706405 0.699509
-0.0369737 -0.708053 0.705191
0.0335746 -0.705625 0.70779
0.156093 -0.725574 0.670207
0.212341 -0.686077 0.695851
0.276162 -0.705917 0.652239
0.340478 -0.666416 0.663298
0.403202 -0.620568 0.67255
0.460809 -0.569627 0.680573
0.513265 -0.514895 0.686617
0.560768 -0.457264 0.690253
0.604294 -0.397414 0.690573
0.644075 -0.335661 0.687386
0.680104 -0.272215 0.680704
0.712377 -0.207258 0.670495
0.741012 -0.140977 0.656527
0.717308 -0.0719112 0.693036
0.789175 -0.00545935 0.614144
0.765186 0.063678 0.640652
0.785722 0.131078 0.604532
0.757761 0.198397 0.62164
0.726426 0.264294 0.634393
0.69156 0.328497 0.6433
0.653201 0.390844 0.648513
0.611466 0.451201 0.65002
0.566468 0.509426 0.647765
0.518139 0.565308 0.64184
0.46577 0.618392 0.632969
0.407086 0.667102 0.623904
0.348329 0.711219 0.610602
0.290158 0.752471 0.591267
0.23416 0.738711 0.63204
0.131955 0.785672 0.604407
0.0924787 0.748111 0.657098
0.0189528 0.752762 0.65802
-0.0541828 0.753771 0.6549
-0.127359 0.750101 0.648944
-0.200371 0.74135 0.640509
-0.272714 0.727582 0.629485
-0.344007 0.708916 0.615709
-0.414006 0.68527 0.59917
-0.482265 0.657092 0.579353
-0.518196 0.5965 0.612912
-0.587342 0.564666 0.579811
-0.591964 0.509225 0.624715
-0.622842 0.443782 0.644302
-0.677825 0.428032 0.59778
-0.706735 0.360983 0.608454
-0.706277 0.241397 0.665508
-0.730455 0.169206 0.661669
-0.751067 0.0953779 0.6533
-0.764326 0.0179099 0.644582
-0.775654 -0.0513577 0.629065
-0.76161 -0.119094 0.636998
-0.741565 -0.189489 0.643564
-0.717351 -0.260394 0.646221
-0.689234 -0.329799 0.645127
-0.657565 -0.397444 0.640036
-0.622128 -0.463296 0.631121
-0.640696 -0.510936 0.573109
-0.59788 -0.572321 0.561238
-0.551164 -0.631397 0.545487
-0.491673 -0.667205 0.559549
-0.421615 -0.696196 0.580992
-0.351646 -0.717113 0.601742
-0.281304 -0.732795 0.61958
-0.210212 -0.74423 0.633982
-0.138332 -0.751675 0.644863
-0.0657319 -0.755169 0.652226
0.00752833 -0.754588 0.656156
0.0812029 -0.748933 0.657651
0.137154 -0.775062 0.616821
0.213955 -0.741889 0.635472
0.277826 -0.755006 0.593952
0.339993 -0.717249 0.608242
0.402023 -0.674532 0.61918
0.461961 -0.626694 0.627572
0.517661 -0.574501 0.634016
0.568671 -0.518888 0.638254
0.61507 -0.460615 0.639939
0.657427 -0.400243 0.638432
0.695878 -0.338065 0.633613
0.730405 -0.274268 0.625528
0.761008 -0.209012 0.61415
0.787797 -0.142465 0.599233
0.766342 -0.0735817 0.638205
0.831774 -0.00650089 0.555077
0.810266 0.0626539 0.582704
0.828801 0.129759 0.54429
0.802994 0.19719 0.562421
0.773723 0.263404 0.576169
0.740738 0.328055 0.586248
0.704047 0.390956 0.59285
0.663733 0.451962 0.595977
0.619897 0.510931 0.595547
0.572512 0.567665 0.591596
0.521123 0.621773 0.584661
0.464578 0.672294 0.576358
0.40599 0.718802 0.564354
0.346054 0.761912 0.547482
0.277091 0.798805 0.533977
0.216927 0.784561 0.580867
0.163155 0.818155 0.551365
0.0565495 0.793548 0.605875
-0.0170261 0.797014 0.603721
-0.0901425 0.795625 0.599045
-0.162904 0.789284 0.592025
-0.234989 0.778049 0.582598
-0.306003 0.762042 0.570661
-0.375529 0.741377 0.556181
-0.443009 0.716357 0.539051
-0.507968 0.687736 0.51864
-0.548415 0.625898 0.55452
-0.61126 0.59886 0.517424
-0.652451 0.540932 0.530754
-0.644516 0.494317 0.583309
-0.697255 0.475426 0.536475
-0.729868 0.408881 0.547822
-0.7578 0.341034 0.556269
-0.73358 0.292115 0.61362
-0.758259 0.220879 0.613397
-0.78013 0.1472 0.608053
-0.796887 0.0703186 0.600022
-0.810123 -0.0058424 0.58623
-0.810175 -0.0915641 0.578993
-0.790736 -0.168154 0.588609
-0.767961 -0.241566 0.593196
-0.741728 -0.312528 0.593436
-0.711897 -0.381032 0.58993
-0.678392 -0.447171 0.582942
-0.695053 -0.494751 0.521653
-0.655846 -0.555214 0.511471
-0.613097 -0.612273 0.499233
-0.567631 -0.66593 0.484079
-0.510115 -0.701058 0.498299
-0.447268 -0.727168 0.520748
-0.380001 -0.750524 0.54066
-0.310782 -0.768797 0.558897
-0.240214 -0.782493 0.574457
-0.168408 -0.791931 0.586928
-0.0953354 -0.797135 0.596227
-0.0206855 -0.797813 0.60255
0.0566098 -0.793191 0.606336
0.150225 -0.814425 0.560485
0.212081 -0.786814 0.579608
0.269699 -0.802166 0.532722
0.335267 -0.766574 0.547687
0.397963 -0.725689 0.561249
0.458948 -0.680328 0.57142
0.517115 -0.63068 0.578649
0.57119 -0.577306 0.583489
0.620775 -0.520911 0.58591
0.665908 -0.462128 0.585666
0.70691 -0.401412 0.582364
0.743849 -0.339005 0.57599
0.776709 -0.27506 0.566626
0.805504 -0.209721 0.554238
0.83033 -0.143145 0.538574
0.811074 -0.0748161 0.580139
0.86992 -0.00726188 0.493139
0.850962 0.0614806 0.521617
0.867587 0.127585 0.48064
0.843952 0.194731 0.499826
0.816832 0.260977 0.514467
0.785856 0.325828 0.525611
0.751003 0.389058 0.533506
0.712324 0.450497 0.538189
0.669898 0.510003 0.539568
0.623726 0.567398 0.537612
0.573541 0.622353 0.53266
0.518763 0.674199 0.525682
0.460993 0.722427 0.515348
0.400777 0.767116 0.50091
0.334193 0.807075 0.48677
0.270296 0.842922 0.465213
0.216868 0.83276 0.509391
0.141426 0.857723 0.494276
0.0918966 0.829785 0.550465
0.0206897 0.835709 0.548783
-0.0509298 0.83672 0.545257
-0.12272 0.832926 0.539605
-0.194152 0.824409 0.531653
-0.264673 0.81128 0.521318
-0.333762 0.793711 0.508553
-0.400916 0.77195 0.493315
-0.465727 0.746305 0.475529
-0.527975 0.7176 0.454195
-0.570142 0.657721 0.492282
-0.630793 0.631306 0.451169
-0.671844 0.575012 0.466891
-0.711367 0.516459 0.476684
-0.748469 0.452698 0.484622
-0.778671 0.386699 0.494101
-0.804774 0.318685 0.500779
-0.782968 0.271211 0.559827
-0.805345 0.199104 0.558369
-0.824308 0.124652 0.552248
-0.838993 0.0511433 0.541733
-0.847935 -0.0226611 0.529615
-0.849273 -0.0910879 0.520036
-0.832436 -0.159109 0.530786
-0.812435 -0.228662 0.536343
-0.788699 -0.297799 0.537838
-0.761231 -0.365598 0.535598
-0.730066 -0.431397 0.530001
-0.743025 -0.480571 0.465796
-0.70515 -0.54267 0.456369
-0.662633 -0.602287 0.44516
-0.614505 -0.659984 0.432209
-0.549832 -0.715148 0.431565
-0.479892 -0.750667 0.454094
-0.411229 -0.777414 0.475939
-0.341626 -0.799037 0.494804
-0.271287 -0.81548 0.511269
-0.200281 -0.827236 0.524945
-0.128786 -0.83457 0.535637
-0.0571414 -0.837488 0.54346
0.0141162 -0.835794 0.548862
0.0841552 -0.829362 0.552338
0.133867 -0.856411 0.498638
0.204567 -0.833091 0.513918
0.258063 -0.845882 0.466784
0.324853 -0.812045 0.484824
0.39034 -0.773424 0.499449
0.452785 -0.73019 0.511672
0.512642 -0.682878 0.520458
0.569202 -0.631791 0.526165
0.621664 -0.577438 0.529244
0.66972 -0.520431 0.529741
0.713379 -0.461313 0.527524
0.752799 -0.400435 0.522442
0.788018 -0.337968 0.514593
0.819035 -0.274042 0.504066
0.845879 -0.208804 0.490805
0.868625 -0.142409 0.474562
0.851445 -0.0754967 0.518982
0.903618 -0.00701926 0.428282
0.887294 0.0600973 0.457271
0.902427 0.123116 0.412878
0.88091 0.189539 0.433672
0.856001 0.255764 0.449273
0.827119 0.320816 0.461466
0.794228 0.384368 0.470599
0.75735 0.446213 0.476775
0.716546 0.506189 0.479932
0.67182 0.564146 0.479997
0.623035 0.619841 0.477101
0.569926 0.672762 0.471779
0.513352 0.722368 0.463308
0.453754 0.768459 0.451197
0.3893 0.810357 0.437912
0.324256 0.847859 0.419515
0.251165 0.880583 0.401858
0.196144 0.872558 0.447403
0.119538 0.89273 0.434447
0.0679682 0.868481 0.491041
-0.00479254 0.872687 0.488256
-0.077433 0.871704 0.483876
-0.149597 0.865942 0.477247
-0.220797 0.855572 0.468237
-0.290566 0.840768 0.456816
-0.35846 0.821761 0.442963
-0.424058 0.798825 0.426677
-0.486943 0.77237 0.407837
-0.546769 0.7433 0.38542
-0.587975 0.686769 0.427356
-0.646417 0.661061 0.380977
-0.686788 0.608244 0.397948
-0.725875 0.552543 0.409636
-0.76215 0.493193 0.419389
-0.794934 0.430079 0.427917
-0.822652 0.364402 0.43641
-0.846656 0.296374 0.441968
-0.827789 0.248334 0.503087
-0.847629 0.175291 0.500798
-0.864965 0.100319 0.491703
-0.87685 0.0242009 0.480155
-0.883186 -0.0538605 0.46592
-0.873379 -0.135493 0.467814
-0.854285 -0.209045 0.475917
-0.832016 -0.280128 0.47883
-0.806112 -0.349122 0.477805
-0.776513 -0.415999 0.473257
-0.78663 -0.464334 0.40695
-0.751008 -0.526445 0.398551
-0.710914 -0.585949 0.388929
-0.666016 -0.642717 0.3786
-0.614589 -0.696121 0.371074
-0.562287 -0.741115 0.366854
-0.502142 -0.771908 0.389886
-0.436693 -0.800749 0.41
-0.368941 -0.824499 0.42905
-0.299322 -0.843546 0.445911
-0.228443 -0.857796 0.460435
-0.156647 -0.867448 0.472223
-0.084249 -0.872591 0.48113
-0.0116289 -0.873105 0.487394
0.0609396 -0.868596 0.49176
0.112229 -0.89252 0.43682
0.186771 -0.873523 0.449526
0.24047 -0.883685 0.401591
0.311952 -0.852693 0.419048
0.37895 -0.81652 0.435537
0.443587 -0.775735 0.44885
0.505103 -0.7307 0.45929
0.563576 -0.68185 0.466328
0.618478 -0.629561 0.470254
0.669253 -0.574367 0.471384
0.715644 -0.516857 0.469801
0.757616 -0.457473 0.465549
0.795246 -0.396421 0.45873
0.828567 -0.333827 0.449485
0.857593 -0.269834 0.437863
0.882353 -0.204615 0.423776
0.902886 -0.138348 0.40701
0.887469 -0.0749816 0.454726
0.932913 -0.00333278 0.360087
0.919529 0.0588908 0.388585
0.935789 0.105065 0.336543
0.914825 0.1754 0.363773
0.89184 0.244184 0.380782
0.86493 0.310778 0.394099
0.833972 0.375414 0.40442
0.798942 0.438117 0.412001
0.759881 0.498835 0.416827
0.716785 0.557464 0.418871
0.66956 0.613896 0.418117
0.618099 0.667814 0.414702
0.562899 0.718694 0.408195
0.504359 0.766155 0.398281
0.441756 0.809692 0.38633
0.377064 0.848801 0.37062
0.306201 0.883247 0.355128
0.229608 0.912384 0.338874
0.173567 0.906678 0.384461
0.0956582 0.923059 0.372575
0.0445878 0.901861 0.42972
-0.0300387 0.904207 0.426036
-0.104035 0.90133 0.420453
-0.177005 0.893604 0.412481
-0.248656 0.881197 0.402072
-0.318711 0.864273 0.389172
-0.386923 0.842988 0.373713
-0.453069 0.817513 0.35553
-0.51696 0.788146 0.334034
-0.578845 0.755025 0.308018
-0.60359 0.711433 0.359919
-0.686242 0.652827 0.320764
-0.72857 0.596442 0.336812
-0.768037 0.537141 0.348711
-0.803518 0.475016 0.358774
-0.834612 0.41021 0.367628
-0.860861 0.343228 0.375651
-0.883178 0.274008 0.380679
-0.867271 0.225904 0.443632
-0.884704 0.153203 0.440258
-0.900081 0.0789169 0.428517
-0.909243 0.00889474 0.416172
-0.913672 -0.0591146 0.40213
-0.904981 -0.127249 0.405977
-0.889366 -0.196672 0.412732
-0.869456 -0.265478 0.416616
-0.845677 -0.333417 0.41673
-0.818076 -0.399867 0.41335
-0.825741 -0.445924 0.345405
-0.791694 -0.509134 0.337644
-0.753005 -0.569943 0.328859
-0.709088 -0.628434 0.31979
-0.658343 -0.684787 0.312491
-0.601074 -0.738771 0.30484
-0.531747 -0.784631 0.318746
-0.465114 -0.816934 0.341009
-0.396979 -0.844061 0.360511
-0.327467 -0.865857 0.378228
-0.25649 -0.882725 0.393712
-0.184262 -0.894777 0.406721
-0.110976 -0.902121 0.416968
-0.0368833 -0.904715 0.424418
0.0375981 -0.902189 0.4297
0.0886521 -0.923384 0.373501
0.165015 -0.907962 0.385195
0.219782 -0.915457 0.337098
0.295091 -0.887674 0.353492
0.36531 -0.854525 0.369237
0.431307 -0.816477 0.383849
0.494614 -0.773927 0.395468
0.554832 -0.727307 0.403962
0.611778 -0.67704 0.409079
0.664979 -0.623602 0.411002
0.713985 -0.567608 0.409935
0.75856 -0.50957 0.40611
0.798675 -0.449683 0.399879
0.834386 -0.38804 0.39144
0.865724 -0.324743 0.380872
0.892701 -0.259887 0.368162
0.915322 -0.193544 0.353166
0.933538 -0.125585 0.335761
0.919292 -0.0711225 0.387096
0.96658 -0.0291443 0.254701
0.950971 0.0379541 0.306942
0.959558 0.107277 0.260268
0.941421 0.164652 0.294306
0.921754 0.232033 0.310694
0.897565 0.298531 0.324432
0.869058 0.363537 0.335528
0.836263 0.426794 0.344253
0.799274 0.488144 0.350538
0.758132 0.54743 0.354339
0.712779 0.604492 0.35572
0.663132 0.659232 0.3545
0.609492 0.711285 0.350133
0.552297 0.76011 0.342346
0.491531 0.805127 0.331915
0.428466 0.845679 0.318189
0.361899 0.881314 0.303834
0.293544 0.911157 0.289179
0.226597 0.935021 0.272744
0.1488 0.93527 0.321138
0.066506 0.948035 0.311137
0.0179589 0.929831 0.367549
-0.0581765 0.930238 0.362315
-0.132778 0.925379 0.355028
-0.20592 0.91555 0.345492
-0.277504 0.900943 0.333607
-0.347367 0.881695 0.319297
-0.415369 0.857891 0.302476
-0.48151 0.829528 0.282899
-0.546648 0.795739 0.260721
-0.616662 0.748726 0.243181
-0.640371 0.706899 0.300363
-0.680357 0.690112 0.246697
-0.727512 0.633854 0.262595
-0.769325 0.575906 0.276534
-0.807309 0.515379 0.287465
-0.840922 0.452326 0.29707
-0.869977 0.386882 0.305716
-0.894405 0.319393 0.313094
-0.914744 0.249804 0.317557
-0.901778 0.202438 0.381857
-0.91701 0.127961 0.37778
-0.932371 0.0493496 0.358118
-0.93882 -0.0211305 0.34376
-0.934992 -0.097853 0.340904
-0.922141 -0.171901 0.346564
-0.904023 -0.243221 0.351548
-0.881778 -0.312701 0.353108
-0.855677 -0.380365 0.350911
-0.860932 -0.423259 0.282221
-0.828872 -0.487205 0.274959
-0.792487 -0.548439 0.266795
-0.751576 -0.606841 0.258608
-0.705995 -0.662053 0.251509
-0.65693 -0.712973 0.245178
-0.605907 -0.759282 0.237418
-0.549883 -0.796271 0.252153
-0.48762 -0.82994 0.270972
-0.422481 -0.858545 0.290534
-0.354548 -0.882673 0.30852
-0.284517 -0.901948 0.32487
-0.212708 -0.916395 0.339081
-0.139383 -0.925999 0.350854
-0.0646585 -0.930704 0.360014
0.0114476 -0.930267 0.366705
0.0601767 -0.948602 0.310699
0.140898 -0.93668 0.320592
0.218582 -0.937678 0.270153
0.28466 -0.914789 0.286584
0.35192 -0.886087 0.301665
0.417805 -0.851725 0.316234
0.481485 -0.812236 0.32931
0.543054 -0.768125 0.339229
0.601761 -0.719947 0.345774
0.657074 -0.668274 0.348802
0.708444 -0.613793 0.348376
0.755446 -0.557139 0.344817
0.79794 -0.498464 0.338859
0.835946 -0.437818 0.330922
0.869502 -0.375309 0.321108
0.898607 -0.311011 0.30948
0.923247 -0.244966 0.295984
0.943342 -0.177085 0.280617
0.958543 -0.10654 0.26428
0.947128 -0.0548054 0.316142
0.98299 -0.00843245 0.183465
0.970043 0.040752 0.239489
0.971292 0.135542 0.195499
0.949367 0.20501 0.23806
0.926938 0.277509 0.252538
0.900411 0.345582 0.264261
0.869651 0.410699 0.273923
0.834699 0.473356 0.281447
0.795594 0.53367 0.286752
0.752305 0.5916 0.289907
0.70473 0.647041 0.291023
0.652889 0.700068 0.289208
0.597134 0.750297 0.283701
0.537854 0.796968 0.274872
0.476136 0.839273 0.262517
0.41196 0.876709 0.248337
0.345902 0.908796 0.233326
0.279111 0.935514 0.216589
0.211578 0.957121 0.197872
0.16236 0.953191 0.25508
0.0949138 0.963903 0.248762
0.0241792 0.969788 0.242749
-0.0124274 0.952599 0.303974
-0.0884676 0.950969 0.296364
-0.162607 0.943949 0.287261
-0.23508 0.93191 0.27619
-0.30579 0.915071 0.262942
-0.374502 0.893597 0.247452
-0.440957 0.86762 0.229766
-0.505123 0.836991 0.210467
-0.567439 0.800454 0.193098
-0.622696 0.76281 0.174275
-0.673345 0.716747 0.181329
-0.723535 0.663812 0.189342
-0.767342 0.608436 0.202466
-0.806901 0.550443 0.214297
-0.842565 0.489639 0.22436
-0.873918 0.426257 0.233608
-0.900816 0.360546 0.241944
-0.923268 0.292801 0.248683
-0.941484 0.223073 0.252679
-0.931025 0.177998 0.318606
-0.943273 0.103142 0.315593
-0.958855 0.013468 0.283576
-0.957851 -0.0627708 0.280325
-0.949052 -0.141169 0.28173
-0.933686 -0.21584 0.285733
-0.913453 -0.287458 0.288049
-0.889113 -0.35661 0.286891
-0.890811 -0.398828 0.217697
-0.860318 -0.464256 0.210521
-0.825404 -0.527008 0.202413
-0.785831 -0.587108 0.194355
-0.741422 -0.644433 0.187079
-0.692586 -0.698497 0.180073
-0.639811 -0.748816 0.172963
-0.578819 -0.795702 0.178401
-0.515803 -0.833662 0.197373
-0.450344 -0.866036 0.217192
-0.38294 -0.893045 0.236278
-0.313443 -0.915114 0.253613
-0.242178 -0.932175 0.269072
-0.169318 -0.944245 0.282371
-0.0949058 -0.951253 0.293445
-0.0186718 -0.952956 0.302532
0.0166574 -0.970337 0.241183
0.0868229 -0.965031 0.247339
0.154078 -0.95486 0.253973
0.202953 -0.959523 0.19526
0.270443 -0.938877 0.213005
0.336669 -0.913096 0.230022
0.402129 -0.882069 0.245452
0.465891 -0.845797 0.259948
0.528008 -0.804471 0.272091
0.588227 -0.758512 0.280445
0.645501 -0.708623 0.284925
0.699042 -0.655662 0.285391
0.748241 -0.600478 0.282067
0.792914 -0.543146 0.276188
0.83307 -0.483625 0.268517
0.868731 -0.422045 0.2592
0.89989 -0.358483 0.24837
0.926522 -0.292957 0.236078
0.948556 -0.225412 0.222331
0.965732 -0.155364 0.207901
0.977098 -0.081254 0.196667
0.993035 0.0205953 0.116006
0.98192 0.0688697 0.176325
0.980486 0.16352 0.109127
0.965583 0.198022 0.168634
0.947079 0.264554 0.181803
0.924062 0.330391 0.192227
0.89643 0.394561 0.20183
0.864337 0.456958 0.210027
0.827894 0.517435 0.216457
0.787154 0.575782 0.22105
0.742103 0.631782 0.223908
0.692688 0.685241 0.225008
0.638839 0.736449 0.22255
0.581007 0.784762 0.215823
0.520464 0.828953 0.204828
0.458011 0.868241 0.190743
0.393458 0.902414 0.175612
0.327206 0.931442 0.159223
0.259478 0.955371 0.141201
0.188194 0.974039 0.125823
0.139876 0.972799 0.184651
0.0677018 0.981633 0.178364
-0.00459292 0.985059 0.172155
-0.0482673 0.970698 0.235404
-0.121003 0.966377 0.226879
-0.193214 0.956936 0.216659
-0.264359 0.942515 0.204402
-0.334005 0.923236 0.189934
-0.4018 0.899188 0.173256
-0.467661 0.870237 0.154858
-0.532104 0.835552 0.136818
-0.593566 0.796351 0.116207
-0.654726 0.747946 0.109139
-0.708178 0.696146 0.117748
-0.757126 0.640788 0.12709
-0.800118 0.583526 0.138956
-0.838514 0.523855 0.149902
-0.872584 0.461606 0.159741
-0.902158 0.396936 0.168976
-0.927221 0.329958 0.177172
-0.947792 0.260779 0.183534
-0.963862 0.189218 0.187525
-0.955299 0.151389 0.253938
-0.963677 0.076958 0.255741
-0.978891 0.0366893 0.201065
-0.975648 -0.0324936 0.216923
-0.96972 -0.10865 0.218719
-0.957552 -0.185396 0.22073
-0.939785 -0.2594 0.222523
-0.917366 -0.330495 0.22184
-0.915899 -0.371204 0.152767
-0.887141 -0.437946 0.145545
-0.853846 -0.502052 0.137444
-0.815771 -0.563681 0.129543
-0.772672 -0.622865 0.122542
-0.724525 -0.679407 0.116061
-0.671264 -0.733122 0.109253
-0.611054 -0.783688 0.111566
-0.544729 -0.829329 0.124437
-0.478485 -0.866272 0.143613
-0.411141 -0.896962 0.162549
-0.342357 -0.922056 0.180568
-0.272012 -0.941954 0.196803
-0.200453 -0.956704 0.211035
-0.128078 -0.966344 0.223103
-0.05543 -0.970882 0.233057
-0.0121053 -0.985356 0.170079
0.0599975 -0.982467 0.17652
0.131853 -0.974259 0.182851
0.179851 -0.976004 0.122757
0.25063 -0.958295 0.137317
0.318106 -0.935327 0.154831
0.383798 -0.907309 0.171723
0.448049 -0.87419 0.1872
0.510241 -0.836028 0.201771
0.57113 -0.792732 0.213039
0.630148 -0.74479 0.219546
0.685766 -0.693383 0.221236
0.736952 -0.639777 0.218145
0.783563 -0.583948 0.212211
0.825677 -0.525711 0.204658
0.863304 -0.465219 0.195644
0.896423 -0.402573 0.185366
0.925004 -0.33777 0.17401
0.94898 -0.270772 0.161618
0.968187 -0.201271 0.148677
0.982144 -0.12861 0.137305
0.990596 -0.0552124 0.125181
0.997406 0.0532869 0.0483897
0.989045 0.095714 0.112381
0.990954 0.127421 0.0421255
0.97887 0.200392 0.0407059
0.965508 0.237746 0.106167
0.944957 0.305444 0.117308
0.919867 0.371103 0.126989
0.89028 0.434648 0.135951
0.856284 0.49616 0.143539
0.817953 0.555529 0.149469
0.775337 0.61253 0.153817
0.728453 0.666938 0.156687
0.677233 0.718571 0.158149
0.621329 0.768075 0.154957
0.562003 0.814173 0.145863
0.501192 0.855222 0.131916
0.438135 0.891293 0.116766
0.372719 0.922445 0.10088
0.30548 0.948526 0.0835547
0.235362 0.969558 0.0675368
0.162959 0.985143 0.0542037
0.114937 0.986724 0.114743
0.04198 0.993287 0.10779
-0.0308308 0.994397 0.101113
-0.0771423 0.983337 0.164611
-0.149506 0.976462 0.155465
-0.221142 0.964499 0.144353
-0.291555 0.947531 0.131075
-0.360334 0.925635 0.115584
-0.427315 0.89874 0.0983289
-0.492957 0.866278 0.0809656
-0.557189 0.827979 0.063179
-0.623995 0.779868 0.049365
-0.686531 0.725509 0.0480782
-0.740317 0.669936 0.0558279
-0.787826 0.612511 0.0645005
-0.829417 0.553572 0.0750047
-0.866163 0.492443 0.0852074
-0.898344 0.428914 0.094924
-0.925936 0.363015 0.104228
-0.948963 0.294688 0.112378
-0.967342 0.223857 0.118902
-0.980802 0.149978 0.124635
-0.974862 0.114631 0.191059
-0.988487 0.0726993 0.132698
-0.989794 -0.00396172 0.142452
-0.985191 -0.0770114 0.153195
-0.975809 -0.152995 0.156171
-0.96077 -0.228404 0.157331
-0.940605 -0.301252 0.156553
-0.936157 -0.340455 0.087749
-0.909427 -0.408051 0.080234
-0.878097 -0.473022 0.0720781
-0.841999 -0.535635 0.0642832
-0.800892 -0.596025 0.0576736
-0.754524 -0.654186 0.0522809
-0.702207 -0.710369 0.0477643
-0.641539 -0.765639 0.0471658
-0.574644 -0.816379 0.0575295
-0.505517 -0.859813 0.0719315
-0.437864 -0.894618 0.0890696
-0.369541 -0.923065 0.106723
-0.29991 -0.945949 0.123427
-0.228953 -0.963563 0.1383
-0.157031 -0.975969 0.151084
-0.0845822 -0.983217 0.16165
-0.0384303 -0.99437 0.098749
0.0343431 -0.993803 0.105716
0.107106 -0.987867 0.112463
0.154856 -0.986629 0.0508257
0.226775 -0.971896 0.0631791
0.296371 -0.951841 0.0785029
0.363144 -0.926808 0.0956742
0.427917 -0.896808 0.112354
0.490913 -0.861798 0.127705
0.551474 -0.821939 0.142453
0.611123 -0.77669 0.152583
0.668611 -0.727029 0.156168
0.721546 -0.675181 0.153302
0.769821 -0.621057 0.147186
0.813677 -0.564287 0.13968
0.853108 -0.50506 0.130851
0.888067 -0.443523 0.120933
0.918534 -0.379648 0.110282
0.944442 -0.313417 0.0989911
0.965674 -0.244593 0.0874523
0.981981 -0.172735 0.0766544
0.992921 -0.099092 0.0654807
0.998175 -0.0232471 0.055727
-0.999857 -0.0109654 0.0128853
-0.996001 -0.0868508 0.0209368
-0.986508 -0.161668 0.0258109
-0.971558 -0.2354 0.0257176
0.960984 0.27339 0.0420311
0.938519 0.341358 0.0515385
0.911488 0.406851 0.0605173
0.879973 0.469994 0.0689358
0.844035 0.530871 0.0760389
0.803768 0.589319 0.0816088
0.759298 0.64506 0.0858132
0.710731 0.697842 0.088762
0.658101 0.74742 0.0909204
0.600947 0.794669 0.0858082
0.542219 0.837121 0.0723013
0.480944 0.874881 0.0572356
0.416504 0.908163 0.0420019
0.349968 0.936421 0.0252692
0.280991 0.959669 0.00893924
-0.209841 -0.97772 0.00556629
-0.137285 -0.990373 0.0177279
0.0896558 0.995 0.0440194
0.0165416 0.999188 0.0367292
-0.0564547 0.997961 0.0297758
-0.103592 0.990253 0.0930967
-0.175851 0.980898 0.0831607
-0.246986 0.966411 0.0710523
-0.316393 0.946931 0.0567153
-0.383603 0.922611 0.0404775
-0.44859 0.893421 0.0237735
-0.511113 0.85948 0.00753063
0.571189 -0.820793 0.00647833
0.625647 -0.779835 0.0205886
0.67729 -0.735416 0.0209953
0.727087 -0.686384 0.0148694
0.773873 -0.633292 0.00783216
-0.816834 0.576872 0.000579025
-0.855382 0.517895 0.010276
-0.889595 0.456307 0.0201204
-0.919416 0.392143 0.0299801
-0.944743 0.325413 0.0395733
-0.965501 0.255923 0.0480713
-0.98141 0.183572 0.0559911
-0.992046 0.108045 0.0645838
-0.996837 0.0310137 0.0731724
-0.995576 -0.045387 0.0822738
-0.988673 -0.120138 0.0899636
-0.976375 -0.195472 0.0921029
-0.95874 -0.269227 0.0912966
-0.951292 -0.30745 0.0227712
-0.926789 -0.375302 0.0145138
-0.897741 -0.440481 0.00610569
0.86417 0.503197 0.00184569
0.826088 0.563477 0.00850796
0.783653 0.621048 0.0137016
0.737189 0.675457 0.017618
0.687282 0.72611 0.0201822
0.635626 0.771677 0.0222179
0.582091 0.813039 0.011689
-0.523617 -0.85195 0.00238192
-0.459835 -0.887851 0.0165248
-0.39371 -0.918648 0.0328285
-0.325524 -0.944237 0.0495043
-0.255421 -0.964644 0.064972
-0.183826 -0.97982 0.0784889
-0.111302 -0.989723 0.0897804
-0.0641579 -0.997567 0.0272785
0.00888835 -0.999363 0.0345544
0.081891 -0.995775 0.041536
-0.129355 0.991372 0.0211813
-0.201529 0.979429 0.0102189
0.272138 -0.962253 0.00322947
0.340435 -0.940076 0.0189976
0.406242 -0.913061 0.0358777
0.469856 -0.88119 0.0523396
0.531431 -0.84442 0.0673458
0.58994 -0.803235 0.0823658
0.647741 -0.756507 0.090157
0.701871 -0.706883 0.0877111
0.751412 -0.654802 0.0813317
0.796783 -0.599731 0.0738889
0.837882 -0.541941 0.0652213
0.874573 -0.481706 0.05551
0.906864 -0.418973 0.0453795
0.934685 -0.353758 0.0349348
0.957935 -0.285929 0.024584
0.976472 -0.215121 0.0150113
0.989898 -0.141692 0.00504991
-0.997814 0.0659391 0.00443326