0.0350213 -0.00306031 0.999382
-0.0280038 0.0242267 0.999314
-0.0122028 -0.0487482 0.998737
0.111003 -0.0189786 0.993639
0.080943 0.0421864 0.995826
0.0242523 0.0751634 0.996876
-0.048586 0.0908782 0.994676
-0.0978724 0.0390127 0.994434
-0.0788947 -0.0271739 0.996513
-0.0605373 -0.0959581 0.993543
0.0144547 -0.112036 0.993599
0.0635372 -0.0670365 0.995725
0.183247 -0.019296 0.982877
0.150531 0.040454 0.987777
0.108768 0.0993478 0.98909
0.0621128 0.144304 0.987582
-0.00351145 0.136404 0.990647
-0.0546288 0.176155 0.982845
-0.110903 0.107172 0.988036
-0.165437 0.0628561 0.984215
-0.148539 -0.00763308 0.988877
-0.129104 -0.0761031 0.988706
-0.0449583 -0.160672 0.985983
0.0209951 -0.175143 0.984319
0.083805 -0.187755 0.978634
0.0954541 -0.125792 0.987454
0.142509 -0.0777274 0.986737
0.254593 -0.0143714 0.966941
0.218699 0.0437712 0.97481
0.178738 0.103448 0.978443
0.134315 0.160836 0.977799
0.0861614 0.210368 0.973818
0.016344 0.200425 0.979573
-0.0311839 0.246986 0.968517
-0.097787 0.23448 0.96719
-0.119289 0.169914 0.978212
-0.177738 0.133037 0.975044
-0.229068 0.0905793 0.969187
-0.21385 0.0152427 0.976748
-0.19636 -0.0570266 0.978872
-0.178962 -0.126413 0.975701
-0.112774 -0.144522 0.983054
-0.0934603 -0.212417 0.972699
-0.0264115 -0.228258 0.973242
0.0411866 -0.242576 0.969258
0.111983 -0.248715 0.962081
0.148801 -0.186707 0.971081
0.179918 -0.130632 0.974969
0.219162 -0.0749603 0.972805
0.323788 -0.0101355 0.946075
0.286931 0.0481121 0.956742
0.247005 0.107053 0.963083
0.203996 0.165977 0.964799
0.158153 0.22227 0.962073
0.111012 0.273421 0.955467
0.0401936 0.263479 0.963827
-0.00744966 0.311812 0.950115
-0.0777576 0.299157 0.95103
-0.147878 0.28019 0.948486
-0.16693 0.212839 0.962722
-0.224015 0.177093 0.958361
-0.281697 0.151321 0.947496
-0.29153 0.0865953 0.952634
-0.277064 0.0233397 0.960568
-0.260814 -0.0432278 0.964421
-0.244415 -0.111203 0.963273
-0.225914 -0.17926 0.957512
-0.160205 -0.195701 0.967489
-0.138779 -0.263875 0.954521
-0.0715417 -0.279942 0.957347
-0.00310545 -0.29433 0.955699
0.0681869 -0.303592 0.950359
0.139621 -0.307525 0.941241
0.180674 -0.248377 0.951665
0.218257 -0.189768 0.957263
0.254024 -0.131884 0.958164
0.290282 -0.071931 0.954234
0.354384 0.0521878 0.933643
0.314441 0.1107 0.9428
0.338575 0.172823 0.924932
0.271991 0.169659 0.947226
0.227916 0.227678 0.946687
0.182484 0.282874 0.941638
0.135892 0.334371 0.932593
0.0645674 0.325052 0.943489
0.017887 0.373656 0.927395
-0.0537906 0.360811 0.931086
-0.127144 0.343925 0.930349
-0.19915 0.320564 0.926055
-0.215584 0.253808 0.942924
-0.275731 0.221685 0.935322
-0.336721 0.190841 0.922062
-0.345309 0.120932 0.930665
-0.343337 0.0444541 0.93816
-0.325987 -0.0255794 0.945028
-0.309417 -0.0944298 0.946226
-0.291421 -0.162749 0.942649
-0.27116 -0.230399 0.934553
-0.205264 -0.247343 0.946936
-0.182632 -0.314496 0.931525
-0.115473 -0.330642 0.936665
-0.0470743 -0.345136 0.937371
0.0234987 -0.355759 0.934282
0.095086 -0.362242 0.927221
0.166293 -0.364788 0.91612
0.209301 -0.307675 0.928186
0.249752 -0.249577 0.935593
0.287709 -0.190538 0.938573
0.323644 -0.130123 0.937189
0.358494 -0.0680461 0.931049
0.421089 0.0576514 0.905185
0.380873 0.114069 0.917564
0.403603 0.175397 0.897965
0.361868 0.234146 0.902345
0.295764 0.231374 0.926817
0.252147 0.288168 0.923786
0.206975 0.342222 0.91654
0.16078 0.393424 0.905189
0.0896686 0.385017 0.918543
0.0459423 0.434931 0.899291
-0.0220944 0.424435 0.905189
-0.0884439 0.412037 0.906864
-0.152042 0.398356 0.904542
-0.212486 0.379044 0.900653
-0.271231 0.352979 0.895455
-0.267476 0.291187 0.918513
-0.33007 0.259393 0.907617
-0.398428 0.168054 0.901672
-0.404039 0.102479 0.908983
-0.403688 0.0390248 0.914064
-0.388343 -0.0229668 0.921229
-0.373009 -0.0864323 0.923793
-0.355897 -0.150795 0.922279
-0.336508 -0.215752 0.916632
-0.314929 -0.280907 0.906593
-0.249064 -0.297459 0.921675
-0.225577 -0.363459 0.903887
-0.158613 -0.380101 0.911244
-0.0905459 -0.39493 0.914238
-0.0208146 -0.40658 0.913378
0.050021 -0.414595 0.90863
0.121188 -0.419044 0.899842
0.19196 -0.420322 0.886837
0.236274 -0.364992 0.900531
0.278337 -0.308086 0.909732
0.317952 -0.249476 0.914696
0.355076 -0.188999 0.915533
0.39012 -0.126725 0.912002
0.391168 -0.00506364 0.920305
0.456292 0.0026869 0.889826
0.446779 0.118724 0.886732
0.467636 0.17727 0.865963
0.426349 0.235485 0.873369
0.386426 0.293447 0.874394
0.320037 0.291621 0.901406
0.276535 0.346974 0.896179
0.23135 0.399886 0.886887
0.185374 0.450667 0.873233
0.11541 0.443822 0.888652
0.0695999 0.493658 0.866866
0.00135869 0.485129 0.874441
-0.0660361 0.474458 0.877798
-0.132634 0.461737 0.877045
-0.198525 0.444348 0.87358
-0.262198 0.420004 0.868821
-0.323144 0.391151 0.86173
-0.330505 0.324075 0.886421
-0.390064 0.297044 0.871559
-0.391756 0.233077 0.890057
-0.453493 0.199992 0.868532
-0.459476 0.133476 0.878104
-0.46198 0.0653225 0.884482
-0.453946 -0.00353987 0.891022
-0.438295 -0.0687669 0.896197
-0.42144 -0.133824 0.896928
-0.402439 -0.198621 0.89364
-0.381185 -0.263118 0.886266
-0.357994 -0.327342 0.874464
-0.291817 -0.34604 0.891683
-0.267687 -0.410504 0.871683
-0.201089 -0.427822 0.881211
-0.133495 -0.443326 0.886364
-0.0645879 -0.455983 0.887642
0.00535099 -0.465325 0.885124
0.0758181 -0.471269 0.878725
0.146341 -0.473924 0.86832
0.216532 -0.473878 0.853553
0.261928 -0.420335 0.868742
0.305157 -0.364942 0.879601
0.345956 -0.307478 0.886438
0.384165 -0.247852 0.889374
0.419822 -0.186157 0.88831
0.45337 -0.122569 0.882855
0.423957 -0.0627492 0.903506
0.516135 0.00972473 0.856452
0.486971 0.0698213 0.870623
0.515195 0.138904 0.845742
0.490155 0.231291 0.840388
0.451894 0.291648 0.84305
0.411608 0.349192 0.84181
0.344624 0.349531 0.871242
0.300717 0.40356 0.864123
0.255171 0.45551 0.852876
0.208347 0.505578 0.837247
0.138727 0.500389 0.854615
0.0911024 0.549284 0.830655
0.0225317 0.542506 0.83975
-0.0455256 0.533276 0.844716
-0.113121 0.52146 0.845744
-0.180408 0.505548 0.843726
-0.246717 0.483973 0.839584
-0.31053 0.457215 0.833382
-0.371984 0.427837 0.823762
-0.383232 0.362394 0.84959
-0.442905 0.330754 0.833329
-0.449099 0.265044 0.853266
-0.507283 0.228814 0.830848
-0.512501 0.161993 0.843268
-0.515709 0.0934025 0.851657
-0.512063 0.0229339 0.858642
-0.501507 -0.0461625 0.863921
-0.485577 -0.112499 0.866925
-0.467532 -0.178077 0.865854
-0.447053 -0.242892 0.860899
-0.424234 -0.306966 0.851937
-0.399556 -0.370486 0.838508
-0.33374 -0.391446 0.857548
-0.308903 -0.454834 0.835287
-0.242812 -0.473476 0.846677
-0.175835 -0.48988 0.853873
-0.107748 -0.50364 0.857168
-0.0387193 -0.514291 0.856741
0.0308961 -0.521672 0.852587
0.100728 -0.52577 0.844642
0.170447 -0.526721 0.832774
0.239888 -0.525211 0.81646
0.286297 -0.47362 0.832897
0.330489 -0.419962 0.845227
0.37226 -0.363998 0.853773
0.41144 -0.305682 0.858647
0.447932 -0.245102 0.859815
0.481816 -0.182407 0.857077
0.513552 -0.117737 0.849943
0.485655 -0.0572216 0.872276
0.572829 0.0158989 0.819521
0.544517 0.0778997 0.835125
0.571717 0.143778 0.807755
0.543074 0.205549 0.814138
0.515278 0.282895 0.808986
0.476877 0.344756 0.808537
0.43538 0.402326 0.805343
0.368893 0.404465 0.836855
0.324081 0.457615 0.827986
0.277592 0.508757 0.814929
0.229696 0.557838 0.797531
0.160242 0.554084 0.816893
0.111414 0.601808 0.790832
0.0428062 0.596757 0.80128
-0.025492 0.588994 0.807735
-0.0934945 0.578309 0.810443
-0.161257 0.563763 0.810042
-0.228433 0.544336 0.807166
-0.294098 0.520079 0.801888
-0.357472 0.49192 0.793869
-0.418994 0.460678 0.782445
-0.432538 0.396237 0.809881
-0.491748 0.361508 0.792146
-0.500971 0.295276 0.813536
-0.557214 0.257016 0.789592
-0.563316 0.189518 0.804213
-0.56695 0.120913 0.81483
-0.565678 0.0506378 0.82307
-0.558939 -0.0197561 0.828973
-0.546816 -0.0885432 0.832558
-0.530309 -0.155134 0.83349
-0.511183 -0.220603 0.830678
-0.489424 -0.284994 0.824162
-0.465217 -0.348371 0.813763
-0.439141 -0.411029 0.798881
-0.374268 -0.433898 0.819546
-0.348856 -0.496434 0.794891
-0.283628 -0.516588 0.807893
-0.217406 -0.534232 0.816903
-0.150171 -0.549184 0.822099
-0.0820439 -0.56118 0.823618
-0.0133074 -0.570013 0.821528
0.0557186 -0.575611 0.815823
0.124728 -0.577986 0.806459
0.193463 -0.577271 0.793304
0.261914 -0.574094 0.775769
0.309296 -0.524789 0.793053
0.354274 -0.4731 0.806639
0.396856 -0.4189 0.816718
0.4369 -0.362194 0.823368
0.474268 -0.303089 0.826563
0.508873 -0.241738 0.826203
0.540784 -0.178309 0.822046
0.570495 -0.113034 0.813486
0.544138 -0.0513079 0.837426
0.627171 0.018503 0.778662
0.600311 0.0814731 0.795606
0.626864 0.144513 0.765609
0.598624 0.206571 0.773936
0.570266 0.268573 0.776316
0.537831 0.336554 0.772962
0.4987 0.397504 0.770252
0.456276 0.454322 0.765117
0.391475 0.457085 0.798636
0.345562 0.50947 0.788053
0.298114 0.559716 0.773205
0.249412 0.607548 0.754109
0.180372 0.604782 0.775696
0.130798 0.651283 0.747477
0.0625202 0.647952 0.759111
-0.0056519 0.641707 0.766929
-0.0736858 0.63232 0.771195
-0.14155 0.619188 0.77238
-0.208982 0.601624 0.770958
-0.27539 0.579549 0.766996
-0.340136 0.553343 0.760342
-0.402905 0.523397 0.750815
-0.463852 0.490231 0.737913
-0.479154 0.426647 0.767062
-0.537483 0.389908 0.747719
-0.548821 0.323924 0.770629
-0.603555 0.28417 0.744962
-0.611025 0.216499 0.76143
-0.615669 0.147812 0.774018
-0.616163 0.0779095 0.783756
-0.612003 0.00750352 0.79082
-0.603175 -0.0623409 0.795169
-0.589792 -0.130558 0.796932
-0.572513 -0.196855 0.795912
-0.552344 -0.261788 0.791444
-0.529405 -0.325406 0.78348
-0.503916 -0.387786 0.77181
-0.476493 -0.449296 0.755703
-0.413032 -0.473774 0.77778
-0.387475 -0.535365 0.750499
-0.323429 -0.556938 0.764992
-0.258127 -0.575959 0.775656
-0.191736 -0.59225 0.782609
-0.124446 -0.605634 0.785952
-0.0565141 -0.615951 0.785755
0.011753 -0.623091 0.782061
0.0800446 -0.627019 0.774881
0.14806 -0.627768 0.764189
0.215542 -0.625438 0.749912
0.282571 -0.620325 0.731677
0.330759 -0.573907 0.749152
0.376237 -0.524496 0.763773
0.419437 -0.472322 0.775232
0.460228 -0.417461 0.783528
0.498456 -0.360076 0.788598
0.533956 -0.300362 0.790363
0.566617 -0.238539 0.788698
0.596501 -0.174881 0.783328
0.624247 -0.109876 0.773461
0.599562 -0.046757 0.798962
0.678961 0.018846 0.733932
0.653905 0.0820175 0.752118
0.679566 0.143396 0.719464
0.652472 0.205225 0.729495
0.624295 0.266922 0.734172
0.593159 0.328214 0.735145
0.557747 0.390746 0.732281
0.51763 0.449635 0.727933
0.474291 0.505107 0.721051
0.411399 0.508155 0.756657
0.364568 0.55949 0.744353
0.316441 0.608642 0.727613
0.267462 0.654956 0.70675
0.199222 0.652507 0.731126
0.149559 0.697742 0.700563
0.0819971 0.696102 0.713245
0.0142787 0.691395 0.722336
-0.0535054 0.683413 0.728069
-0.12124 0.671755 0.730784
-0.188673 0.655949 0.730844
-0.255352 0.635862 0.728337
-0.320776 0.611661 0.72317
-0.384538 0.583548 0.715264
-0.446381 0.551824 0.704439
-0.506327 0.516963 0.690205
-0.523143 0.454357 0.721028
-0.58036 0.416157 0.699997
-0.593382 0.350843 0.724435
-0.646617 0.309987 0.69699
-0.655504 0.242613 0.71516
-0.661434 0.174085 0.72952
-0.663624 0.104511 0.74073
-0.661553 0.0343506 0.749111
-0.655236 -0.0357057 0.75458
-0.644776 -0.104805 0.757153
-0.630206 -0.172275 0.757074
-0.612 -0.237943 0.754215
-0.590772 -0.302058 0.748164
-0.566706 -0.364632 0.738842
-0.540026 -0.425709 0.726047
-0.511347 -0.485665 0.708981
-0.44999 -0.511245 0.732214
-0.425765 -0.571173 0.701773
-0.36289 -0.594013 0.717955
-0.298361 -0.614516 0.730309
-0.232592 -0.632314 0.738973
-0.16586 -0.647211 0.744048
-0.0984309 -0.659071 0.745612
-0.0305935 -0.667789 0.743722
0.0373421 -0.673303 0.738423
0.105043 -0.675617 0.729732
0.172118 -0.674818 0.717633
0.238052 -0.670987 0.702216
0.302524 -0.663755 0.684038
0.349988 -0.621743 0.700674
0.395306 -0.57506 0.716267
0.438979 -0.52506 0.729115
0.480564 -0.472083 0.739051
0.519764 -0.416451 0.745932
0.556338 -0.358442 0.749672
0.590091 -0.298331 0.750194
0.620916 -0.236411 0.747377
0.648922 -0.173027 0.740919
0.674901 -0.108644 0.729867
0.652365 -0.0448899 0.756574
0.727872 0.0178464 0.685481
0.704806 0.0809648 0.704764
0.72946 0.140648 0.669408
0.703814 0.202329 0.680962
0.676373 0.263627 0.687765
0.646262 0.324531 0.69067
0.612568 0.384505 0.690591
0.575051 0.443798 0.687284
0.533693 0.500544 0.681636
0.489168 0.554464 0.673264
0.428442 0.557704 0.710917
0.380624 0.607867 0.696867
0.331814 0.656102 0.677812
0.283421 0.700941 0.654488
0.21702 0.697241 0.683196
0.169657 0.740926 0.649804
0.102793 0.741027 0.663561
0.0354689 0.737914 0.673962
-0.0321206 0.731433 0.681157
-0.0997751 0.721316 0.685381
-0.167223 0.707234 0.686918
-0.234075 0.68904 0.685881
-0.299901 0.666797 0.682233
-0.364312 0.640635 0.675916
-0.426967 0.610736 0.666858
-0.487636 0.577379 0.654862
-0.546328 0.541007 0.639404
-0.564504 0.479614 0.671792
-0.620456 0.440304 0.648974
-0.634893 0.375996 0.674935
-0.686501 0.334427 0.645659
-0.696738 0.267703 0.6655
-0.704029 0.199586 0.681549
-0.707881 0.130425 0.694185
-0.707702 0.0605426 0.703913
-0.703469 -0.00954696 0.710662
-0.695423 -0.0790665 0.714238
-0.683429 -0.14743 0.714975
-0.66754 -0.214215 0.713094
-0.648127 -0.279291 0.708469
-0.625577 -0.342737 0.700846
-0.600057 -0.404543 0.690128
-0.571696 -0.464745 0.676148
-0.540749 -0.523909 0.658111
-0.485817 -0.546431 0.682198
-0.471829 -0.598217 0.647699
-0.405165 -0.625339 0.666928
-0.339449 -0.648606 0.681238
-0.27335 -0.668531 0.691626
-0.206577 -0.68527 0.698377
-0.139151 -0.698836 0.701616
-0.0712051 -0.709188 0.701414
-0.00290852 -0.716268 0.697819
0.0655978 -0.720017 0.690849
0.134276 -0.720393 0.680443
0.203345 -0.717329 0.666401
0.273932 -0.709719 0.649046
0.350921 -0.679106 0.644724
0.403926 -0.630239 0.663056
0.451602 -0.579855 0.678103
0.495766 -0.5274 0.689975
0.536907 -0.472791 0.698712
0.575125 -0.416104 0.704335
0.610386 -0.357496 0.706842
0.642623 -0.297175 0.706203
0.671816 -0.235379 0.702324
0.698134 -0.172354 0.694912
0.722346 -0.108318 0.682996
0.702453 -0.0446171 0.710331
0.773756 0.0151527 0.633303
0.752758 0.0782512 0.65363
0.776395 0.135178 0.615579
0.752397 0.197193 0.628502
0.726018 0.258469 0.637254
0.697016 0.319195 0.642092
0.664739 0.379046 0.643775
0.628958 0.437577 0.642603
0.589681 0.494622 0.638455
0.546996 0.549342 0.631679
0.501233 0.601427 0.622134
0.441873 0.605794 0.661635
0.391915 0.655143 0.645903
0.339065 0.704587 0.623372
0.280613 0.757198 0.589838
0.236098 0.738568 0.631486
0.19949 0.77833 0.59532
0.129321 0.781644 0.610171
0.0605017 0.780648 0.622035
-0.00794467 0.775957 0.630736
-0.0761578 0.767543 0.636457
-0.144024 0.755231 0.63944
-0.211269 0.738906 0.639831
-0.277552 0.71859 0.637647
-0.342533 0.69438 0.632857
-0.405885 0.666416 0.625418
-0.467314 0.634881 0.615259
-0.526631 0.600026 0.602186
-0.583892 0.562246 0.585619
-0.603265 0.502413 0.619397
-0.657844 0.462308 0.59457
-0.673413 0.399402 0.622087
-0.734635 0.291905 0.612456
-0.743273 0.224384 0.630236
-0.748771 0.155766 0.644266
-0.75036 0.0862389 0.65538
-0.747961 0.0161341 0.663546
-0.742018 -0.0536589 0.668229
-0.732277 -0.122631 0.669874
-0.7186 -0.190421 0.668845
-0.749906 -0.233204 0.619077
-0.701086 -0.256762 0.665246
-0.679977 -0.321577 0.658953
-0.65541 -0.384943 0.649813
-0.627229 -0.44706 0.637746
-0.594335 -0.508577 0.622989
-0.6094 -0.547818 0.573173
-0.543732 -0.570875 0.61519
-0.441814 -0.652862 0.615281
-0.377451 -0.678881 0.629803
-0.312183 -0.700966 0.641239
-0.245953 -0.719595 0.649377
-0.178855 -0.734907 0.654158
-0.111062 -0.746913 0.655581
-0.0427698 -0.755562 0.653679
0.0258398 -0.760766 0.648511
0.0946482 -0.762401 0.640146
0.163679 -0.760267 0.628652
0.233256 -0.753794 0.614317
0.303332 -0.74029 0.599967
0.362901 -0.718423 0.59344
0.413632 -0.675314 0.610622
0.462693 -0.628521 0.625201
0.5084 -0.578571 0.637798
0.551085 -0.526036 0.647759
0.590833 -0.471224 0.654877
0.627623 -0.414395 0.659064
0.661393 -0.35579 0.660282
0.69208 -0.295647 0.658496
0.719672 -0.234192 0.653626
0.744305 -0.171624 0.645411
0.76652 -0.107984 0.633077
0.749791 -0.0451928 0.660129
0.816457 0.00669896 0.577367
0.79765 0.0719523 0.598813
0.81954 0.127508 0.558656
0.79761 0.189939 0.572487
0.772719 0.251317 0.582876
0.744997 0.311993 0.58961
0.714139 0.371856 0.593067
0.679906 0.430529 0.593609
0.642309 0.487628 0.591319
0.601432 0.542845 0.586173
0.557401 0.595672 0.578342
0.510404 0.645791 0.56784
0.460429 0.692983 0.554778
0.400454 0.698014 0.593644
0.343923 0.744873 0.571735
0.294815 0.792871 0.53333
0.231268 0.805296 0.545906
0.157842 0.816261 0.555701
0.0874329 0.818564 0.567722
0.0180598 0.816214 0.577468
-0.0508193 0.809821 0.584472
-0.119237 0.799447 0.588785
-0.187005 0.785065 0.59051
-0.253837 0.766703 0.589689
-0.319426 0.744449 0.586313
-0.383461 0.718434 0.580354
-0.445643 0.688817 0.571782
-0.505708 0.65578 0.560546
-0.563503 0.619526 0.546492
-0.61916 0.580353 0.528991
-0.639541 0.522553 0.56385
-0.692688 0.482089 0.536445
-0.708927 0.421193 0.565702
-0.723166 0.35768 0.590843
-0.768944 0.315719 0.55592
-0.778908 0.248808 0.575671
-0.786104 0.18085 0.591045
-0.789407 0.111801 0.603604
-0.788653 0.041672 0.613424
-0.784669 -0.0282989 0.619268
-0.777016 -0.0976178 0.621865
-0.765438 -0.166007 0.621729
-0.777044 -0.275409 0.565997
-0.73053 -0.299004 0.61394
-0.707402 -0.363322 0.606283
-0.680391 -0.426195 0.596176
-0.648771 -0.4878 0.584078
-0.662852 -0.528749 0.530143
-0.623237 -0.587815 0.5158
-0.57148 -0.600051 0.559776
-0.50559 -0.622876 0.596996
-0.47499 -0.678472 0.560411
-0.413463 -0.705686 0.575375
-0.34969 -0.729606 0.5877
-0.284329 -0.750057 0.597135
-0.217739 -0.767127 0.603413
-0.150197 -0.780825 0.606426
-0.0819528 -0.791105 0.606166
-0.0132138 -0.797866 0.602689
0.0559014 -0.80094 0.596129
0.125479 -0.800028 0.586695
0.196079 -0.794464 0.574787
0.269307 -0.782669 0.561163
0.344955 -0.763983 0.545285
0.413613 -0.7233 0.552957
0.467059 -0.676995 0.568801
0.516095 -0.628297 0.582141
0.561244 -0.577139 0.593225
0.603058 -0.523726 0.601691
0.641732 -0.46827 0.607374
0.6773 -0.410989 0.610207
0.709732 -0.352114 0.610161
0.738979 -0.291896 0.607212
0.765022 -0.230622 0.601294
0.787925 -0.168622 0.592233
0.807686 -0.105973 0.580011
0.79487 -0.0469649 0.604959
0.851483 -0.00562074 0.524353
0.838108 0.0633069 0.541819
0.858549 0.117914 0.498989
0.839129 0.180396 0.513147
0.816153 0.241813 0.524806
0.789962 0.302483 0.533352
0.760566 0.362439 0.538681
0.727829 0.421408 0.540999
0.691729 0.479003 0.540432
0.652351 0.534838 0.537015
0.609802 0.588556 0.530795
0.564196 0.639756 0.521915
0.515603 0.688104 0.510554
0.463961 0.733261 0.49706
0.407248 0.737004 0.539421
0.356146 0.779844 0.514785
0.329479 0.819035 0.469707
0.260497 0.833342 0.487526
0.189887 0.843661 0.502175
0.116771 0.850956 0.512091
0.0458295 0.851723 0.521983
-0.0239853 0.84773 0.529885
-0.0930928 0.839492 0.535338
-0.161483 0.827153 0.538277
-0.228953 0.810788 0.538706
-0.295227 0.790493 0.53662
-0.36001 0.766403 0.531996
-0.422997 0.738681 0.524809
-0.483885 0.707516 0.515049
-0.542402 0.673102 0.502726
-0.598379 0.635606 0.487798
-0.651973 0.595225 0.469722
-0.673583 0.539596 0.505096
-0.741259 0.442011 0.505134
-0.756368 0.380426 0.53215
-0.799094 0.339992 0.495837
-0.810556 0.273165 0.518054
-0.81965 0.206 0.534545
-0.824683 0.137649 0.54859
-0.825396 0.0673667 0.56052
-0.823332 -0.00277152 0.567554
-0.817709 -0.0722987 0.571073
-0.80816 -0.141049 0.571825
-0.794595 -0.208822 0.570099
-0.819559 -0.250559 0.515309
-0.799891 -0.316343 0.510001
-0.755532 -0.34066 0.559573
-0.729908 -0.404543 0.55098
-0.699538 -0.467187 0.540724
-0.714557 -0.504683 0.484461
-0.677661 -0.562964 0.473125
-0.580681 -0.645272 0.49642
-0.533509 -0.649377 0.541921
-0.515882 -0.695445 0.500221
-0.452413 -0.726506 0.517216
-0.388274 -0.753179 0.531003
-0.322964 -0.775959 0.541832
-0.256522 -0.795055 0.549622
-0.189102 -0.810606 0.554218
-0.120909 -0.822629 0.555574
-0.0521588 -0.831058 0.553735
0.0169757 -0.835734 0.548872
0.0864573 -0.836354 0.541329
0.156495 -0.832355 0.531691
0.227354 -0.822857 0.520785
0.297328 -0.808774 0.507426
0.360821 -0.794487 0.488465
0.414374 -0.761148 0.498947
0.470003 -0.719305 0.511564
0.520961 -0.673134 0.524872
0.568417 -0.623879 0.536354
0.612388 -0.571951 0.545759
0.653118 -0.517667 0.552683
0.690704 -0.461249 0.556935
0.725157 -0.402873 0.558427
0.756447 -0.34266 0.557111
0.784543 -0.28063 0.552937
0.809439 -0.216524 0.545826
0.830983 -0.148947 0.535987
0.864974 -0.13594 0.483054
0.83945 -0.069162 0.539018
0.88401 -0.00972721 0.467366
0.873632 0.0538014 0.483603
0.89425 0.0990115 0.436478
0.877498 0.16445 0.450504
0.85655 0.22751 0.463208
0.83199 0.289146 0.473484
0.804053 0.349759 0.480799
0.772744 0.409363 0.485066
0.738038 0.467725 0.486347
0.699987 0.524501 0.484682
0.658674 0.579324 0.480137
0.614168 0.63185 0.472825
0.566483 0.681738 0.462959
0.515508 0.728675 0.450871
0.46109 0.772483 0.436652
0.410026 0.775327 0.480361
0.342326 0.845718 0.409358
0.281687 0.859035 0.427448
0.214475 0.86975 0.44445
0.145246 0.878009 0.456074
0.0741224 0.882133 0.465132
0.00369489 0.880924 0.473243
-0.0659904 0.875053 0.479508
-0.13497 0.864876 0.483501
-0.203099 0.85056 0.485076
-0.27013 0.832225 0.48418
-0.33578 0.810004 0.480776
-0.399753 0.784053 0.474824
-0.461744 0.754559 0.466297
-0.521443 0.72172 0.455212
-0.578576 0.685685 0.441684
-0.63303 0.646438 0.425899
-0.685229 0.603564 0.407641
-0.704565 0.55433 0.443064
-0.725362 0.499762 0.473379
-0.785326 0.404407 0.468741
-0.825326 0.362461 0.432965
-0.838092 0.296168 0.458133
-0.849428 0.230619 0.474644
-0.856098 0.16401 0.490099
-0.857974 0.093354 0.505139
-0.857884 0.0230481 0.513327
-0.854309 -0.046559 0.517676
-0.846781 -0.115465 0.519258
-0.835195 -0.183532 0.518426
-0.857925 -0.224802 0.461985
-0.84016 -0.290988 0.457665
-0.818286 -0.355845 0.451422
-0.7761 -0.380727 0.502708
-0.747843 -0.443601 0.493912
-0.761346 -0.480775 0.434979
-0.726387 -0.540099 0.425035
-0.687358 -0.597455 0.413021
-0.638396 -0.618763 0.457802
-0.59881 -0.670517 0.437988
-0.548193 -0.708135 0.445005
-0.487493 -0.743279 0.458134
-0.424825 -0.772312 0.472291
-0.360414 -0.797337 0.484103
-0.294516 -0.818553 0.493184
-0.227419 -0.836074 0.499261
-0.159388 -0.849953 0.502171
-0.0906865 -0.860161 0.501896
-0.0215491 -0.866578 0.498577
0.0479022 -0.868941 0.492592
0.117753 -0.866771 0.484605
0.188173 -0.85947 0.475292
0.25864 -0.847206 0.464056
0.328849 -0.8324 0.446058
0.404279 -0.803451 0.437065
0.464445 -0.760903 0.453119
0.520526 -0.715728 0.465603
0.57116 -0.667702 0.477441
0.617787 -0.617005 0.487488
0.660792 -0.56384 0.495417
0.700431 -0.508413 0.500911
0.736786 -0.450911 0.503812
0.76984 -0.391503 0.504054
0.799516 -0.330342 0.501646
0.825667 -0.267512 0.4967
0.847946 -0.202879 0.489721
0.883301 -0.181833 0.432108
0.897667 -0.112445 0.426088
0.873435 -0.0722624 0.48155
0.93051 -0.00482863 0.366235
0.907102 0.0309534 0.41977
0.910446 0.144765 0.387468
0.892271 0.210132 0.39962
0.869886 0.273034 0.410792
0.843788 0.334407 0.419754
0.814151 0.394594 0.425975
0.781 0.453617 0.429266
0.744378 0.511274 0.429534
0.704353 0.567212 0.426799
0.660982 0.621049 0.42119
0.614266 0.672434 0.412928
0.564088 0.721041 0.402373
0.510109 0.766597 0.390024
0.449362 0.80848 0.380044
0.396244 0.811725 0.429061
0.390858 0.845119 0.364697
0.318372 0.87811 0.357157
0.243984 0.89066 0.383662
0.173358 0.901501 0.39654
0.102957 0.907674 0.406852
0.0322182 0.909285 0.414924
-0.0379647 0.905963 0.421651
-0.107489 0.898071 0.426515
-0.176253 0.885872 0.429146
-0.244042 0.869526 0.42938
-0.31059 0.849166 0.427144
-0.375617 0.824928 0.42238
-0.438847 0.796972 0.41503
-0.500004 0.765457 0.405058
-0.558842 0.730476 0.392556
-0.615264 0.691816 0.377942
-0.669741 0.648193 0.362344
-0.724098 0.589367 0.358228
-0.747553 0.528166 0.402747
-0.791623 0.479965 0.378108
-0.769733 0.463953 0.438474
-0.815213 0.417625 0.40127
-0.8596 0.321981 0.396757
-0.87486 0.256551 0.410855
-0.88358 0.192372 0.426942
-0.886053 0.119915 0.447806
-0.888155 0.0492765 0.456894
-0.886705 -0.0203404 0.461888
-0.88122 -0.0892801 0.464198
-0.871621 -0.157493 0.464191
-0.89203 -0.198133 0.406233
-0.876197 -0.264597 0.402824
-0.856281 -0.329812 0.397501
-0.832204 -0.393528 0.390606
-0.792109 -0.41919 0.443669
-0.80383 -0.455464 0.382634
-0.771317 -0.515237 0.373633
-0.734712 -0.57265 0.363688
-0.693943 -0.627977 0.35226
-0.644977 -0.654533 0.39445
-0.58934 -0.711259 0.383131
-0.526155 -0.751338 0.398311
-0.462177 -0.785573 0.411421
-0.397722 -0.81363 0.424056
-0.332082 -0.837297 0.434345
-0.265243 -0.856995 0.44182
-0.197396 -0.872875 0.446233
-0.128802 -0.884976 0.447468
-0.0597509 -0.893239 0.445594
0.0095245 -0.897477 0.440957
0.078951 -0.897319 0.434264
0.148504 -0.892322 0.426272
0.217728 -0.882519 0.416838
0.28606 -0.86841 0.40501
0.35631 -0.849555 0.388972
0.414412 -0.829022 0.37548
0.4662 -0.792291 0.393615
0.519766 -0.751643 0.406049
0.571572 -0.706545 0.417252
0.619996 -0.657897 0.427524
0.665023 -0.60628 0.436083
0.70666 -0.552066 0.442556
0.744955 -0.495515 0.446663
0.7799 -0.436827 0.448261
0.811428 -0.37616 0.447312
0.839412 -0.313591 0.443902
0.863587 -0.248995 0.438427
0.896997 -0.226363 0.37968
0.913921 -0.156831 0.374369
0.907876 -0.0447665 0.416841
0.952052 -0.00581243 0.305881
0.923938 0.0756244 0.374993
0.937415 0.125692 0.324739
0.922494 0.19134 0.335251
0.902926 0.254979 0.345993
0.879173 0.316862 0.355884
0.851602 0.377442 0.363747
0.82032 0.436855 0.369097
0.785375 0.495107 0.371557
0.746836 0.551968 0.370901
0.704771 0.607015 0.367193
0.659211 0.659811 0.360681
0.610102 0.709964 0.351748
0.557244 0.757103 0.340989
0.499605 0.800692 0.330586
0.441246 0.83942 0.317294
0.377113 0.87379 0.307044
0.318535 0.902574 0.289648
0.265148 0.908161 0.323944
0.198299 0.921026 0.335243
0.12974 0.929177 0.346119
0.0897065 0.95194 0.292854
0.0603161 0.932948 0.354923
-0.00955877 0.932128 0.362003
-0.0792376 0.926613 0.367572
-0.148423 0.916621 0.371182
-0.216837 0.90234 0.372512
-0.284171 0.883909 0.371419
-0.350115 0.861462 0.367835
-0.414375 0.835146 0.361696
-0.476671 0.805118 0.352945
-0.536746 0.771488 0.341629
-0.594456 0.734086 0.328238
-0.650075 0.691727 0.314509
-0.704261 0.640541 0.306142
-0.751146 0.59148 0.29314
-0.768609 0.54188 0.340009
-0.810408 0.493222 0.316182
-0.835702 0.431241 0.34005
-0.859871 0.369312 0.352464
-0.890537 0.294139 0.347026
-0.905721 0.227012 0.357958
-0.909236 0.146152 0.389782
-0.914018 0.0755492 0.398578
-0.914776 0.00625983 0.403913
-0.911363 -0.0624864 0.406833
-0.903769 -0.130681 0.407584
-0.921767 -0.170342 0.348323
-0.907857 -0.237123 0.345786
-0.889852 -0.302784 0.341298
-0.867743 -0.367029 0.33513
-0.841454 -0.429585 0.327737
-0.81099 -0.490183 0.3194
-0.776326 -0.54869 0.310253
-0.737166 -0.605058 0.300818
-0.692069 -0.660116 0.29204
-0.648333 -0.683482 0.335434
-0.606721 -0.727848 0.319573
-0.553357 -0.76136 0.337826
-0.494765 -0.795207 0.350505
-0.432478 -0.825561 0.362508
-0.368073 -0.851469 0.373527
-0.301981 -0.87334 0.382211
-0.234571 -0.891294 0.388036
-0.166217 -0.905373 0.390732
-0.0973064 -0.91556 0.390232
-0.0281907 -0.921741 0.38678
0.0409637 -0.923634 0.38108
0.110166 -0.920856 0.374015
0.179264 -0.91326 0.365816
0.248249 -0.90092 0.355971
0.318309 -0.882486 0.346263
0.341711 -0.894825 0.287266
0.392907 -0.862173 0.319816
0.459221 -0.82608 0.326663
0.514372 -0.786188 0.342536
0.567593 -0.742873 0.354932
0.618055 -0.695928 0.365639
0.665171 -0.645779 0.374855
0.708894 -0.592796 0.38218
0.749199 -0.537264 0.387361
0.786074 -0.479402 0.390207
0.819467 -0.419379 0.390635
0.849267 -0.357295 0.388696
0.87526 -0.293088 0.384732
0.906331 -0.270595 0.324564
0.925223 -0.203959 0.319943
0.939332 -0.136835 0.314534
0.926191 -0.0849221 0.367368
0.967519 0.0323206 0.250723
0.946841 0.0580411 0.316422
0.960185 0.100054 0.260833
0.948347 0.167284 0.269543
0.931608 0.232397 0.27946
0.910413 0.29554 0.289491
0.885098 0.356996 0.298589
0.855896 0.417094 0.305736
0.822855 0.475901 0.310527
0.786013 0.533502 0.312344
0.745439 0.589642 0.310875
0.701199 0.643809 0.306318
0.653319 0.6955 0.299087
0.601776 0.74425 0.289755
0.546391 0.789498 0.279551
0.489198 0.830242 0.267176
0.428538 0.866658 0.255459
0.368662 0.897923 0.240462
0.303299 0.924616 0.230425
0.23329 0.933381 0.272718
0.16036 0.94544 0.2836
0.115437 0.966452 0.229446
0.0474195 0.970277 0.237305
0.0196991 0.95356 0.300558
-0.050077 0.950457 0.306797
-0.119532 0.942743 0.311364
-0.188447 0.930601 0.3138
-0.256483 0.914175 0.313847
-0.32327 0.8936 0.311409
-0.388453 0.869024 0.306434
-0.451694 0.840626 0.298866
-0.512659 0.808597 0.288708
-0.571055 0.772997 0.276354
-0.62681 0.733294 0.263417
-0.679706 0.688472 0.252994
-0.727091 0.642779 0.241194
-0.770608 0.595205 0.227803
-0.796944 0.539016 0.272657
-0.810685 0.546644 0.209689
-0.845043 0.458319 0.275403
-0.871758 0.396578 0.287688
-0.895443 0.334723 0.2935
-0.918283 0.267053 0.2923
-0.927019 0.1715 0.333502
-0.935416 0.10205 0.338502
-0.938427 0.0336147 0.343838
-0.937104 -0.0346852 0.347322
-0.931535 -0.102759 0.34883
-0.947057 -0.140468 0.288708
-0.935093 -0.207883 0.287028
-0.918979 -0.274226 0.283332
-0.898768 -0.339168 0.277815
-0.874454 -0.402417 0.270907
-0.846036 -0.463709 0.263052
-0.81353 -0.522841 0.254572
-0.777003 -0.579597 0.245631
-0.736342 -0.633438 0.237818
-0.691353 -0.684127 0.232382
-0.643583 -0.718865 0.262745
-0.585625 -0.764784 0.268604
-0.527853 -0.7999 0.285536
-0.466979 -0.832229 0.298874
-0.40344 -0.860656 0.310655
-0.337966 -0.884876 0.320582
-0.270979 -0.905045 0.327818
-0.202897 -0.921212 0.331965
-0.13417 -0.933398 0.332815
-0.0652754 -0.941562 0.330454
0.00350613 -0.945515 0.325558
0.0722005 -0.944932 0.319203
0.140672 -0.939645 0.311896
0.20875 -0.929624 0.303683
0.276405 -0.914748 0.294681
0.313367 -0.920651 0.232814
0.391449 -0.885843 0.249098
0.447384 -0.853695 0.266555
0.507015 -0.816215 0.277002
0.561003 -0.775126 0.290613
0.612605 -0.730345 0.302177
0.661443 -0.682011 0.312017
0.707088 -0.630516 0.320119
0.749374 -0.5762 0.326239
0.788196 -0.519343 0.330197
0.823468 -0.460178 0.331868
0.855069 -0.398911 0.33125
0.882805 -0.335691 0.328583
0.912281 -0.310503 0.267078
0.933374 -0.244474 0.262764
0.949847 -0.177259 0.257624
0.961565 -0.108938 0.252042
0.948473 -0.0698111 0.309072
0.98167 -0.00187937 0.190582
0.978198 0.07027 0.195425
0.969076 0.138748 0.20406
0.955279 0.20569 0.212445
0.936829 0.270465 0.221812
0.914037 0.333253 0.231254
0.887149 0.394333 0.239724
0.8563 0.453941 0.246348
0.821488 0.512111 0.250797
0.782705 0.569052 0.252097
0.740012 0.624451 0.249886
0.693524 0.677653 0.244563
0.64337 0.728043 0.236701
0.589772 0.77499 0.227065
0.533926 0.817665 0.215281
0.475118 0.85616 0.203107
0.414856 0.890027 0.189065
0.350535 0.919765 0.176515
0.287906 0.944537 0.157988
0.246092 0.946198 0.210113
0.182244 0.958142 0.220798
0.147088 0.975489 0.163666
0.0781339 0.981988 0.172032
0.00928692 0.983716 0.179492
-0.0212098 0.969507 0.244143
-0.0901146 0.964123 0.249691
-0.159038 0.95421 0.253359
-0.22755 0.939879 0.254652
-0.295121 0.921247 0.253393
-0.361268 0.898452 0.249538
-0.425568 0.871676 0.243048
-0.487614 0.841153 0.233868
-0.54701 0.8071 0.222195
-0.603601 0.769306 0.209368
-0.657426 0.72709 0.197816
-0.70725 0.682243 0.185312
-0.753444 0.634605 0.172042
-0.796243 0.584463 0.156205
-0.837616 0.524707 0.151929
-0.842183 0.492049 0.220488
-0.875619 0.429643 0.220675
-0.901196 0.368164 0.228694
-0.923504 0.305317 0.232212
-0.937496 0.206247 0.28029
-0.950926 0.135184 0.278326
-0.95712 0.0653494 0.282225
-0.958188 -0.00366622 0.286116
-0.954785 -0.0723068 0.28837
-0.967629 -0.108326 0.227948
-0.957722 -0.176653 0.227075
-0.943536 -0.24393 0.224137
-0.925171 -0.309839 0.219223
-0.902651 -0.374128 0.212719
-0.875939 -0.436621 0.205165
-0.844946 -0.497229 0.197054
-0.809506 -0.555974 0.188661
-0.769349 -0.612919 0.18009
-0.724102 -0.667187 0.174752
-0.668095 -0.720567 0.185561
-0.616914 -0.759152 0.207621
-0.558091 -0.800607 0.218091
-0.498819 -0.834747 0.233189
-0.436947 -0.865141 0.246189
-0.372542 -0.891638 0.257281
-0.306207 -0.914078 0.265893
-0.238523 -0.932425 0.271461
-0.17005 -0.946677 0.273652
-0.101398 -0.956849 0.272321
-0.0329697 -0.962837 0.268064
0.0354279 -0.964348 0.262255
0.103854 -0.961198 0.255565
0.172478 -0.953185 0.248372
0.241896 -0.939894 0.24101
0.261985 -0.948563 0.17774
0.323374 -0.931051 0.169036
0.379113 -0.906063 0.187946
0.43999 -0.875946 0.197807
0.495804 -0.842063 0.212387
0.551567 -0.803529 0.223863
0.603842 -0.761194 0.236556
0.653828 -0.715028 0.247477
0.70115 -0.66528 0.256499
0.745361 -0.612341 0.263582
0.786196 -0.556556 0.26859
0.823477 -0.498223 0.271405
0.857051 -0.437608 0.27196
0.886739 -0.374963 0.270363
0.914199 -0.347644 0.20829
0.93739 -0.281994 0.204398
0.956013 -0.214785 0.199767
0.969922 -0.146023 0.194754
0.968194 -0.0393049 0.247095
0.990488 -0.0378544 0.132293
0.990333 0.0357758 0.134014
0.984511 0.107287 0.138661
0.973546 0.175697 0.146078
0.957929 0.242178 0.154017
0.937831 0.306497 0.162889
0.913483 0.368827 0.171802
0.885046 0.429402 0.179742
0.852582 0.488378 0.185984
0.816043 0.545763 0.190307
0.775309 0.601949 0.19119
0.730469 0.656492 0.188237
0.681835 0.708483 0.182078
0.62992 0.757074 0.173317
0.575736 0.801419 0.162036
0.518822 0.841633 0.149926
0.459567 0.877544 0.136799
0.396794 0.909473 0.124149
0.332039 0.936931 0.109133
0.257746 0.961244 0.0978626
0.216089 0.964322 0.152933
0.180433 0.978566 0.0992636
0.109586 0.988222 0.106807
0.0402223 0.992672 0.113953
-0.0285374 0.992276 0.120723
-0.0595255 0.980753 0.185957
-0.128304 0.973152 0.191083
-0.197074 0.961014 0.193944
-0.265341 0.944422 0.194068
-0.332464 0.923488 0.191412
-0.397899 0.898376 0.186002
-0.461148 0.869335 0.17776
-0.521682 0.836701 0.16667
-0.579247 0.80051 0.153807
-0.634184 0.760085 0.14171
-0.685673 0.716389 0.128991
-0.733831 0.669387 0.115813
-0.778661 0.619177 0.101523
-0.821839 0.561828 0.0945
-0.870298 0.466069 0.159255
-0.900404 0.40393 0.161597
-0.924859 0.341475 0.167427
-0.946215 0.278072 0.165387
-0.944136 0.242016 0.223687
-0.959874 0.172621 0.221008
-0.969968 0.101016 0.221266
-0.974058 0.0304771 0.224238
-0.986261 -0.00407772 0.165142
-0.973131 -0.0392337 0.226884
-0.98323 -0.0742564 0.166566
-0.975561 -0.143555 0.166351
-0.963449 -0.211737 0.164115
-0.947053 -0.278491 0.159794
-0.926452 -0.343593 0.153725
-0.901619 -0.406958 0.14652
-0.872438 -0.468588 0.138838
-0.838611 -0.528663 0.131327
-0.799481 -0.587664 0.124425
-0.753646 -0.646561 0.11822
-0.698537 -0.704517 0.125304
-0.640889 -0.755301 0.137046
-0.586514 -0.795201 0.153807
-0.527643 -0.833154 0.165674
-0.467531 -0.865543 0.179582
-0.405043 -0.893864 0.192218
-0.339909 -0.918414 0.202428
-0.272834 -0.938977 0.209482
-0.204713 -0.955362 0.213018
-0.136459 -0.967549 0.212667
-0.0687663 -0.975531 0.208833
-0.00135435 -0.979091 0.203418
0.0656967 -0.978174 0.197128
0.132214 -0.972738 0.190526
0.197859 -0.96281 0.183982
0.230185 -0.966102 0.116881
0.295178 -0.949126 0.109679
0.362518 -0.924905 0.114594
0.421504 -0.897329 0.130905
0.480879 -0.865135 0.142468
0.536649 -0.829197 0.156333
0.590839 -0.789023 0.16838
0.641967 -0.74511 0.180803
0.690775 -0.69731 0.19128
0.736876 -0.645897 0.199574
0.779787 -0.591279 0.205723
0.819191 -0.533814 0.209686
0.854865 -0.473835 0.211392
0.88661 -0.411669 0.210836
0.911841 -0.382696 0.148627
0.937054 -0.317581 0.145163
0.957734 -0.25067 0.141106
0.973748 -0.181959 0.136771
0.984851 -0.111173 0.133079
0.978812 -0.0753944 0.190375
0.997231 -1.154e-005 0.0743637
0.994429 0.0727465 0.0762784
0.9864 0.143318 0.0804648
0.973558 0.211221 0.0870114
0.956186 0.277069 0.0945555
0.934483 0.340783 0.102997
0.90861 0.402504 0.111436
0.878657 0.462404 0.118933
0.844634 0.520564 0.124928
0.806459 0.57696 0.129386
0.763796 0.632254 0.129891
0.716889 0.68571 0.125984
0.666654 0.735904 0.118401
0.614434 0.781617 0.107449
0.55984 0.823088 0.095423
0.503005 0.860307 0.0828153
0.444049 0.89324 0.0703054
0.383933 0.921577 0.0573637
0.322485 0.9455 0.0450931
0.262661 0.964317 0.0332102
0.20076 0.97894 0.0370412
0.134931 0.989983 0.0415494
0.0683204 0.996517 0.0478147
0.00122476 0.998523 0.0543109
-0.0660791 0.995967 0.0606944
-0.0970135 0.987179 0.126748
-0.165354 0.977427 0.131506
-0.233836 0.963068 0.133494
-0.301746 0.944162 0.132313
-0.368283 0.920845 0.12811
-0.432769 0.893365 0.120874
-0.494473 0.862155 0.110385
-0.552933 0.827514 0.0973977
-0.608898 0.788678 0.0850283
-0.661678 0.746305 0.0721943
-0.711338 0.700351 0.0592232
-0.75782 0.650849 0.0458663
-0.802361 0.595656 0.0375645
-0.843228 0.536527 0.0332476
-0.860427 0.501037 0.0928867
-0.8924 0.440485 0.0979588
-0.920461 0.377548 0.101039
-0.943784 0.313897 0.103636
-0.963479 0.247039 0.103345
-0.964099 0.20986 0.162704
-0.976922 0.138879 0.162283
-0.984336 0.0669793 0.163086
-0.994029 0.0327216 0.10409
-0.993701 -0.0387113 0.105165
-0.988444 -0.109079 0.105261
-0.978541 -0.178159 0.103525
-0.964239 -0.24559 0.0996441
-0.945722 -0.31112 0.0938798
-0.923077 -0.374669 0.0869072
-0.896373 -0.436131 0.0793992
-0.86565 -0.495423 0.0721571
-0.831018 -0.552343 0.06577
-0.792895 -0.606362 0.0603531
-0.75245 -0.656421 0.0541362
-0.709216 -0.702282 0.0617506
-0.661034 -0.746761 0.0733687
-0.607743 -0.789578 0.0849421
-0.552951 -0.827305 0.0990529
-0.494562 -0.86198 0.11135
-0.434202 -0.89215 0.124649
-0.371429 -0.918284 0.137097
-0.305568 -0.940873 0.146242
-0.237744 -0.959468 0.151326
-0.169559 -0.97374 0.151924
-0.102201 -0.98367 0.148152
-0.0350682 -0.989126 0.142831
0.0318088 -0.990124 0.136536
0.0983956 -0.986631 0.129912
0.164561 -0.978633 0.123274
0.199202 -0.978368 0.0558092
0.265414 -0.962838 0.0499822
0.333413 -0.941372 0.0515251
0.399124 -0.914989 0.0591271
0.458904 -0.885416 0.0737955
0.517453 -0.851376 0.0860274
0.572813 -0.813629 0.0994618
0.625913 -0.771834 0.111823
0.676035 -0.726328 0.124199
0.723836 -0.676782 0.134267
0.768818 -0.623542 0.141823
0.810427 -0.567087 0.147036
0.848308 -0.507836 0.149919
0.882192 -0.446219 0.150421
0.905184 -0.415737 0.0883437
0.932334 -0.351423 0.0851819
0.954997 -0.285143 0.0816991
0.973073 -0.216882 0.0780439
0.986379 -0.146373 0.0750426
0.994546 -0.0735712 0.0739297
0.999254 -0.0355791 0.0150402
0.999184 0.0372717 0.0155574
0.993913 0.108808 0.0172428
0.983752 0.17829 0.0210704
0.969034 0.245438 0.0270855
0.949947 0.310519 0.0343313
0.926663 0.373494 0.0424042
0.899282 0.434454 0.0504147
0.867843 0.493495 0.0575455
0.83234 0.550626 0.0634173
0.792694 0.605777 0.0683346
0.74816 0.659992 0.0683109
0.699554 0.711836 0.0625589
0.649163 0.75889 0.0517073
0.596433 0.801689 0.0395218
0.541115 0.840515 0.0269881
0.483724 0.875108 0.0140193
0.424266 0.905537 0.00107562
-0.362964 -0.931727 0.0119005
-0.299955 -0.953629 0.0248651
-0.232825 -0.972071 0.0295056
-0.16664 -0.9857 0.0250268
-0.100031 -0.994787 0.0198244
-0.0333232 -0.999354 0.0134751
0.0335346 -0.999414 0.00692279
0.100426 -0.994944 0.000480424
-0.13347 0.98882 0.0664919
-0.200942 0.977016 0.0711542
-0.269001 0.960429 0.0722073
-0.336456 0.939125 0.0695843
-0.402183 0.913352 0.0635429
-0.465083 0.883634 0.0537437
-0.524275 0.850586 0.0404972
-0.581167 0.813302 0.0280145
-0.635 0.772366 0.015051
-0.685928 0.727666 0.00228625
0.733791 -0.679294 0.0105051
0.779515 -0.626078 0.0195769
0.821996 -0.56893 0.0253177
0.86044 -0.508776 0.0281097
-0.87935 0.475044 0.0328285
-0.909977 0.413031 0.0367094
-0.93626 0.349088 0.039421
-0.958135 0.283241 0.0418469
-0.975782 0.21446 0.0430814
-0.97883 0.176852 0.103028
-0.98909 0.10498 0.103345
-0.996525 0.0705888 0.0442069
-0.999007 -0.00201613 0.0445069
-0.996294 -0.0736611 0.0444102
-0.988664 -0.143894 0.0428599
-0.976425 -0.21228 0.0391383
-0.959836 -0.278571 0.0333728
-0.939032 -0.342821 0.0263267
-0.91414 -0.404973 0.0185749
-0.885219 -0.465046 0.0109632
-0.852299 -0.523039 0.00416361
0.81543 0.578853 0.00164129
0.774676 0.632315 0.00736948
0.728682 0.684826 0.00591624
-0.680414 -0.732813 0.00463134
-0.629536 -0.776785 0.0170027
-0.575463 -0.817303 0.0292813
-0.519359 -0.853489 0.0427047
-0.460502 -0.885927 0.0554212
-0.399619 -0.914114 0.0685593
-0.336504 -0.938178 0.0811589
-0.269655 -0.958845 0.0889005
-0.201444 -0.975287 0.0907467
-0.134415 -0.987121 0.0867499
-0.0674385 -0.994393 0.0814555
-0.000579597 -0.997174 0.0751209
0.0662005 -0.995451 0.0685154
0.132812 -0.989203 0.0619576
-0.167289 0.985893 0.00543149
-0.234167 0.97214 0.0104465
-0.30212 0.953213 0.0104468
-0.369121 0.929362 0.00603179
0.433326 -0.901232 0.00288684
0.493018 -0.86986 0.0166346
0.550759 -0.834157 0.0290923
0.605453 -0.794759 0.042243
0.657505 -0.751453 0.0548154
0.706563 -0.704442 0.0673034
0.753359 -0.653095 0.0769227
0.797168 -0.597933 0.083661
0.837337 -0.539587 0.0878285
0.873454 -0.478628 0.0894115
0.894317 -0.446576 0.0277102
0.923278 -0.383349 0.0245144
0.947819 -0.318081 0.0215449
0.967882 -0.250718 0.0185541
0.983376 -0.180846 0.016316
-0.988734 0.143146 0.043757
0.993957 -0.108708 0.0152409
0.452527 0.650885 0.609564