-0.00195460 -0.00011815 +0.99999808
-0.01339660 +0.07971533 +0.99672764
-0.04081892 -0.04187194 +0.99828881
+0.05808898 -0.00795973 +0.99827968
+0.02887590 +0.04478280 +0.99857933
+0.05142276 +0.09647362 +0.99400631
-0.04350511 +0.13134824 +0.99038121
-0.05145175 +0.02319494 +0.99840609
-0.09566997 -0.02721470 +0.99504101
-0.02198864 -0.09911864 +0.99483265
+0.03747647 -0.11045378 +0.99317444
+0.01953222 -0.05540580 +0.99827285
+0.11605089 -0.00721715 +0.99321705
+0.08763509 +0.04590818 +0.99509423
+0.11110131 +0.10141517 +0.98862099
+0.07538960 +0.15002212 +0.98580412
+0.01403787 +0.13877638 +0.99022424
-0.02055343 +0.18714540 +0.98211718
-0.07073823 +0.07724724 +0.99449936
-0.11020488 +0.02721487 +0.99353623
-0.15565423 -0.01304831 +0.98772542
-0.13900710 -0.06916734 +0.98787292
-0.08099330 -0.08601507 +0.99299622
-0.06094632 -0.14428677 +0.98765727
-0.00331621 -0.15628622 +0.98770624
+0.05438211 -0.16630828 +0.98457308
+0.09540902 -0.11628294 +0.98862298
+0.07961766 -0.06184282 +0.99490527
+0.17199595 -0.00039412 +0.98509758
+0.14468317 +0.05098562 +0.98816357
+0.16981008 +0.10672764 +0.97968043
+0.13519659 +0.15592836 +0.97847240
+0.09897842 +0.20378102 +0.97400029
+0.03852213 +0.19509320 +0.98002790
+0.00272296 +0.24218633 +0.97022594
-0.05649082 +0.23416000 +0.97055545
-0.10326991 +0.12949033 +0.98618841
-0.12941747 +0.08100914 +0.98827559
-0.17084201 +0.04357954 +0.98433421
-0.21500174 +0.00388834 +0.97660592
-0.19963252 -0.05208036 +0.97848582
-0.17285669 -0.11414993 +0.97830995
-0.11792911 -0.13025217 +0.98444253
-0.10068683 -0.18900258 +0.97680100
-0.04357595 -0.20196405 +0.97842305
+0.01378948 -0.21321604 +0.97690776
+0.10885593 -0.17960687 +0.97769717
+0.14588841 -0.13488753 +0.98006221
+0.18042240 -0.09196227 +0.97928070
+0.13706745 -0.06078544 +0.98869492
+0.23373424 +0.00907412 +0.97225818
+0.20198183 +0.05653252 +0.97775632
+0.22820508 +0.11138504 +0.96722066
+0.19431138 +0.16096350 +0.96764344
+0.15870657 +0.20956989 +0.96482780
+0.12187584 +0.25702152 +0.95868984
+0.06200797 +0.24981274 +0.96630668
+0.02431481 +0.29594774 +0.95489462
-0.03565111 +0.28773905 +0.95704505
-0.09648421 +0.27675104 +0.95608559
-0.08027498 +0.17979811 +0.98042265
-0.14819902 +0.16207530 +0.97558631
-0.17486993 +0.11191406 +0.97821048
-0.22175399 +0.06424057 +0.97298423
-0.26930463 +0.02807284 +0.96264580
-0.26070538 -0.03077634 +0.96492773
-0.22632863 -0.09947746 +0.96895799
-0.21233223 -0.15892923 +0.96418697
-0.15706491 -0.17436299 +0.97207415
-0.08456674 -0.24631654 +0.96549295
-0.02710802 -0.25864093 +0.96559309
+0.03014097 -0.27032352 +0.96229762
+0.07018225 -0.22526916 +0.97176554
+0.12786333 -0.23613467 +0.96327119
+0.16673112 -0.19090650 +0.96734453
+0.20480285 -0.14501146 +0.96800179
+0.23820796 -0.09384243 +0.96666983
+0.20597155 -0.04269987 +0.97762592
+0.29249634 +0.01171071 +0.95619493
+0.26109207 +0.06223461 +0.96330566
+0.28656603 +0.11555030 +0.95106679
+0.25278903 +0.16510706 +0.95332962
+0.21774535 +0.21423643 +0.95220256
+0.18128887 +0.26236402 +0.94778661
+0.14358560 +0.30936251 +0.94004150
+0.08396390 +0.30311079 +0.94924913
+0.04560348 +0.34853937 +0.93618408
-0.01429572 +0.34039475 +0.94017394
-0.07522539 +0.32960808 +0.94111617
-0.13757016 +0.31720305 +0.93832653
-0.11580849 +0.22121497 +0.96832450
-0.17090171 +0.21027826 +0.96258800
-0.21427787 +0.17488822 +0.96098861
-0.22702692 +0.12121280 +0.96631581
-0.27537316 +0.08752289 +0.95734496
-0.32278115 +0.05542094 +0.94484964
-0.31701855 -0.00313762 +0.94841415
-0.27684628 -0.08276577 +0.95734318
-0.26735393 -0.14231722 +0.95303079
-0.19824297 -0.21701686 +0.95582604
-0.14167528 -0.23234628 +0.96225949
-0.12607964 -0.28895593 +0.94900390
-0.06849374 -0.30237973 +0.95072346
-0.01077423 -0.31446383 +0.94920831
+0.04738017 -0.32528012 +0.94442997
+0.08807913 -0.28107285 +0.95563598
+0.14685028 -0.29001489 +0.94568830
+0.18674218 -0.24462621 +0.95146486
+0.22570527 -0.19791381 +0.95388011
+0.26210330 -0.14720356 +0.95374681
+0.29432614 -0.09412030 +0.95105914
+0.26537185 -0.04110929 +0.96326933
+0.34908077 +0.01276787 +0.93700566
+0.31881455 +0.06483509 +0.94559700
+0.34365184 +0.11791332 +0.93166510
+0.31059553 +0.16849286 +0.93548948
+0.27597749 +0.21796073 +0.93612475
+0.24001133 +0.26661930 +0.93343919
+0.20267981 +0.31420702 +0.92746690
+0.16424914 +0.36066542 +0.91811910
+0.10506003 +0.35516277 +0.92888202
+0.06659130 +0.40035541 +0.91393717
+0.00810977 +0.39314109 +0.91944239
-0.04999349 +0.38395259 +0.92199841
-0.10695021 +0.37331628 +0.92151864
-0.16218642 +0.36186299 +0.91801456
-0.15634440 +0.26526429 +0.95141541
-0.20237618 +0.29508488 +0.93379269
-0.21610130 +0.23905238 +0.94665421
-0.26488545 +0.20586412 +0.94204865
-0.27360940 +0.14935279 +0.95017453
-0.32354549 +0.11655143 +0.93900696
-0.37046544 +0.02451895 +0.92852258
-0.32434174 -0.05815706 +0.94415051
-0.32069884 -0.11974166 +0.93958192
-0.31011368 -0.17916867 +0.93366380
-0.25437740 -0.19998266 +0.94620245
-0.24020817 -0.25689192 +0.93611248
-0.18330702 -0.27388666 +0.94413168
-0.16778579 -0.32966361 +0.92906934
-0.11014971 -0.34429901 +0.93237612
-0.05223452 -0.35722691 +0.93255589
+0.00605256 -0.36853310 +0.92959492
+0.06479738 -0.37819971 +0.92345345
+0.10615584 -0.33456465 +0.93637462
+0.16529688 -0.34210695 +0.92500799
+0.20590695 -0.29691304 +0.93244033
+0.24547723 -0.25011991 +0.93657939
+0.28303602 -0.20018118 +0.93798620
+0.31788293 -0.14781944 +0.93653609
+0.34926458 -0.09423570 +0.93227350
+0.32218498 -0.04062643 +0.94580459
+0.40391768 +0.01332417 +0.91469830
+0.37483821 +0.06612301 +0.92472919
+0.39916055 +0.11923042 +0.90909569
+0.36710611 +0.17061032 +0.91439883
+0.33324884 +0.22084148 +0.91661019
+0.29782763 +0.26994991 +0.91565591
+0.26099834 +0.31804410 +0.91144271
+0.22287261 +0.36500358 +0.90393594
+0.18368238 +0.41086915 +0.89299906
+0.12518179 +0.40613672 +0.90519748
+0.08500790 +0.45085358 +0.88854078
+0.02679655 +0.44462370 +0.89531654
-0.03119315 +0.43663209 +0.89909922
-0.08871192 +0.42702191 +0.89987915
-0.14577901 +0.41595053 +0.89762667
-0.20267288 +0.40077896 +0.89347631
-0.21350094 +0.34498188 +0.91400484
-0.26247468 +0.31884563 +0.91073844
-0.26243448 +0.26531062 +0.92775989
-0.31412518 +0.23432827 +0.92000850
-0.32049161 +0.17698721 +0.93057007
-0.37083313 +0.14465969 +0.91736381
-0.37202702 +0.08430060 +0.92438591
-0.42097085 -0.00641448 +0.90705149
-0.37256590 -0.03263192 +0.92743184
-0.37054384 -0.09331238 +0.92411583
-0.36351536 -0.15458272 +0.91867337
-0.35210165 -0.21391015 +0.91118982
-0.29673080 -0.23687943 +0.92511565
-0.28205995 -0.29358381 +0.91337327
-0.22510058 -0.31295912 +0.92270598
-0.20939114 -0.36807269 +0.90591271
-0.15182986 -0.38425381 +0.91065729
-0.09392454 -0.39831073 +0.91242904
-0.03564634 -0.41046263 +0.91118042
+0.02301678 -0.42076811 +0.90687619
+0.08201583 -0.42927453 +0.89944248
+0.12391975 -0.38619699 +0.91405458
+0.18314334 -0.39259529 +0.90129210
+0.22432053 -0.34786479 +0.91031335
+0.26440508 -0.30143059 +0.91609473
+0.30272199 -0.25235438 +0.91906293
+0.33881342 -0.20099426 +0.91913371
+0.37236802 -0.14806662 +0.91619776
+0.40297366 -0.09424395 +0.91034626
+0.37728675 -0.04039487 +0.92521509
+0.45710039 +0.01369627 +0.88930964
+0.42920633 +0.06684733 +0.90072935
+0.45302408 +0.11998332 +0.88338733
+0.42206616 +0.17184788 +0.89012834
+0.38917385 +0.22270189 +0.89383868
+0.35452878 +0.27242244 +0.89448049
+0.31831197 +0.32098424 +0.89199025
+0.28067419 +0.36840743 +0.88628323
+0.24172176 +0.41464606 +0.87729085
+0.20140290 +0.45971857 +0.86492526
+0.14327354 +0.45574199 +0.87850551
+0.10164980 +0.49965483 +0.86023972
+0.04349029 +0.49432481 +0.86818868
-0.01459882 +0.48727069 +0.87312894
-0.07248588 +0.47841946 +0.87513463
-0.13018841 +0.46768828 +0.87425320
-0.18793062 +0.45334297 +0.87129916
-0.24520847 +0.43314622 +0.86732759
-0.25728156 +0.37742409 +0.88958263
-0.30821063 +0.34959506 +0.88475392
-0.31360727 +0.29141450 +0.90373009
-0.36322619 +0.26183150 +0.89415379
-0.36716669 +0.20424241 +0.90745449
-0.41700398 +0.17215547 +0.89245178
-0.41948232 +0.11225420 +0.90079608
-0.41993457 +0.05240709 +0.90603998
-0.41924036 -0.06664534 +0.90542582
-0.41391323 -0.12777702 +0.90130398
-0.45553678 -0.16143747 +0.87545656
-0.40512485 -0.18843072 +0.89463273
-0.39299233 -0.24739736 +0.88563626
-0.33824526 -0.27159609 +0.90101371
-0.32306444 -0.32813485 +0.88766936
-0.26654282 -0.34935672 +0.89827880
-0.25051729 -0.40409814 +0.87974188
-0.19327711 -0.42202731 +0.88574088
-0.13557048 -0.43749614 +0.88894194
-0.07745658 -0.45075755 +0.88927954
-0.01896843 -0.46196726 +0.88669411
+0.03983291 -0.47120269 +0.88112506
+0.09885258 -0.47856583 +0.87246943
+0.14121452 -0.43609898 +0.88874976
+0.20036373 -0.44148854 +0.87460977
+0.24202909 -0.39743516 +0.88513683
+0.28257911 -0.35165340 +0.89246228
+0.32149880 -0.30353986 +0.89694040
+0.35842468 -0.25327152 +0.89854621
+0.39315429 -0.20131350 +0.89716363
+0.42550849 -0.14809611 +0.89275420
+0.45531787 -0.09412869 +0.88533916
+0.43082784 -0.04020426 +0.90153812
+0.50860093 +0.01400291 +0.86088850
+0.48190295 +0.06729711 +0.87363645
+0.50517804 +0.12039622 +0.85457586
+0.47536353 +0.17251833 +0.86270907
+0.44353424 +0.22377133 +0.86787313
+0.40983012 +0.27399301 +0.87003856
+0.37440478 +0.32306657 +0.86916572
+0.33741012 +0.37093364 +0.86519515
+0.29895624 +0.41756914 +0.85805663
+0.25903483 +0.46291338 +0.84770995
+0.21767939 +0.50694576 +0.83403937
+0.15976758 +0.50368192 +0.84898695
+0.11713996 +0.54662039 +0.82914678
+0.05906446 +0.54216596 +0.83819297
+0.00096875 +0.53597647 +0.84423237
-0.05705424 +0.52786774 +0.84740809
-0.11498978 +0.51764708 +0.84783185
-0.17294342 +0.50410811 +0.84614750
-0.23063509 +0.48587655 +0.84304889
-0.28691647 +0.46343745 +0.83839410
-0.29955007 +0.40796723 +0.86245724
-0.35080109 +0.37961341 +0.85605622
-0.35868191 +0.32087065 +0.87657819
-0.40783946 +0.29048002 +0.86561442
-0.41326012 +0.23140170 +0.88072092
-0.46172461 +0.19936196 +0.86432933
-0.46520479 +0.13969717 +0.87411052
-0.46703010 +0.07992704 +0.88062169
-0.46808687 +0.02045829 +0.88344560
-0.46691570 -0.03981650 +0.88340499
-0.46268638 -0.10066671 +0.88078802
-0.50408888 -0.13407681 +0.85318099
-0.49565932 -0.19422421 +0.84652158
-0.44552131 -0.22136644 +0.86747199
-0.43270141 -0.27976357 +0.85703082
-0.37863252 -0.30481079 +0.87391521
-0.36293355 -0.36103091 +0.85903197
-0.30712261 -0.38367122 +0.87090304
-0.29077727 -0.43809079 +0.85060275
-0.23417198 -0.45758619 +0.85777524
-0.17690617 -0.47459913 +0.86224119
-0.11912933 -0.48918280 +0.86400717
-0.06094007 -0.50150621 +0.86300511
-0.00242383 -0.51169303 +0.85916493
+0.05632309 -0.51983163 +0.85240999
+0.11519616 -0.52605639 +0.84261172
+0.15795613 -0.48427137 +0.86054116
+0.21692461 -0.48873202 +0.84503534
+0.25903177 -0.44553777 +0.85697062
+0.30001427 -0.40062092 +0.86573340
+0.33945603 -0.35356693 +0.87164215
+0.37704682 -0.30445963 +0.87472283
+0.41260415 -0.25361098 +0.87489387
+0.44600589 -0.20132633 +0.87209315
+0.47717755 -0.14793198 +0.86626654
+0.50614686 -0.09387548 +0.85732301
+0.48278526 -0.03997563 +0.87482589
+0.55834252 +0.01428708 +0.82948750
+0.53286401 +0.06758857 +0.84349732
+0.55553945 +0.12055954 +0.82270366
+0.52690622 +0.17278220 +0.83217555
+0.49619906 +0.22425335 +0.83874723
+0.46353494 +0.27480718 +0.84238730
+0.42904256 +0.32429481 +0.84306308
+0.39285608 +0.37259796 +0.84073472
+0.35509124 +0.41963263 +0.83535541
+0.31579641 +0.46532169 +0.82689077
+0.27500756 +0.50957064 +0.81529664
+0.23283852 +0.55236415 +0.80042493
+0.17511232 +0.54978546 +0.81674453
+0.13178948 +0.59165486 +0.79534651
+0.07387334 +0.58809147 +0.80541365
+0.01588012 +0.58276115 +0.81248832
-0.04211588 +0.57542565 +0.81676898
-0.10007415 +0.56585426 +0.81840951
-0.15801176 +0.55318367 +0.81793650
-0.21570105 +0.53650448 +0.81586518
-0.27245525 +0.51606954 +0.81205934
-0.32755540 +0.49222627 +0.80648668
-0.34053458 +0.43726807 +0.83236580
-0.39154950 +0.40839322 +0.82456290
-0.40086497 +0.34992565 +0.84667545
-0.44953274 +0.31872107 +0.83446821
-0.45652582 +0.25911440 +0.85114270
-0.50401794 +0.22658745 +0.83344108
-0.50904953 +0.16687015 +0.84440685
-0.51207816 +0.10722396 +0.85222003
-0.51366030 +0.04754890 +0.85667508
-0.51313938 -0.01268546 +0.85821154
-0.50996679 -0.07339316 +0.85705736
-0.55085194 -0.10655332 +0.82777323
-0.54377123 -0.16673580 +0.82250351
-0.53432325 -0.22609310 +0.81448178
-0.48466033 -0.25333423 +0.83721332
-0.47115195 -0.31099250 +0.82540869
-0.41778566 -0.33668263 +0.84386015
-0.40152284 -0.39241316 +0.82752119
-0.34657491 -0.41624593 +0.84060999
-0.32993562 -0.47028515 +0.81851962
-0.27420354 -0.49113512 +0.82680029
-0.21764430 -0.50958086 +0.83244117
-0.16041634 -0.52556996 +0.83548956
-0.10267866 -0.53915729 +0.83592255
-0.04455971 -0.55046256 +0.83366984
+0.01382602 -0.55958448 +0.82865798
+0.07236794 -0.56660925 +0.82080256
+0.13096564 -0.57168701 +0.80995183
+0.17407990 -0.53065711 +0.82951746
+0.23278872 -0.53424108 +0.81264745
+0.27530395 -0.49207062 +0.82587786
+0.31668748 -0.44818554 +0.83596577
+0.35659497 -0.40228172 +0.84321376
+0.39475654 -0.35439699 +0.84768511
+0.43099386 -0.30474810 +0.84933673
+0.46518391 -0.25356705 +0.84812009
+0.49725204 -0.20108426 +0.84398195
+0.52722416 -0.14757991 +0.83681232
+0.55530926 -0.09348073 +0.82637339
+0.53307572 -0.03967773 +0.84513665
+0.60622767 +0.01454883 +0.79515806
+0.58200121 +0.06775688 +0.81036017
+0.60401437 +0.12048324 +0.78781370
+0.57659856 +0.17269397 +0.79856803
+0.54705889 +0.22425175 +0.80649719
+0.51550112 +0.27499431 +0.81156437
+0.48203921 +0.32476428 +0.81373605
+0.44679246 +0.37341751 +0.81297962
+0.40987506 +0.42082826 +0.80926264
+0.37137144 +0.46688059 +0.80256200
+0.33134827 +0.51145300 +0.79285822
+0.28988381 +0.55443475 +0.78010864
+0.24710218 +0.59582632 +0.76415412
+0.18957091 +0.59392029 +0.78187055
+0.14575670 +0.63466019 +0.75892123
+0.08807891 +0.63202448 +0.76992672
+0.03028440 +0.62757363 +0.77796799
-0.02756565 +0.62105065 +0.78328553
-0.08541277 +0.61222715 +0.78605507
-0.14321563 +0.60047620 +0.78671317
-0.20076572 +0.58516311 +0.78566994
-0.25758435 +0.56639524 +0.78284528
-0.31318433 +0.54444497 +0.77813575
-0.36707755 +0.51950570 +0.77160087
-0.38029473 +0.46525080 +0.79932322
-0.43072762 +0.43584818 +0.79025950
-0.44104399 +0.37795324 +0.81402184
-0.48904375 +0.34601260 +0.80069438
-0.49729930 +0.28646889 +0.81891940
-0.54397472 +0.25330736 +0.79995430
-0.55062893 +0.19382757 +0.81193513
-0.55508859 +0.13434869 +0.82086971
-0.55748867 +0.07471724 +0.82681541
-0.55773842 +0.01460080 +0.82988835
-0.55555427 -0.04593661 +0.83021038
-0.59568049 -0.07893088 +0.79933389
-0.58985790 -0.13914519 +0.79542836
-0.58181006 -0.19861482 +0.78870096
-0.57146416 -0.25706323 +0.77932484
-0.52245870 -0.28428574 +0.80387718
-0.50824696 -0.34105547 +0.79080099
-0.45561505 -0.36722383 +0.81090171
-0.43871330 -0.42229568 +0.79321939
-0.38474677 -0.44720127 +0.80745337
-0.36785403 -0.50076792 +0.78352722
-0.31317251 -0.52281678 +0.79283390
-0.25753134 -0.54253941 +0.79958027
-0.20107166 -0.55985914 +0.80382083
-0.14396544 -0.57475964 +0.80555900
-0.08637971 -0.58728915 +0.80475462
-0.02845922 -0.59753310 +0.80133904
+0.02966710 -0.60556630 +0.79524168
+0.08788412 -0.61146262 +0.78637767
+0.14610180 -0.61537425 +0.77457653
+0.18953140 -0.57516648 +0.79577721
+0.24792270 -0.57791337 +0.77752844
+0.29081337 -0.53692397 +0.79192186
+0.33255965 -0.49421224 +0.80321749
+0.37287978 -0.44954509 +0.81170800
+0.41154070 -0.40294206 +0.81747902
+0.44836948 -0.35456178 +0.82051858
+0.48323548 -0.30459031 +0.82079730
+0.51604134 -0.25321008 +0.81828234
+0.54675107 -0.20061244 +0.81290708
+0.57548715 -0.14704929 +0.80448185
+0.60265622 -0.09295280 +0.79256877
+0.58159163 -0.03930598 +0.81253075
+0.65215259 +0.01474808 +0.75794425
+0.62921682 +0.06778072 +0.77426866
+0.65050792 +0.12010270 +0.74994319
+0.62434277 +0.17222383 +0.76192851
+0.59600719 +0.22377938 +0.77116679
+0.56560370 +0.27460965 +0.77761301
+0.53323985 +0.32455398 +0.78122979
+0.49902667 +0.37345737 +0.78198592
+0.46307605 +0.42117434 +0.77985431
+0.42549109 +0.46756500 +0.77481631
+0.38636669 +0.51248593 +0.76686306
+0.34579166 +0.55579050 +0.75599276
+0.30384497 +0.59735788 +0.74218717
+0.26061234 +0.63719602 +0.72530162
+0.20329106 +0.63595468 +0.74446919
+0.15914112 +0.67553124 +0.71995253
+0.10178332 +0.67387175 +0.73180395
+0.04427503 +0.67033089 +0.74074032
-0.01333533 +0.66465823 +0.74702852
-0.07097799 +0.65665017 +0.75084797
-0.12857515 +0.64584916 +0.75256049
-0.18592976 +0.63179450 +0.75250637
-0.24267390 +0.61450626 +0.75066067
-0.29843000 +0.59418543 +0.74691580
-0.35283693 +0.57100705 +0.74125370
-0.40552382 +0.54512457 +0.73375039
-0.41881673 +0.49181724 +0.76335336
-0.46842345 +0.46190196 +0.75314411
-0.47947119 +0.40477053 +0.77863226
-0.52661537 +0.37217135 +0.76430671
-0.53592356 +0.31297942 +0.78411085
-0.58174006 +0.27914769 +0.76397322
-0.59000122 +0.22020595 +0.77679334
-0.59594885 +0.16120785 +0.78667465
-0.59941449 +0.10184942 +0.79393260
-0.60053445 +0.04196389 +0.79849697
-0.59931487 -0.01837361 +0.80030251
-0.63842384 -0.05126093 +0.76797612
-0.63377592 -0.11155584 +0.76543019
-0.62705097 -0.17116091 +0.75994146
-0.61811200 -0.22982268 +0.75174403
-0.60689899 -0.28732577 +0.74102464
-0.55878749 -0.31424684 +0.76746692
-0.54386083 -0.36998377 +0.75321139
-0.49202174 -0.39641590 +0.77509292
-0.47438565 -0.45064804 +0.75622391
-0.42152592 -0.47655603 +0.77149871
-0.40447111 -0.52952963 +0.74565507
-0.35098952 -0.55265919 +0.75589297
-0.29642491 -0.57352690 +0.76367478
-0.24090697 -0.59206209 +0.76904246
-0.18460417 -0.60822386 +0.77200067
-0.12769623 -0.62200816 +0.77252801
-0.07035476 -0.63345224 +0.77057671
-0.01273319 -0.64261460 +0.76608377
+0.04503211 -0.64954625 +0.75898734
+0.10282608 -0.65430114 +0.74921080
+0.16057278 -0.65702012 +0.73657379
+0.20426871 -0.61768630 +0.75943264
+0.26230443 -0.61963522 +0.73976251
+0.30552925 -0.57998486 +0.75516186
+0.34758604 -0.53857581 +0.76754156
+0.38825788 -0.49523081 +0.77717583
+0.42734876 -0.44996977 +0.78415576
+0.46469473 -0.40291812 +0.78848956
+0.50016092 -0.35423221 +0.79016365
+0.53363436 -0.30406897 +0.78916186
+0.56503215 -0.25258213 +0.78545587
+0.59434913 -0.19993622 +0.77895739
+0.62179898 -0.14635799 +0.76937985
+0.64804433 -0.09231248 +0.75598740
+0.62821663 -0.03887800 +0.77706651
+0.69601990 +0.01477961 +0.71787037
+0.67441547 +0.06756999 +0.73525375
+0.69493477 +0.11924081 +0.70911726
+0.67004522 +0.17124377 +0.72229840
+0.64293837 +0.22275868 +0.73280885
+0.61371988 +0.27362693 +0.74059180
+0.58249739 +0.32368427 +0.74560397
+0.54937921 +0.37276863 +0.74781417
+0.51447635 +0.42072459 +0.74719803
+0.47790174 +0.46740163 +0.74373762
+0.43977015 +0.51264708 +0.73742470
+0.40019262 +0.55630084 +0.72826866
+0.35925796 +0.59820050 +0.71630292
+0.31701059 +0.63821330 +0.70156116
+0.27346323 +0.67634244 +0.68394354
+0.21636485 +0.67574706 +0.70466457
+0.17203134 +0.71416215 +0.67851135
+0.11509576 +0.71353284 +0.69110336
+0.05796944 +0.71093561 +0.70086382
+0.00068633 +0.70614724 +0.70806469
-0.05667792 +0.69900089 +0.71287121
-0.11402385 +0.68916386 +0.71557790
-0.17116410 +0.67629184 +0.71647205
-0.22779733 +0.66035145 +0.71557273
-0.28360972 +0.64147865 +0.71279076
-0.33830606 +0.61982228 +0.70807440
-0.39159121 +0.59551269 +0.70144206
-0.44316682 +0.56870093 +0.69295197
-0.45618111 +0.51677596 +0.72445939
-0.50478863 +0.48637743 +0.71317981
-0.51623422 +0.43028333 +0.74051232
-0.56232523 +0.39712535 +0.72531496
-0.57251007 +0.33846706 +0.74677458
-0.61728916 +0.30397798 +0.72563867
-0.62722933 +0.24572344 +0.73905572
-0.63472641 +0.18752017 +0.74963896
-0.63933841 +0.12880319 +0.75806077
-0.64138845 +0.06934815 +0.76407571
-0.64110889 +0.00929329 +0.76739366
-0.67890991 -0.02348126 +0.73384601
-0.67536498 -0.08395843 +0.73268897
-0.66989926 -0.14377811 +0.72839745
-0.66226812 -0.20275537 +0.72131214
-0.65236990 -0.26072722 +0.71164234
-0.64019810 -0.31749809 +0.69952938
-0.59342832 -0.34345314 +0.72793047
-0.57780036 -0.39801737 +0.71255099
-0.52689531 -0.42427075 +0.73646158
-0.50843167 -0.47742488 +0.71663290
-0.45684461 -0.50427524 +0.73280248
-0.43990183 -0.55643256 +0.70488949
-0.38774065 -0.58054885 +0.71597501
-0.33435222 -0.60246701 +0.72473588
-0.27987516 -0.62212642 +0.73118302
-0.22448195 -0.63947799 +0.73530657
-0.16835753 -0.65449094 +0.73708707
-0.11168723 -0.66716260 +0.73649170
-0.05464639 -0.67751853 +0.73347285
+0.00260575 -0.68559540 +0.72797813
+0.05992847 -0.69142129 +0.71996193
+0.11720935 -0.69502443 +0.70936803
+0.17439000 -0.69652059 +0.69602241
+0.21826865 -0.65808339 +0.72061436
+0.27592796 -0.65928908 +0.69942954
+0.31942423 -0.62114486 +0.71564462
+0.36171567 -0.58116569 +0.72897751
+0.40266159 -0.53923103 +0.73965772
+0.44210500 -0.49537559 +0.74776078
+0.47989322 -0.44970942 +0.75330202
+0.51588959 -0.40237042 +0.75627771
+0.54997231 -0.35350094 +0.75668193
+0.58203485 -0.30323956 +0.75450726
+0.61200149 -0.25172103 +0.74972708
+0.63988731 -0.19908601 +0.74223244
+0.66598716 -0.14553106 +0.73162956
+0.69134215 -0.09159547 +0.71669819
+0.67283599 -0.03843958 +0.73879234
+0.73775870 +0.01437612 +0.67491143
+0.71751803 +0.06689931 +0.69331981
+0.73721804 +0.11751608 +0.66535669
+0.71361224 +0.16948986 +0.67972844
+0.68774147 +0.22101255 +0.69149484
+0.65971850 +0.27194041 +0.70058541
+0.62965569 +0.32211278 +0.70694913
+0.59766248 +0.37136427 +0.71055481
+0.56385062 +0.41953343 +0.71138188
+0.52833904 +0.46646434 +0.70941447
+0.49125675 +0.51200196 +0.70464231
+0.45273761 +0.55598506 +0.69707192
+0.41289866 +0.59824183 +0.68674698
+0.37180340 +0.63859715 +0.67376250
+0.32943306 +0.67690647 +0.65823362
+0.28570201 +0.71315607 +0.64014278
+0.22885517 +0.71314743 +0.66260550
+0.18453715 +0.75045858 +0.63463215
+0.12818705 +0.75091047 +0.64784376
+0.07157967 +0.74928886 +0.65836355
+0.01473301 +0.74541540 +0.66643741
-0.04227412 +0.73916585 +0.67219547
-0.09932787 +0.73030110 +0.67586558
-0.15624718 +0.71855824 +0.67768789
-0.21277186 +0.70386930 +0.67771391
-0.26862956 +0.68631136 +0.67588081
-0.32356705 +0.66599568 +0.67212656
-0.37734368 +0.64302326 +0.66643292
-0.42972266 +0.61749063 +0.65881997
-0.48048497 +0.58952414 +0.64930384
-0.49279428 +0.53963333 +0.68260506
-0.54040373 +0.50867330 +0.67023524
-0.55149791 +0.45431934 +0.69960274
-0.59632452 +0.42074335 +0.68364618
-0.60707101 +0.36290951 +0.70693810
-0.65051512 +0.32785388 +0.68508533
-0.66216992 +0.27040076 +0.69886653
-0.67144134 +0.21309099 +0.70975965
-0.67731031 +0.15540202 +0.71909732
-0.68023633 +0.09675142 +0.72657945
-0.68083333 +0.03718137 +0.73149403
-0.71694275 +0.00458884 +0.69711694
-0.71446972 -0.05619614 +0.69740592
-0.71024769 -0.11625111 +0.69428661
-0.70385989 -0.17555347 +0.68830388
-0.69513668 -0.23407390 +0.67970170
-0.68399008 -0.29178520 +0.66859477
-0.67033494 -0.34873524 +0.65500748
-0.62584415 -0.37281355 +0.68507603
-0.60952959 -0.42628543 +0.66839690
-0.56011233 -0.45093976 +0.69492986
-0.54087499 -0.50252644 +0.67447863
-0.49080302 -0.53022138 +0.69135930
-0.47499752 -0.58078360 +0.66111101
-0.42401711 -0.60599105 +0.67304110
-0.37168949 -0.62901175 +0.68278191
-0.31817035 -0.64981230 +0.69029819
-0.26363841 -0.66834936 +0.69556015
-0.20828011 -0.68458467 +0.69854364
-0.15228432 -0.69849608 +0.69922293
-0.09583727 -0.71008367 +0.69756462
-0.03911668 -0.71936598 +0.69352900
+0.01771337 -0.72636443 +0.68708148
+0.07450872 -0.73108684 +0.67820386
+0.13116166 -0.73353209 +0.66687877
+0.18763515 -0.73377771 +0.65296503
+0.23153302 -0.69620754 +0.67947592
+0.28879607 -0.69677164 +0.65658672
+0.33245850 -0.66032185 +0.67338429
+0.37486937 -0.62190904 +0.68753335
+0.41598460 -0.58148043 +0.69916903
+0.45568912 -0.53909791 +0.70832257
+0.49384085 -0.49487034 +0.71499969
+0.53029978 -0.44892691 +0.71919870
+0.56493606 -0.40140280 +0.72091819
+0.59762997 -0.35243174 +0.72015990
+0.62827481 -0.30214224 +0.71692457
+0.65679476 -0.25065560 +0.71119084
+0.68321092 -0.19808839 +0.70283983
+0.70787780 -0.14459343 +0.69137671
+0.73244784 -0.09086598 +0.67473219
+0.71535086 -0.03809281 +0.69772637
+0.77735416 +0.01275343 +0.62893390
+0.75846883 +0.06521766 +0.64843789
+0.77718277 +0.11436385 +0.61879548
+0.75487554 +0.16664265 +0.63434466
+0.73025068 +0.21834146 +0.64734917
+0.70342814 +0.26942262 +0.65772357
+0.67452757 +0.31977043 +0.66540171
+0.64366206 +0.36923277 +0.67034791
+0.61094552 +0.41764771 +0.67254439
+0.57650198 +0.46485489 +0.67197872
+0.54047249 +0.51069607 +0.66863968
+0.50301383 +0.55500974 +0.66252643
+0.46427923 +0.59762362 +0.65367485
+0.42437514 +0.63835268 +0.64219280
+0.38331388 +0.67701216 +0.62827144
+0.34100449 +0.71344913 +0.61213256
+0.29726302 +0.74761480 +0.59389124
+0.24080026 +0.74800781 +0.61846548
+0.19686759 +0.78435586 +0.58824233
+0.14141676 +0.78591813 +0.60194186
+0.08555632 +0.78529550 +0.61318113
+0.02930058 +0.78236546 +0.62213002
-0.02725849 +0.77704610 +0.62885319
-0.08398448 +0.76916823 +0.63350362
-0.14068770 +0.75852772 +0.63627248
-0.19712208 +0.74503491 +0.63723298
-0.25303077 +0.72871855 +0.63635265
-0.30817415 +0.70965553 +0.63357535
-0.36232805 +0.68792700 +0.62886790
-0.41527323 +0.66361128 +0.62222842
-0.46679032 +0.63680233 +0.61366896
-0.51666995 +0.60764019 +0.60317955
-0.52948569 +0.55931052 +0.63782180
-0.57672388 +0.52704700 +0.62418830
-0.58599410 +0.47616016 +0.65565419
-0.62943880 +0.44225867 +0.63891632
-0.63970745 +0.38630230 +0.66448846
-0.69460692 +0.29466925 +0.65627072
-0.70568938 +0.23833157 +0.66723352
-0.74646198 +0.20910733 +0.63171879
-0.71335244 +0.18163994 +0.67685688
-0.71715916 +0.12429163 +0.68573634
-0.71845713 +0.06565065 +0.69246613
-0.75222170 +0.03307910 +0.65807925
-0.75093164 -0.02818619 +0.65977816
-0.74804136 -0.08837014 +0.65774223
-0.74295211 -0.14773610 +0.65283705
-0.73547845 -0.20632527 +0.64536914
-0.72553214 -0.26409641 +0.63549682
-0.71301877 -0.32100459 +0.62334604
-0.69776818 -0.37706479 +0.60904985
-0.65404056 -0.40519667 +0.63878526
-0.59155275 -0.47719493 +0.64988487
-0.57340971 -0.52445425 +0.62940372
-0.52457742 -0.55340795 +0.64696072
-0.51169832 -0.60054690 +0.61441700
-0.46088547 -0.62783461 +0.62722268
-0.40901036 -0.65245173 +0.63797904
-0.35605568 -0.67466169 +0.64657247
-0.30211765 -0.69453243 +0.65295454
-0.24733776 -0.71207229 +0.65709747
-0.19188089 -0.72727458 +0.65897907
-0.13592544 -0.74013743 +0.65857487
-0.07965644 -0.75067137 +0.65585619
-0.02325891 -0.75889537 +0.65079708
+0.03308953 -0.76482291 +0.64339024
+0.08923115 -0.76844601 +0.63366280
+0.14505437 -0.76973418 +0.62166592
+0.20053465 -0.76872010 +0.60733455
+0.24408715 -0.73189973 +0.63619513
+0.30085054 -0.73205983 +0.61120974
+0.34448765 -0.69753866 +0.62830572
+0.38684099 -0.66085307 +0.64313861
+0.42798767 -0.62203518 +0.65566668
+0.46785421 -0.58118756 +0.66583291
+0.50630114 -0.53843311 +0.67360889
+0.54317583 -0.49390415 +0.67898359
+0.57833320 -0.44773735 +0.68195452
+0.61163916 -0.40006970 +0.68252602
+0.64296942 -0.35103503 +0.68070899
+0.67221191 -0.30076031 +0.67651636
+0.69928327 -0.24935994 +0.66994218
+0.72419302 -0.19692773 +0.66088118
+0.74730989 -0.14354886 +0.64878475
+0.77134380 -0.09028604 +0.62998189
+0.75571132 -0.03811038 +0.65379508
+0.81466777 +0.00748910 +0.57987959
+0.79709167 +0.06141459 +0.60072716
+0.81407615 +0.11082837 +0.57008516
+0.79334063 +0.16322007 +0.58648943
+0.77011831 +0.21498036 +0.60058408
+0.74457961 +0.26615610 +0.61217819
+0.71687700 +0.31667000 +0.62113403
+0.68714169 +0.36637426 +0.62738042
+0.65549669 +0.41509598 +0.63088780
+0.62207291 +0.46266047 +0.63164118
+0.58702202 +0.50889745 +0.62962571
+0.55052138 +0.55363766 +0.62482922
+0.51276114 +0.59670442 +0.61726806
+0.47389918 +0.63790632 +0.60703797
+0.43399785 +0.67704243 +0.59435630
+0.39301530 +0.71391738 +0.57953511
+0.35085186 +0.74835083 +0.56291563
+0.30729136 +0.78020388 +0.54484302
+0.25219240 +0.78022094 +0.57241094
+0.20985623 +0.81585102 +0.53883901
+0.15607582 +0.81842865 +0.55300532
+0.10123887 +0.81881067 +0.56506616
+0.04562234 +0.81686519 +0.57502163
-0.01055003 +0.81252549 +0.58283019
-0.06706315 +0.80566817 +0.58855869
-0.12368584 +0.79613097 +0.59234896
-0.18016023 +0.78381148 +0.59429105
-0.23622845 +0.76869932 +0.59438832
-0.29165442 +0.75083878 +0.59260344
-0.34622455 +0.73028946 +0.58890226
-0.39974006 +0.70710911 +0.58327060
-0.45201348 +0.68135444 +0.57570820
-0.50287860 +0.65308781 +0.56620617
-0.55222253 +0.62236491 +0.55471812
-0.56473420 +0.57632136 +0.59070210
-0.61082620 +0.54306929 +0.57616586
-0.62231371 +0.49274195 +0.60821955
-0.67123264 +0.40823388 +0.61870173
-0.68134391 +0.35097503 +0.64232936
-0.72390851 +0.32050946 +0.61092565
-0.73667724 +0.26518215 +0.62208123
-0.78381344 +0.18432083 +0.59301123
-0.75229099 +0.15254809 +0.64092694
-0.75408257 +0.09552763 +0.64979532
-0.78426223 +0.06131795 +0.61739198
-0.78458413 -0.00034333 +0.62002228
-0.78318127 -0.06047331 +0.61884576
-0.77946455 -0.11975844 +0.61489262
-0.77330574 -0.17828936 +0.60844978
-0.76465974 -0.23599604 +0.59966771
-0.75348121 -0.29276030 +0.58869133
-0.73968309 -0.34845886 +0.57571290
-0.72312326 -0.40296451 +0.56099229
-0.67950105 -0.43242699 +0.59269320
-0.63481058 -0.46198686 +0.61934132
-0.61419334 -0.52056707 +0.59310747
-0.56192006 -0.56947496 +0.59995343
-0.54726004 -0.61545023 +0.56721024
-0.49671751 -0.64598107 +0.57963797
-0.44529013 -0.67265149 +0.59097943
-0.39284064 -0.69651066 +0.60045743
-0.33939751 -0.71786154 +0.60785207
-0.28506695 -0.73680116 +0.61307494
-0.22999412 -0.75335885 +0.61607885
-0.17434821 -0.76754458 +0.61682900
-0.11831615 -0.77936918 +0.61529258
-0.06209923 -0.78885059 +0.61143963
-0.00591102 -0.79600886 +0.60525611
+0.05002452 -0.80085280 +0.59676825
+0.10547728 -0.80336491 +0.58607113
+0.16021442 -0.80350872 +0.57332808
+0.21395731 -0.80134426 +0.55863194
+0.25594942 -0.76502975 +0.59094786
+0.31126574 -0.76565314 +0.56292886
+0.35463431 -0.73333269 +0.58004972
+0.39680673 -0.69850257 +0.59551538
+0.43793703 -0.66133121 +0.60897634
+0.47796950 -0.62199450 +0.62021609
+0.51674769 -0.58065479 +0.62913579
+0.55409028 -0.53746337 +0.63570204
+0.58982601 -0.49256741 +0.63990829
+0.62380070 -0.44611301 +0.64175998
+0.65587408 -0.39824578 +0.64127177
+0.68591574 -0.34910965 +0.63846852
+0.71380527 -0.29884341 +0.63338350
+0.73944460 -0.24757197 +0.62604297
+0.76281031 -0.19538486 +0.61639694
+0.78419561 -0.14227587 +0.60398247
+0.80835745 -0.09048521 +0.58169636
+0.79401334 -0.03949286 +0.60661613
+0.84743994 +0.00296921 +0.53088297
+0.83216037 +0.05758779 +0.55153673
+0.84791215 +0.10687848 +0.51925137
+0.82891884 +0.15924660 +0.53622204
+0.80722882 +0.21093646 +0.55125987
+0.78305565 +0.26209101 +0.56403205
+0.75658817 +0.31270484 +0.57427347
+0.72798108 +0.36264818 +0.58183318
+0.69736779 +0.41173294 +0.58664653
+0.66488252 +0.45976103 +0.58868585
+0.63067902 +0.50654265 +0.58792731
+0.59494031 +0.55189767 +0.58434150
+0.55786949 +0.59565038 +0.57791199
+0.51963855 +0.63762324 +0.56869357
+0.48029038 +0.67763977 +0.55688912
+0.43969887 +0.71554357 +0.54282806
+0.39762237 +0.75120234 +0.52686952
+0.35349142 +0.78451375 +0.50949190
+0.30570453 +0.81542257 +0.49155953
+0.26243462 +0.81009178 +0.52428940
+0.18127898 +0.84686407 +0.49995918
+0.12371528 +0.84902145 +0.51367023
+0.06667645 +0.84844500 +0.52506698
+0.00969913 +0.84529289 +0.53421517
-0.04732956 +0.83957205 +0.54118267
-0.10434506 +0.83119508 +0.54610149
-0.16118059 +0.82007386 +0.54908987
-0.21762768 +0.80617680 +0.55019739
-0.27347638 +0.78952416 +0.54941994
-0.32852785 +0.77016110 +0.54673698
-0.38259119 +0.74813965 +0.54213563
-0.43547668 +0.72351533 +0.53561705
-0.48699210 +0.69635375 +0.52719081
-0.53694301 +0.66673775 +0.51686844
-0.58512636 +0.63476598 +0.50467741
-0.60004427 +0.58915498 +0.54114997
-0.64658317 +0.55315415 +0.52531009
-0.65463834 +0.50811430 +0.55970394
-0.66650642 +0.45570820 +0.58999934
-0.70909807 +0.37531546 +0.59692398
-0.74645635 +0.35545040 +0.56254593
-0.76259795 +0.29827163 +0.57400209
-0.77494862 +0.24137082 +0.58411879
-0.81007807 +0.21985166 +0.54354279
-0.78805335 +0.12779598 +0.60219607
-0.81280842 +0.08695507 +0.57600460
-0.81551616 +0.02644942 +0.57812959
-0.81564768 -0.03295872 +0.57760938
-0.81330052 -0.09187941 +0.57454368
-0.80845060 -0.15027332 +0.56905672
-0.80109779 -0.20796963 +0.56124056
-0.79124570 -0.26475205 +0.55121374
-0.77888715 -0.32037693 +0.53915994
-0.76401900 -0.37455534 +0.52534109
-0.74677374 -0.42688404 +0.50999902
-0.70392609 -0.45606290 +0.54451326
-0.65834131 -0.48722925 +0.57375464
-0.63966775 -0.54172675 +0.54530477
-0.59671789 -0.57685821 +0.55781930
-0.57926396 -0.62725682 +0.52057867
-0.53053663 -0.66062258 +0.53113905
-0.47997289 -0.68959185 +0.54229983
-0.42816044 -0.71526535 +0.55233514
-0.37522745 -0.73820436 +0.56058780
-0.32129088 -0.75861960 +0.56680550
-0.26648948 -0.77658741 +0.57087245
-0.21097911 -0.79213558 +0.57272073
-0.15492693 -0.80527838 +0.57229746
-0.09850439 -0.81603045 +0.56955350
-0.04187519 -0.82440735 +0.56444574
+0.01482776 -0.83041243 +0.55695182
+0.07154799 -0.83400736 +0.54709470
+0.12839606 -0.83506301 +0.53496189
+0.18584138 -0.83331863 +0.52061793
+0.26655902 -0.79587807 +0.54362154
+0.30952615 -0.80232124 +0.51036672
+0.35733322 -0.77070971 +0.52755996
+0.40150447 -0.73675682 +0.54404370
+0.44378194 -0.70057825 +0.55879129
+0.48466252 -0.66229105 +0.57137799
+0.52421707 -0.62201765 +0.58162746
+0.56234814 -0.57987750 +0.58949696
+0.59891238 -0.53599397 +0.59499112
+0.63376400 -0.49049771 +0.59812640
+0.66676478 -0.44352596 +0.59892358
+0.69778318 -0.39522116 +0.59741013
+0.72669093 -0.34572988 +0.59362542
+0.75336131 -0.29520125 +0.58762484
+0.77767341 -0.24378311 +0.57947723
+0.79953491 -0.19160263 +0.56923840
+0.81897258 -0.13856970 +0.55685038
+0.84636831 -0.10801602 +0.52152970
+0.83043873 -0.04826899 +0.55501498
+0.87683671 -0.00094757 +0.48078736
+0.86397047 +0.05356685 +0.50068516
+0.87866814 +0.10260596 +0.46627709
+0.86156020 +0.15460163 +0.48354147
+0.84154689 +0.20603984 +0.49934599
+0.81884715 +0.25701563 +0.51325658
+0.79367583 +0.30759768 +0.52484506
+0.76621893 +0.35770952 +0.53380937
+0.73662831 +0.40715241 +0.54000523
+0.70504485 +0.45568954 +0.54337722
+0.67162643 +0.50309147 +0.54389054
+0.63656731 +0.54914366 +0.54150097
+0.60009878 +0.59363931 +0.53616586
+0.56243903 +0.63637365 +0.52791185
+0.52366240 +0.67715097 +0.51695672
+0.48363043 +0.71580222 +0.50371499
+0.44213567 +0.75217889 +0.48861331
+0.39866067 +0.78611103 +0.47233369
+0.35214496 +0.81732496 +0.45604148
+0.29954371 +0.84419656 +0.44452865
+0.24074929 +0.84134584 +0.48391833
+0.19752310 +0.87155675 +0.44874654
+0.14248622 +0.87552886 +0.46167835
+0.08673687 +0.87652841 +0.47347087
+0.03038979 +0.87478960 +0.48354898
-0.02641165 +0.87039135 +0.49165162
-0.08346589 +0.86331233 +0.49772007
-0.14052342 +0.85349178 +0.50180170
-0.19732229 +0.84088951 +0.50395312
-0.25361926 +0.82550644 +0.50419875
-0.30919979 +0.80737288 +0.50253809
-0.36387235 +0.78653115 +0.49896459
-0.41745906 +0.76302584 +0.49347694
-0.46979185 +0.73689973 +0.48608066
-0.52071972 +0.70818667 +0.47678360
-0.57012899 +0.67688755 +0.46559228
-0.61797600 +0.64292168 +0.45250125
-0.63127583 +0.60055930 +0.49073349
-0.69241024 +0.51281794 +0.50752913
-0.69514912 +0.47074000 +0.54329692
-0.71349080 +0.41826177 +0.56212807
-0.75596100 +0.39457689 +0.52233327
-0.78227030 +0.33467609 +0.52539993
-0.79826983 +0.27703060 +0.53480775
-0.83108007 +0.25857261 +0.49238819
-0.84219880 +0.20234111 +0.49975919
-0.81795167 +0.16329962 +0.55162332
-0.83661237 +0.11482785 +0.53562515
-0.84347712 +0.05489345 +0.53435294
-0.84533503 -0.00426063 +0.53421956
-0.84435607 -0.06311316 +0.53205221
-0.84077741 -0.12164671 +0.52753713
-0.83463937 -0.17968797 +0.52066242
-0.82594844 -0.23704908 +0.51148500
-0.81467176 -0.29357974 +0.50012084
-0.80071769 -0.34920410 +0.48673163
-0.78397229 -0.40394080 +0.47140140
-0.76437322 -0.45796920 +0.45386980
-0.72775340 -0.47688092 +0.49290930
-0.68283531 -0.50750642 +0.52552181
-0.66598530 -0.55901041 +0.49393415
-0.62390985 -0.59345194 +0.50847939
-0.56333101 -0.67140958 +0.48152605
-0.51359964 -0.70279033 +0.49224096
-0.46233031 -0.73058281 +0.50249323
-0.40984321 -0.75529808 +0.51142286
-0.35626908 -0.77729544 +0.51854040
-0.30173562 -0.79673203 +0.52361597
-0.24639134 -0.81367046 +0.52652795
-0.19040569 -0.82813651 +0.52719598
-0.13396866 -0.84014486 +0.52555590
-0.07729001 -0.84970764 +0.52155842
-0.02059384 -0.85682868 +0.51518977
+0.03590107 -0.86148154 +0.50651818
+0.09202288 -0.86357002 +0.49576064
+0.14767975 -0.86288927 +0.48333507
+0.20280423 -0.85910819 +0.46989739
+0.24528014 -0.82808642 +0.50409378
+0.30536738 -0.83173406 +0.46364773
+0.35698271 -0.80421546 +0.47518505
+0.40319292 -0.77238648 +0.49076938
+0.44663004 -0.73784465 +0.50607003
+0.48835789 -0.70092748 +0.51981462
+0.52874658 -0.66183419 +0.53141561
+0.56778729 -0.62072744 +0.54066167
+0.60533859 -0.57775223 +0.54751032
+0.64124074 -0.53304449 +0.55197272
+0.67534729 -0.48673238 +0.55407367
+0.70752831 -0.43893261 +0.55384281
+0.73766658 -0.38974061 +0.55131685
+0.76565312 -0.33920777 +0.54654679
+0.79138489 -0.28728467 +0.53960863
+0.81475758 -0.23365180 +0.53063822
+0.83554141 -0.17695160 +0.52015256
+0.86426262 -0.16444424 +0.47540321
+0.87461902 -0.10981688 +0.47220952
+0.86002959 -0.05409578 +0.50736847
+0.90367948 -0.00232203 +0.42820322
+0.89267184 +0.05008631 +0.44791557
+0.90702942 +0.09449393 +0.41032734
+0.89166111 +0.14720771 +0.42810087
+0.87329443 +0.19903878 +0.44468012
+0.85209682 +0.25018051 +0.45971809
+0.82825596 +0.30082180 +0.47275607
+0.80197002 +0.35108594 +0.48330400
+0.77341101 +0.40087431 +0.49105519
+0.74272641 +0.44994078 +0.49589391
+0.71007275 +0.49801420 +0.49777359
+0.67564578 +0.54484241 +0.49663823
+0.63969388 +0.59018909 +0.49241099
+0.60247430 +0.63382257 +0.48507079
+0.56408177 +0.67552873 +0.47483964
+0.52432631 +0.71514289 +0.46222566
+0.48300212 +0.75252594 +0.44767585
+0.43954908 +0.78751925 +0.43198385
+0.39284483 +0.81993136 +0.41639585
+0.34079965 +0.84908193 +0.40362789
+0.28725638 +0.87493619 +0.38983386
+0.25053107 +0.86548335 +0.43378883
+0.16944283 +0.89795649 +0.40615669
+0.11183263 +0.90109546 +0.41895160
+0.05444284 +0.90102396 +0.43033917
-0.00300024 +0.89808016 +0.43982158
-0.06052707 +0.89237537 +0.44721657
-0.11801523 +0.88391396 +0.45251355
-0.17526302 +0.87266682 +0.45578010
-0.23204942 +0.85862064 +0.45708168
-0.28816599 +0.84178891 +0.45645569
-0.34342419 +0.82220314 +0.45391830
-0.39764959 +0.79990264 +0.44947811
-0.45067505 +0.77492719 +0.44314766
-0.50234196 +0.74730703 +0.43495375
-0.55251422 +0.71703971 +0.42494952
-0.60110390 +0.68404260 +0.41323096
-0.64811472 +0.64807011 +0.39994054
-0.66432561 +0.60604523 +0.43747075
-0.67489978 +0.56444453 +0.47530270
-0.71449366 +0.52878901 +0.45812770
-0.73314825 +0.44769372 +0.51192184
-0.77077295 +0.42788650 +0.47204047
-0.79338007 +0.37336134 +0.48077997
-0.81578000 +0.31546643 +0.48475141
-0.84712674 +0.29544463 +0.44168852
-0.86166500 +0.23828103 +0.44805756
-0.87430570 +0.18224607 +0.44986210
-0.85577439 +0.14889488 +0.49545989
-0.86670568 +0.08856692 +0.49089425
-0.87154060 +0.02787337 +0.48953045
-0.87228359 -0.03189784 +0.48795887
-0.87011295 -0.09107414 +0.48436448
-0.86527082 -0.14963628 +0.47845103
-0.85782934 -0.20742874 +0.47021500
-0.84780248 -0.26427040 +0.45977398
-0.83515224 -0.32000098 +0.44734786
-0.81982957 -0.37446797 +0.43318958
-0.80187937 -0.42747184 +0.41744138
-0.74140253 -0.51212656 +0.43364580
-0.69978901 -0.56461328 +0.43761534
-0.70657860 -0.52443893 +0.47508997
-0.65584971 -0.60228278 +0.45510066
-0.61062845 -0.63789967 +0.46927275
-0.59354846 -0.68060987 +0.42950022
-0.54533137 -0.71277609 +0.44109404
-0.49497752 -0.74247853 +0.45135672
-0.44309012 -0.76905026 +0.46068736
-0.38995832 -0.79271718 +0.46854241
-0.33574328 -0.81368768 +0.47454063
-0.28059199 -0.83206568 +0.47847135
-0.22466198 -0.84789749 +0.48020500
-0.16812585 -0.86120632 +0.47964297
-0.11117048 -0.87200798 +0.47670033
-0.05398975 -0.88031112 +0.47131458
+0.00323870 -0.88609662 +0.46348925
+0.06041264 -0.88926695 +0.45338129
+0.11760383 -0.88958081 +0.44137889
+0.17515364 -0.88657854 +0.42813513
+0.25607480 -0.85298976 +0.45479025
+0.29318801 -0.86337341 +0.41064236
+0.34693295 -0.83706760 +0.42303116
+0.39830589 -0.80710797 +0.43580861
+0.44474449 -0.77393301 +0.45081042
+0.48822780 -0.73819390 +0.46551410
+0.52988014 -0.70013599 +0.47857773
+0.57007650 -0.65995834 +0.48935445
+0.60878168 -0.61782621 +0.49767021
+0.64584807 -0.57388157 +0.50352777
+0.68112223 -0.52825363 +0.50697200
+0.71446528 -0.48106116 +0.50805465
+0.74575000 -0.43240727 +0.50683419
+0.77485156 -0.38236396 +0.50339135
+0.80163179 -0.33093347 +0.49786496
+0.82590231 -0.27795147 +0.49053884
+0.84726618 -0.22283808 +0.48216514
+0.87587897 -0.21363626 +0.43266103
+0.89104934 -0.15971686 +0.42487834
+0.90164865 -0.10617831 +0.41923250
+0.88743062 -0.05536763 +0.45760390
+0.92858189 -0.01470715 +0.37083604
+0.91938584 +0.04083727 +0.39123138
+0.91831236 +0.13826864 +0.37092344
+0.90184021 +0.19037729 +0.38786689
+0.88237166 +0.24172644 +0.40371846
+0.86007224 +0.29245465 +0.41802633
+0.83511437 +0.34273588 +0.43025121
+0.80769423 +0.39270971 +0.43978303
+0.77798918 +0.44220850 +0.44630088
+0.74617204 +0.49090366 +0.44971199
+0.71245140 +0.53846784 +0.44996155
+0.67710375 +0.58460438 +0.44695439
+0.64044530 +0.62903393 +0.44062016
+0.60261210 +0.67151564 +0.43119068
+0.56334563 +0.71190528 +0.41932394
+0.52245872 +0.75009064 +0.40546384
+0.47941674 +0.78593645 +0.39046574
+0.43309262 +0.81929184 +0.37575479
+0.38194097 +0.84984951 +0.36314859
+0.32714979 +0.87740499 +0.35090384
+0.26316057 +0.90148735 +0.34360889
+0.22718488 +0.89221077 +0.39031650
+0.19583796 +0.91541826 +0.35164882
+0.13662821 +0.92121403 +0.36427661
+0.07856040 +0.92331633 +0.37591918
+0.02088643 +0.92213431 +0.38630566
-0.03675781 +0.91799984 +0.39487359
-0.09441048 +0.91103211 +0.40138155
-0.15192423 +0.90124769 +0.40579751
-0.20907723 +0.88863716 +0.40817976
-0.26564291 +0.87320340 +0.40859475
-0.32141713 +0.85496767 +0.40708882
-0.37621760 +0.83396426 +0.40368793
-0.42987300 +0.81023383 +0.39840976
-0.48221583 +0.78381393 +0.39128457
-0.53308736 +0.75471914 +0.38238317
-0.58235480 +0.72290547 +0.37184750
-0.62992386 +0.68822391 +0.35992191
-0.67573135 +0.65045769 +0.34683128
-0.69378870 +0.60874178 +0.38482553
-0.70960310 +0.56760148 +0.41748293
-0.74059510 +0.48157021 +0.46862461
-0.77711201 +0.46478728 +0.42434621
-0.80484267 +0.40899304 +0.43006159
-0.82707295 +0.35314921 +0.43730535
-0.85813057 +0.33079380 +0.39266701
-0.87626933 +0.27293292 +0.39706384
-0.89043119 +0.21551591 +0.40085557
-0.90217141 +0.15711672 +0.40174754
-0.88554894 +0.12352057 +0.44782334
-0.89331417 +0.06218142 +0.44511039
-0.89653497 +0.00115117 +0.44297147
-0.89609826 -0.05896625 +0.43992145
-0.89271448 -0.11829876 +0.43481751
-0.88660523 -0.17678949 +0.42740689
-0.87784158 -0.23430995 +0.41772361
-0.86640091 -0.29076402 +0.40596275
-0.85219488 -0.34612092 +0.39238271
-0.83513212 -0.40039455 +0.37714527
-0.81497860 -0.45377464 +0.36041428
-0.78125592 -0.47883007 +0.40045092
-0.75856732 -0.52796203 +0.38187920
-0.72477404 -0.56957641 +0.38766647
-0.68324505 -0.60983770 +0.40158956
-0.63953041 -0.64620205 +0.41644180
-0.62306797 -0.68612787 +0.37551943
-0.57559035 -0.71986347 +0.38793341
-0.52621357 -0.75096330 +0.39894033
-0.47503631 -0.77934825 +0.40860349
-0.42243130 -0.80475987 +0.41702920
-0.36862423 -0.82733287 +0.42383546
-0.31377597 -0.84719692 +0.42872137
-0.25804300 -0.86442187 +0.43149582
-0.20159635 -0.87904249 +0.43202225
-0.14462795 -0.89107898 +0.43018719
-0.08734778 -0.90054372 +0.42590066
-0.02996069 -0.90742933 +0.41913526
+0.02740206 -0.91166052 +0.41002954
+0.08481605 -0.91300562 +0.39903255
+0.14271023 -0.91099304 +0.38694376
+0.20185612 -0.90514272 +0.37412666
+0.23304312 -0.88083815 +0.41208623
+0.26931679 -0.89095291 +0.36561097
+0.33317515 -0.86664037 +0.37138765
+0.38832618 -0.83812840 +0.38307121
+0.43914167 -0.80665797 +0.39554712
+0.48525946 -0.77242371 +0.40973757
+0.52840736 -0.73570512 +0.42370230
+0.56972230 -0.69670496 +0.43591135
+0.60952207 -0.65560911 +0.44571240
+0.64772511 -0.61257898 +0.45298916
+0.68416518 -0.56776155 +0.45778251
+0.71868074 -0.52129582 +0.46016157
+0.75112525 -0.47331300 +0.46020177
+0.78135776 -0.42393295 +0.45799662
+0.80922428 -0.37325193 +0.45369491
+0.83452403 -0.32131323 +0.44757955
+0.85693700 -0.26807751 +0.44021975
+0.88587326 -0.25402836 +0.38819860
+0.90347835 -0.19811949 +0.38009939
+0.91737746 -0.14013246 +0.37253386
+0.91234897 -0.05426221 +0.40580163
+0.94178639 +0.03149158 +0.33473374
+0.93168242 +0.08538121 +0.35309759
+0.94186326 +0.12556031 +0.31165399
+0.92726786 +0.17878192 +0.32895491
+0.90958222 +0.23092423 +0.34544782
+0.88893738 +0.28216518 +0.36079517
+0.86547632 +0.33269014 +0.37452370
+0.83934488 +0.38272514 +0.38603321
+0.81073391 +0.43248363 +0.39454839
+0.77984311 +0.48171645 +0.39974239
+0.74690209 +0.52999691 +0.40154768
+0.71222203 +0.57692518 +0.39987136
+0.67619991 +0.62213358 +0.39459280
+0.63904623 +0.66532768 +0.38595205
+0.60041606 +0.70638796 +0.37485545
+0.56017076 +0.74522372 +0.36173239
+0.51790532 +0.78171334 +0.34741666
+0.47269768 +0.81570686 +0.33343550
+0.42386254 +0.84686881 +0.32117561
+0.37279233 +0.87468360 +0.30976521
+0.32026586 +0.89857608 +0.29998467
+0.27023752 +0.91785168 +0.29072319
+0.21734779 +0.92842071 +0.30132196
+0.15944630 +0.93741996 +0.30954918
+0.10212523 +0.94169922 +0.32058232
+0.04482791 +0.94250187 +0.33118073
-0.01251841 +0.94010277 +0.34066121
-0.07001150 +0.93473794 +0.34837248
-0.12755431 +0.92650033 +0.35401559
-0.18491026 +0.91540604 +0.35754716
-0.24180961 +0.90145512 +0.35903590
-0.29801077 +0.88465822 +0.35856577
-0.35331002 +0.86504134 +0.35619588
-0.40752720 +0.84264305 +0.35195777
-0.46048993 +0.81750686 +0.34587795
-0.51203084 +0.78966234 +0.33802043
-0.56200682 +0.75908606 +0.32853719
-0.61033314 +0.72564587 +0.31769723
-0.65699819 +0.68906774 +0.30584150
-0.70208425 +0.64849825 +0.29415596
-0.74411884 +0.60726257 +0.27842291
-0.71967095 +0.60768145 +0.33585262
-0.74373181 +0.55620354 +0.37081075
-0.74896961 +0.51716135 +0.41423261
-0.78218559 +0.49895766 +0.37313129
-0.81097648 +0.44382879 +0.38122585
-0.83684862 +0.38736079 +0.38682813
-0.86682670 +0.36309469 +0.34172171
-0.88651718 +0.30636634 +0.34673759
-0.90300251 +0.24857752 +0.35042215
-0.91606368 +0.19014370 +0.35309021
-0.91119578 +0.09681667 +0.40043573
-0.91677009 +0.03536263 +0.39784681
-0.91846797 -0.02566586 +0.39466168
-0.91677404 -0.08578311 +0.39008541
-0.91214296 -0.14493622 +0.38339106
-0.90476033 -0.20301021 +0.37442702
-0.89466269 -0.25990727 +0.36335503
-0.88178976 -0.31559741 +0.35049265
-0.86608089 -0.37004097 +0.33611542
-0.84743461 -0.42320807 +0.32054565
-0.82574741 -0.47503144 +0.30411569
-0.79129129 -0.50676018 +0.34212894
-0.75658286 -0.56232053 +0.33373343
-0.73505782 -0.61049576 +0.29493206
-0.71321180 -0.60870419 +0.34757465
-0.66874435 -0.64964019 +0.36159178
-0.64979925 -0.68914493 +0.32068707
-0.60363593 -0.72418838 +0.33342893
-0.55544000 -0.75660904 +0.34500604
-0.50532382 -0.78639480 +0.35529010
-0.45348731 -0.81345012 +0.36420895
-0.40024787 -0.83764336 +0.37169241
-0.34582977 -0.85903608 +0.37743714
-0.29041223 -0.87769750 +0.38119264
-0.23417307 -0.89367010 +0.38277504
-0.17731141 -0.90697995 +0.38203146
-0.12006011 -0.91764494 +0.37883155
-0.06267769 -0.92566897 +0.37310650
-0.00538601 -0.93100582 +0.36496460
+0.05176923 -0.93347441 +0.35488798
+0.10900694 -0.93269099 +0.34380955
+0.16651305 -0.92826229 +0.33256959
+0.22493888 -0.91876715 +0.32445249
+0.27827647 -0.90789691 +0.31350503
+0.32847092 -0.88838600 +0.32074472
+0.38025546 -0.86377334 +0.33060763
+0.43109889 -0.83512121 +0.34165233
+0.47955687 -0.80306844 +0.35370367
+0.52450845 -0.76814042 +0.36722089
+0.56692445 -0.73066656 +0.38042483
+0.60768752 -0.69085611 +0.39170616
+0.64694624 -0.64890836 +0.40047285
+0.68453352 -0.60500960 +0.40666601
+0.72024909 -0.55932741 +0.41035850
+0.75391925 -0.51201166 +0.41164283
+0.78539277 -0.46319607 +0.41061855
+0.81452326 -0.41299067 +0.40741940
+0.84114439 -0.36145118 +0.40227996
+0.86503204 -0.30851946 +0.39564544
+0.89215343 -0.29447213 +0.34256158
+0.91108508 -0.24021906 +0.33499071
+0.92655172 -0.18527049 +0.32737860
+0.93873365 -0.13109783 +0.31873577
+0.92909984 -0.08214216 +0.36059138
+0.94724616 -0.02504216 +0.31952716
+0.95320219 +0.07087969 +0.29390755
+0.96123203 +0.11086589 +0.25247127
+0.94872443 +0.16559973 +0.26925580
+0.93298829 +0.21867041 +0.28586029
+0.91419192 +0.27052689 +0.30177530
+0.89246592 +0.32142374 +0.31653020
+0.86792308 +0.37154805 +0.32963854
+0.84067174 +0.42117464 +0.34041583
+0.81089385 +0.47062306 +0.34780037
+0.77884966 +0.51949567 +0.35145050
+0.74490168 +0.56720620 +0.35128138
+0.70955253 +0.61322524 +0.34711672
+0.67312189 +0.65715645 +0.33919364
+0.63511852 +0.69893631 +0.32880466
+0.59543207 +0.73850584 +0.31633805
+0.55378485 +0.77575846 +0.30252463
+0.50932492 +0.81061187 +0.28895764
+0.46153637 +0.84285837 +0.27671998
+0.41106280 +0.87217947 +0.26519869
+0.35815594 +0.89837878 +0.25424375
+0.30389619 +0.92124940 +0.24278932
+0.24487396 +0.93857053 +0.24315036
+0.18718697 +0.94873676 +0.25467548
+0.12845207 +0.95596146 +0.26388964
+0.07056718 +0.95899476 +0.27449830
+0.01296074 +0.95856629 +0.28457458
-0.04455828 +0.95494150 +0.29343022
-0.10211313 +0.94832866 +0.30040916
-0.15959778 +0.93881376 +0.30521677
-0.21675483 +0.92641376 +0.30785531
-0.27331337 +0.91113213 +0.30844456
-0.32904235 +0.89298482 +0.30709810
-0.38374363 +0.87200729 +0.30388175
-0.43722929 +0.84825340 +0.29882555
-0.48930561 +0.82178533 +0.29197415
-0.53977875 +0.79264497 +0.28346579
-0.58848286 +0.76081164 +0.27359381
-0.63527073 +0.72622068 +0.26274441
-0.67989078 +0.68882466 +0.25153353
-0.72140779 +0.65013129 +0.23853743
-0.76039804 +0.60921584 +0.22505750
-0.78609395 +0.55640609 +0.26919987
-0.75776626 +0.56956383 +0.31841378
-0.78777107 +0.52409477 +0.32363777
-0.81715632 +0.47255862 +0.33006652
-0.84337726 +0.41883837 +0.33658464
-0.87215697 +0.39395275 +0.29007492
-0.89380513 +0.33782629 +0.29493351
-0.91190747 +0.28079979 +0.29929291
-0.92674108 +0.22265540 +0.30261451
-0.93831755 +0.16351304 +0.30466975
-0.92625175 +0.13048765 +0.35359675
-0.93336922 +0.06965497 +0.35209385
-0.93710028 +0.00833121 +0.34896083
-0.93730506 -0.05246286 +0.34453864
-0.93429990 -0.11226922 +0.33834791
-0.92839148 -0.17091663 +0.32996479
-0.91968716 -0.22832478 +0.31944221
-0.90813351 -0.28455298 +0.30712070
-0.89364655 -0.33967082 +0.29329095
-0.87608373 -0.39378023 +0.27823447
-0.85514910 -0.44712008 +0.26230452
-0.82978890 -0.50051375 +0.24685293
-0.79990033 -0.52569881 +0.28948268
-0.77198016 -0.57088342 +0.27953310
-0.75988243 -0.60545977 +0.23663718
-0.69389532 -0.65103377 +0.30767567
-0.67551034 -0.68810752 +0.26494116
-0.63020006 -0.72512277 +0.27756955
-0.58302322 -0.75908364 +0.28961344
-0.53394733 -0.79030414 +0.30053221
-0.48305473 -0.81882663 +0.31013075
-0.43053733 -0.84459821 +0.31826320
-0.37666559 -0.86754628 +0.32478684
-0.32165998 -0.88769048 +0.32945481
-0.26571350 -0.90506340 +0.33204906
-0.20902444 -0.91969236 +0.33237741
-0.15182079 -0.93160178 +0.33025532
-0.09437015 -0.94080854 +0.32553581
-0.03693211 -0.94728974 +0.31824230
+0.02041152 -0.95089926 +0.30882675
+0.07790100 -0.95129423 +0.29827961
+0.13583513 -0.94809266 +0.28752240
+0.19482584 -0.94046493 +0.27851141
+0.25273402 -0.92998553 +0.26693152
+0.31209865 -0.91227779 +0.26522381
+0.36673850 -0.88863525 +0.27537294
+0.41931832 -0.86146677 +0.28643874
+0.46957910 -0.83118534 +0.29770187
+0.51703591 -0.79795089 +0.30975514
+0.56122702 -0.76204522 +0.32297262
+0.60310033 -0.72363285 +0.33559722
+0.64339724 -0.68287719 +0.34600395
+0.68211667 -0.63999481 +0.35372798
+0.71903463 -0.59518560 +0.35880817
+0.75394047 -0.54862070 +0.36137113
+0.78665891 -0.50045673 +0.36153953
+0.81703015 -0.45084547 +0.35944416
+0.84488438 -0.39992555 +0.35528854
+0.87001324 -0.34778753 +0.34945785
+0.89618265 -0.33123288 +0.29519729
+0.91674934 -0.27693644 +0.28788340
+0.93410626 -0.22126699 +0.28015427
+0.94828429 -0.16457404 +0.27142641
+0.95963367 -0.10705396 +0.26008204
+0.94827547 -0.07792923 +0.30773473
+0.96058890 +0.01338741 +0.27765041
+0.97009266 +0.05329686 +0.23681148
+0.97614196 +0.09604175 +0.19473791
+0.96594857 +0.15163467 +0.20964323
+0.95232543 +0.20542372 +0.22556015
+0.93553422 +0.25781704 +0.24146657
+0.91571813 +0.30907138 +0.25677846
+0.89299122 +0.35940400 +0.27091595
+0.86743355 +0.40893889 +0.28342198
+0.83910639 +0.45799460 +0.29349857
+0.80818006 +0.50704999 +0.29957520
+0.77508624 +0.55541266 +0.30126085
+0.74051128 +0.60218278 +0.29836044
+0.70497211 +0.64673830 +0.29110805
+0.66776482 +0.68911022 +0.28145559
+0.62879048 +0.72929315 +0.26972956
+0.58792508 +0.76718784 +0.25645062
+0.54438250 +0.80277967 +0.24329506
+0.49774477 +0.83593052 +0.23123647
+0.44826523 +0.86639266 +0.22005011
+0.39585229 +0.89408092 +0.20957163
+0.34023647 +0.91903624 +0.19902648
+0.27826526 +0.94085400 +0.19329303
+0.21454063 +0.95623871 +0.19894683
+0.15524604 +0.96564433 +0.20839794
+0.09646605 +0.97128448 +0.21748736
+0.03863373 +0.97302712 +0.22743277
-0.01883062 +0.97136286 +0.23685356
-0.07615046 +0.96652608 +0.24500704
-0.13347955 +0.95868983 +0.25119121
-0.19068896 +0.94792290 +0.25510760
-0.24748527 +0.93423309 +0.25682595
-0.30358117 +0.91762631 +0.25651595
-0.35873429 +0.89813190 +0.25430059
-0.41272617 +0.87580904 +0.25023115
-0.46533701 +0.85074384 +0.24432844
-0.51634406 +0.82302587 +0.23667959
-0.56556645 +0.79268736 +0.22755514
-0.61290738 +0.75966757 +0.21737002
-0.65828669 +0.72388956 +0.20650070
-0.70141309 +0.68576798 +0.19427288
-0.74273498 +0.64462880 +0.18110344
-0.78242809 +0.60003240 +0.16663556
-0.79438470 +0.56819214 +0.21473389
-0.82309813 +0.52184530 +0.22402443
-0.81840683 +0.50303375 +0.27779004
-0.84717304 +0.44885063 +0.28430785
-0.87596475 +0.42026509 +0.23677629
-0.89847153 +0.36630499 +0.24201148
-0.91795842 +0.31071003 +0.24660012
-0.93421313 +0.25380866 +0.25065314
-0.94726830 +0.19563691 +0.25378921
-0.95720442 +0.13624231 +0.25533847
-0.94685548 +0.10328076 +0.30462730
-0.95222070 +0.04232265 +0.30246409
-0.95426433 -0.01870036 +0.29837875
-0.95299648 -0.07899659 +0.29250169
-0.94866529 -0.13808456 +0.28454669
-0.94145573 -0.19578663 +0.27446075
-0.93134954 -0.25220148 +0.26264511
-0.91830566 -0.30740510 +0.24943301
-0.90228028 -0.36140086 +0.23511640
-0.88317993 -0.41417336 +0.22012187
-0.86076170 -0.46573253 +0.20538381
-0.83557976 -0.51509618 +0.19100366
-0.80000226 -0.55370013 +0.23111156
-0.77631626 -0.60319566 +0.18299746
-0.73821759 -0.64565862 +0.19534517
-0.71878280 -0.64801533 +0.25184800
-0.69752073 -0.68551435 +0.20865022
-0.65409960 -0.72337807 +0.22108342
-0.60836421 -0.75865520 +0.23309930
-0.56059324 -0.79118647 +0.24445692
-0.51087283 -0.82104956 +0.25472843
-0.45932673 -0.84824694 +0.26362110
-0.40617827 -0.87271014 +0.27091738
-0.35170702 -0.89436013 +0.27644552
-0.29615920 -0.91317665 +0.27999666
-0.23976372 -0.92916549 +0.28136249
-0.18276545 -0.94234592 +0.28032293
-0.12545080 -0.95274474 +0.27665783
-0.06812194 -0.96036857 +0.27028063
-0.01090848 -0.96511716 +0.26159103
+0.04645160 -0.96670141 +0.25165578
+0.10427851 -0.96477946 +0.24150898
+0.16314566 -0.95879331 +0.23259167
+0.22242419 -0.94902823 +0.22332242
+0.28624158 -0.93320521 +0.21724131
+0.34867150 -0.91072977 +0.22135824
+0.40486496 -0.88461195 +0.23140021
+0.45720935 -0.85586833 +0.24176229
+0.50651974 -0.82435415 +0.25274097
+0.55286374 -0.79012328 +0.26466372
+0.59612671 -0.75336504 +0.27762214
+0.63732095 -0.71410815 +0.28960588
+0.67701152 -0.67248824 +0.29902334
+0.71505002 -0.62872921 +0.30561912
+0.75117300 -0.58302932 +0.30954149
+0.78516326 -0.53556336 +0.31095103
+0.81683997 -0.48650318 +0.30997922
+0.84603141 -0.43602084 +0.30678441
+0.87254986 -0.38425343 +0.30167206
+0.89701678 -0.36663433 +0.24686063
+0.91897644 -0.31284462 +0.24002199
+0.93779919 -0.25753023 +0.23283226
+0.95344817 -0.20062605 +0.22513503
+0.96597187 -0.14145903 +0.21653565
+0.97438354 -0.07453380 +0.21218255
+0.96405839 -0.04528515 +0.26180274
+0.98558354 -0.01704124 +0.16832910
+0.98272411 +0.03938761 +0.18083679
+0.97942701 +0.13494825 +0.15003897
+0.96785743 +0.19003172 +0.16474203
+0.95304455 +0.24338640 +0.18019196
+0.93515886 +0.29532046 +0.19561116
+0.91430948 +0.34606298 +0.21042478
+0.89058250 +0.39584091 +0.22399280
+0.86403199 +0.44471131 +0.23596732
+0.83465860 +0.49307327 +0.24540532
+0.80263442 +0.54166261 +0.24975911
+0.76890436 +0.58912853 +0.24842236
+0.73438850 +0.63423105 +0.24171160
+0.69810746 +0.67710746 +0.23274764
+0.65997841 +0.71779202 +0.22181773
+0.62008038 +0.75616005 +0.20909878
+0.57774687 +0.79224826 +0.19634471
+0.53275144 +0.82592145 +0.18447128
+0.48541401 +0.85689477 +0.17350674
+0.43614087 +0.88492099 +0.16338903
+0.38560659 +0.90975324 +0.15380703
+0.33445224 +0.93120529 +0.14490829
+0.28395306 +0.94879853 +0.13839078
+0.23168397 +0.96187237 +0.14534125
+0.17628737 +0.97250427 +0.15217823
+0.12020834 +0.97964394 +0.16077224
+0.06343355 +0.98346936 +0.16960014
+0.00672514 +0.98382869 +0.17898572
-0.05000165 +0.98094033 +0.18776553
-0.10676942 +0.97491804 +0.19528214
-0.16368743 +0.96587818 +0.20071315
-0.22054323 +0.95385510 +0.20376736
-0.27695647 +0.93884797 +0.20459618
-0.33258037 +0.92087889 +0.20340200
-0.38711831 +0.90001264 +0.20029146
-0.44028368 +0.87636439 +0.19528370
-0.49177832 +0.85009149 +0.18841057
-0.54134532 +0.82132760 +0.17990612
-0.58885197 +0.79010319 +0.17026538
-0.63417486 +0.75647233 +0.15991205
-0.67702609 +0.72079113 +0.14864662
-0.71731885 +0.68320949 +0.13666921
-0.75478080 +0.64410306 +0.12424645
-0.78909988 +0.60420480 +0.11071558
-0.81926641 +0.54877315 +0.16628466
-0.84935251 +0.49794204 +0.17508296
-0.85062380 +0.47233130 +0.23095952
-0.87629871 +0.44621726 +0.18163349
-0.90017012 +0.39322302 +0.18726827
-0.92094639 +0.33890513 +0.19235661
-0.93861285 +0.28325774 +0.19690345
-0.95309985 +0.22638008 +0.20087991
-0.96440599 +0.16828317 +0.20396533
-0.97269220 +0.10881024 +0.20501273
-0.96408301 +0.07582319 +0.25454821
-0.96776989 +0.01498354 +0.25139000
-0.96820492 -0.04554365 +0.24597765
-0.96549456 -0.10499717 +0.23831880
-0.95981728 -0.16296778 +0.22845634
-0.95116108 -0.21961661 +0.21693578
-0.93949977 -0.27509739 +0.20411174
-0.92481594 -0.32945806 +0.19019164
-0.90702539 -0.38275696 +0.17550514
-0.88588629 -0.43517604 +0.16070873
-0.86135978 -0.48663808 +0.14574880
-0.83359138 -0.53703694 +0.12929323
-0.80911998 -0.56091695 +0.17520566
-0.79818049 -0.58934965 +0.12479945
-0.75933545 -0.63596427 +0.13769214
-0.71878145 -0.67877070 +0.15041132
-0.67647333 -0.71812903 +0.16332336
-0.63199598 -0.75483711 +0.17550503
-0.58545682 -0.78881486 +0.18711340
-0.53696103 -0.82005039 +0.19796516
-0.48654847 -0.84860789 +0.20769025
-0.43430902 -0.87450797 +0.21589693
-0.38048465 -0.89766582 +0.22232300
-0.32538752 -0.91797790 +0.22680287
-0.26931317 -0.93539377 +0.22914823
-0.21255874 -0.94990426 +0.22913028
-0.15546477 -0.96152935 +0.22647739
-0.09841471 -0.97029817 +0.22098869
-0.04163350 -0.97616943 +0.21297862
+0.01511065 -0.97892995 +0.20363648
+0.07196671 -0.97836690 +0.19395617
+0.12906346 -0.97418792 +0.18520399
+0.18556083 -0.96659438 +0.17681197
+0.24151427 -0.95533992 +0.17028359
+0.29422275 -0.94172647 +0.16304668
+0.34479785 -0.92359762 +0.16757648
+0.39551566 -0.90134593 +0.17647345
+0.44595095 -0.87557999 +0.18570791
+0.49504182 -0.84654936 +0.19567264
+0.54217037 -0.81449949 +0.20649907
+0.58688091 -0.77968057 +0.21833234
+0.62892024 -0.74232885 +0.23110000
+0.66926650 -0.70238091 +0.24237041
+0.70822051 -0.65996309 +0.25074375
+0.74547264 -0.61532654 +0.25621045
+0.78070735 -0.56870100 +0.25898880
+0.81368126 -0.52030481 +0.25924064
+0.84418891 -0.47036721 +0.25709876
+0.87203321 -0.41910900 +0.25279580
+0.89473553 -0.40057146 +0.19746098
+0.91794459 -0.34770497 +0.19099470
+0.93801946 -0.29355086 +0.18424813
+0.95488373 -0.23822028 +0.17733631
+0.96847171 -0.18188754 +0.17023359
+0.97847053 -0.12451488 +0.16459486
+0.97504357 -0.00726631 +0.22189464
+0.99225012 +0.02062895 +0.12253226
+0.98759217 +0.07836034 +0.13609325
+0.98891190 +0.11732224 +0.09104258
+0.97926502 +0.17350221 +0.10458014
+0.96637486 +0.22796463 +0.11896116
+0.95039127 +0.28074327 +0.13393897
+0.93143289 +0.33207969 +0.14884844
+0.90957983 +0.38217507 +0.16311573
+0.88489749 +0.43124208 +0.17603041
+0.85746415 +0.47918828 +0.18744019
+0.82726437 +0.52646264 +0.19613964
+0.79470054 +0.57401089 +0.19738932
+0.76138672 +0.61947005 +0.19117302
+0.72604101 +0.66289882 +0.18283766
+0.68862810 +0.70425802 +0.17266144
+0.64948436 +0.74326608 +0.16039203
+0.60802589 +0.78002307 +0.14788009
+0.56408982 +0.81443849 +0.13598761
+0.51786683 +0.84629819 +0.12487325
+0.46962805 +0.87541123 +0.11447564
+0.41970713 +0.90161941 +0.10453879
+0.36821789 +0.92486665 +0.09506457
+0.31480581 +0.94516487 +0.08695212
+0.25830340 +0.96216935 +0.08665731
+0.20292043 +0.97466505 +0.09408158
+0.14693587 +0.98390065 +0.10173184
+0.09077112 +0.98970789 +0.11062955
+0.03424295 +0.99223037 +0.11960900
-0.02225057 +0.99141832 +0.12882016
-0.07880621 +0.98739685 +0.13724807
-0.13541188 +0.98021178 +0.14439007
-0.19223861 +0.96993626 +0.14922457
-0.24900789 +0.95657958 +0.15149450
-0.30524684 +0.94015179 +0.15145621
-0.36054274 +0.92071150 +0.14932943
-0.41452771 +0.89838307 +0.14517105
-0.46682661 +0.87336388 +0.13895487
-0.51712214 +0.84585166 +0.13084208
-0.56533372 +0.81587616 +0.12142434
-0.61143621 +0.78344216 +0.11119413
-0.65526801 +0.74873927 +0.10006670
-0.69674469 +0.71189204 +0.08807132
-0.73578656 +0.67301091 +0.07532892
-0.77235501 +0.63219664 +0.06160482
-0.80810074 +0.58640061 +0.05574507
-0.82038012 +0.56088314 +0.11129493
-0.84918718 +0.51466178 +0.11834008
-0.87563374 +0.46649335 +0.12509799
-0.89975388 +0.41627018 +0.13100421
-0.92127536 +0.36418797 +0.13645087
-0.94000296 +0.31044710 +0.14148155
-0.95578293 +0.25523090 +0.14606907
-0.96850407 +0.19868927 +0.15007479
-0.97808988 +0.14089163 +0.15326363
-0.98475073 +0.08144293 +0.15373041
-0.97793170 +0.04836451 +0.20324977
-0.97998003 -0.01217039 +0.19872349
-0.97886740 -0.07184271 +0.19146078
-0.97473856 -0.12993518 +0.18166340
-0.96755767 -0.18664964 +0.17027644
-0.95732674 -0.24215886 +0.15774850
-0.94409934 -0.29643719 +0.14422703
-0.92790964 -0.34941508 +0.12997232
-0.90874006 -0.40105049 +0.11554224
-0.88671309 -0.45109539 +0.10125639
-0.86220561 -0.49909392 +0.08664147
-0.83498458 -0.54538548 +0.07318079
-0.80495199 -0.58937349 +0.06849215
-0.77161143 -0.63092456 +0.08093208
-0.73481655 -0.67191515 +0.09259948
-0.69508804 -0.71125381 +0.10474080
-0.65280340 -0.74843466 +0.11701830
-0.60804286 -0.78338986 +0.12877967
-0.56104724 -0.81586157 +0.13998531
-0.51198637 -0.84572196 +0.15041384
-0.46093228 -0.87295408 +0.15966403
-0.40796326 -0.89756066 +0.16718502
-0.35338676 -0.91940125 +0.17268219
-0.29759595 -0.93832737 +0.17600680
-0.24096872 -0.95426452 +0.17695567
-0.18391127 -0.96719902 +0.17522189
-0.12689690 -0.97715648 +0.17047693
-0.07024536 -0.98413605 +0.16291659
-0.01366866 -0.98798707 +0.15393090
+0.04294598 -0.98858804 +0.14439295
+0.09974226 -0.98574852 +0.13546711
+0.15625618 -0.97953783 +0.12684496
+0.21261330 -0.96979676 +0.11954007
+0.26818263 -0.95682872 +0.11205746
+0.32473731 -0.93926245 +0.11104832
+0.37857555 -0.91801117 +0.11805102
+0.42997648 -0.89379956 +0.12744635
+0.47982462 -0.86657894 +0.13714690
+0.52789960 -0.83641139 +0.14743813
+0.57390593 -0.80343659 +0.15849801
+0.61754782 -0.76783617 +0.17047673
+0.65867282 -0.72977002 +0.18326439
+0.69836428 -0.68897262 +0.19391766
+0.73667704 -0.64558152 +0.20132422
+0.77316652 -0.59991473 +0.20570816
+0.80747390 -0.55226835 +0.20732964
+0.83932586 -0.50294950 +0.20633446
+0.86848294 -0.45229945 +0.20288565
+0.88961993 -0.43235444 +0.14712584
+0.91412387 -0.38018512 +0.14084328
+0.93554804 -0.32667100 +0.13429789
+0.95385030 -0.27177799 +0.12769627
+0.96897662 -0.21549200 +0.12102687
+0.98080233 -0.15754571 +0.11491797
+0.98929913 -0.09891792 +0.10724957
+0.98495035 -0.07035286 +0.15787111
+0.99784780 -0.00109594 +0.06556352
+0.99517205 +0.05930714 +0.07820007
+0.99411039 +0.10328800 +0.03280416
+0.98633123 +0.15847102 +0.04514021
+0.97532679 +0.21289401 +0.05842777
+0.96118475 +0.26619061 +0.07257018
+0.94401066 +0.31819339 +0.08715983
+0.92389192 +0.36891221 +0.10162430
+0.90089860 +0.41842532 +0.11533414
+0.87516549 +0.46676384 +0.12734555
+0.84725032 +0.51306932 +0.13757456
+0.81780061 +0.55714701 +0.14418521
+0.78706373 +0.60088701 +0.13951880
+0.75308099 +0.64445074 +0.13248497
+0.71625290 +0.68685901 +0.12331460
+0.67764357 +0.72689367 +0.11146654
+0.63674455 +0.76468172 +0.09908702
+0.59345885 +0.80014288 +0.08705155
+0.54790735 +0.83310713 +0.07569704
+0.50028169 +0.86341621 +0.06504362
+0.45080033 +0.89093304 +0.05493072
+0.39950924 +0.91560365 +0.04541289
+0.34608953 +0.93746075 +0.03727441
+0.28963682 +0.95654048 +0.03377594
+0.23238904 +0.97197501 +0.03549516
+0.17628283 +0.98341706 +0.04260574
+0.11998501 +0.99148705 +0.05056708
+0.06363945 +0.99618934 +0.05963906
+0.00704706 +0.99761180 +0.06870972
-0.04950449 +0.99573847 +0.07780872
-0.10611924 +0.99062838 +0.08598905
-0.16275067 +0.98228305 +0.09290984
-0.21968717 +0.97071399 +0.09722089
-0.27655943 +0.95591466 +0.09870177
-0.33276029 +0.93793450 +0.09772131
-0.38777193 +0.91690150 +0.09446992
-0.44109354 +0.89304731 +0.08889876
-0.49229386 +0.86664444 +0.08108127
-0.54135933 +0.83772103 +0.07178818
-0.58836262 +0.80624347 +0.06165135
-0.63319326 +0.77233396 +0.05066113
-0.67574431 +0.73611520 +0.03878190
-0.71592549 +0.69768878 +0.02609708
-0.75371643 +0.65707744 +0.01268035
-0.79069278 +0.61219243 +0.00503631
-0.82559554 +0.56425280 +0.00328405
-0.84032361 +0.53885523 +0.05908696
-0.86882486 +0.49069617 +0.06603506
-0.89449250 +0.44113328 +0.07269526
-0.91745129 +0.38998129 +0.07872558
-0.93760357 +0.33732113 +0.08434459
-0.95485674 +0.28325683 +0.08952197
-0.96910004 +0.22794141 +0.09427523
-0.98026441 +0.17145818 +0.09840618
-0.98825306 +0.11388420 +0.10191308
-0.99334139 +0.05438885 +0.10156151
-0.98836344 +0.02107080 +0.15064438
-0.98880605 -0.03877949 +0.14407893
-0.98619080 -0.09695269 +0.13426792
-0.98043340 -0.15382581 +0.12283306
-0.97152151 -0.20966791 +0.11038718
-0.95951652 -0.26443512 +0.09696448
-0.94446759 -0.31802701 +0.08270301
-0.92638237 -0.37039050 +0.06801903
-0.90529936 -0.42141876 +0.05328516
-0.88136453 -0.47088281 +0.03828759
-0.85440890 -0.51905373 +0.02384659
-0.82348680 -0.56713467 +0.01509137
-0.78862705 -0.61459225 +0.01854042
-0.75272758 -0.65757050 +0.03165787
-0.71413851 -0.69861111 +0.04414427
-0.67305321 -0.73741305 +0.05675717
-0.62957510 -0.77385742 +0.06913673
-0.58378559 -0.80787222 +0.08085082
-0.53589024 -0.83927378 +0.09187588
-0.48601497 -0.86797274 +0.10204299
-0.43416403 -0.89397866 +0.11092225
-0.38031840 -0.91733089 +0.11773676
-0.32487252 -0.93783169 +0.12218661
-0.26833645 -0.95529259 +0.12414355
-0.21121975 -0.96962846 +0.12331608
-0.15411933 -0.98082968 +0.11924923
-0.09748169 -0.98891513 +0.11200081
-0.04090606 -0.99380943 +0.10329328
+0.01568549 -0.99546283 +0.09384944
+0.07245603 -0.99375941 +0.08480782
+0.12908138 -0.98871381 +0.07604601
+0.18569029 -0.98022091 +0.06845492
+0.24198722 -0.96833575 +0.06138455
+0.29924843 -0.95235999 +0.05882879
+0.35596393 -0.93248542 +0.06132391
+0.40964430 -0.90966186 +0.06860647
+0.46081844 -0.88406734 +0.07791853
+0.51011089 -0.85561710 +0.08778524
+0.55743330 -0.82438255 +0.09829306
+0.60259627 -0.79048703 +0.10958094
+0.64539842 -0.75408003 +0.12175460
+0.68575583 -0.71526919 +0.13464371
+0.72487134 -0.67351717 +0.14469334
+0.76255389 -0.62902557 +0.15112377
+0.79823330 -0.58223370 +0.15436167
+0.83150431 -0.53355479 +0.15466045
+0.86205044 -0.48345410 +0.15212226
+0.88151218 -0.46226440 +0.09616597
+0.90721416 -0.41093510 +0.08997121
+0.92987572 -0.35824985 +0.08359541
+0.94949806 -0.30409432 +0.07733097
+0.96603781 -0.24838316 +0.07125131
+0.97942783 -0.19078222 +0.06575157
+0.98954655 -0.13107262 +0.06014637
+0.99613006 -0.06610932 +0.05791774
+0.99327928 -0.03772202 +0.10942269
+0.99992361 -0.00676614 +0.01034351
+0.99862404 +0.04793627 +0.02126373
-0.99599301 -0.08526753 +0.02696993
-0.98990315 -0.14095281 +0.01496844
-0.98059260 -0.19604437 +0.00217951
+0.96809357 +0.25032363 +0.01152932
+0.95242864 +0.30365079 +0.02599779
+0.93359179 +0.35600652 +0.04081332
+0.91151390 +0.40749178 +0.05561354
+0.88589579 +0.45860661 +0.06977559
+0.85598127 +0.51051929 +0.08164626
+0.82159854 +0.56320409 +0.08818727
+0.78423519 +0.61467981 +0.08452156
+0.74552697 +0.66210878 +0.07616754
+0.70644061 +0.70486936 +0.06403786
+0.66546588 +0.74465909 +0.05136151
+0.62234679 +0.78177604 +0.03886767
+0.57708786 +0.81623477 +0.02702589
+0.52979605 +0.84797489 +0.01596035
+0.48062951 +0.87690608 +0.00556866
-0.42961859 -0.90300126 +0.00407214
-0.37654672 -0.92631566 +0.01232374
-0.32095495 -0.94693666 +0.01728833
-0.26386749 -0.96437804 +0.01867998
-0.20661218 -0.97829188 +0.01601264
-0.15018853 -0.98861614 +0.00902942
-0.09371865 -0.99559838 +0.00082815
+0.03723059 +0.99927152 +0.00838547
-0.01946430 +0.99965744 +0.01749681
-0.07610498 +0.99674788 +0.02648939
-0.13279810 +0.99054383 +0.03446132
-0.18945263 +0.98102188 +0.04127670
-0.24655041 +0.96808104 +0.04507760
-0.30357903 +0.95171101 +0.04567198
-0.35969842 +0.93205305 +0.04352200
-0.41415134 +0.90938628 +0.03866867
-0.46627804 +0.88409182 +0.03108762
-0.51616886 +0.85620784 +0.02185955
-0.56402311 +0.82567446 +0.01181556
-0.60976098 +0.79258475 +0.00097897
+0.65325545 -0.75706164 +0.01072324
+0.69439072 -0.71922194 +0.02326659
+0.73314204 -0.67909811 +0.03644867
+0.77094719 -0.63530148 +0.04508281
+0.80704735 -0.58844702 +0.04903756
+0.84045060 -0.53967803 +0.04889179
-0.85682174 +0.51556341 +0.00713265
-0.88454171 +0.46626032 +0.01368472
-0.90929157 +0.41567122 +0.02015665
-0.93115628 +0.36367710 +0.02620963
-0.95008014 +0.31036945 +0.03191457
-0.96599994 +0.25585913 +0.03715138
-0.97882051 +0.20036465 +0.04200485
-0.98850449 +0.14396919 +0.04617074
-0.99495234 +0.08692406 +0.05014037
-0.99845520 +0.02807165 +0.04794994
-0.99533864 -0.00548790 +0.09628543
-0.99883717 -0.02912708 +0.03841769
-0.99422705 -0.06345379 +0.08652276
-0.98990956 -0.12019180 +0.07505334
-0.98236154 -0.17614256 +0.06276624
-0.97163134 -0.23124826 +0.04956596
-0.95775906 -0.28537822 +0.03545209
-0.94075478 -0.33845446 +0.02071258
-0.92061561 -0.39042770 +0.00575354
+0.89735206 +0.44121675 +0.00933035
+0.87076607 +0.49111015 +0.02402632
+0.84029024 +0.54100693 +0.03498293
+0.80610019 +0.59063785 +0.03673437
+0.76917681 +0.63835363 +0.02952405
+0.73144429 +0.68169760 +0.01666231
+0.69141576 +0.72244654 +0.00390444
-0.64908516 -0.76066423 +0.00885391
-0.60450756 -0.79631948 +0.02111633
-0.55779059 -0.82934109 +0.03260410
-0.50911414 -0.85960670 +0.04334885
-0.45855010 -0.88707242 +0.05323833
-0.40599811 -0.91178426 +0.06176566
-0.35127165 -0.93381886 +0.06775371
-0.29495557 -0.95287599 +0.07091238
-0.23779534 -0.96871182 +0.07106888
-0.18060361 -0.98122497 +0.06767498
-0.12402125 -0.99042559 +0.06062912
-0.06746173 -0.99635644 +0.05218006
-0.01089075 -0.99902255 +0.04284081
+0.04586727 -0.99837765 +0.03373823
+0.10253958 -0.99441827 +0.02485842
+0.15924160 -0.98709194 +0.01707669
+0.21581477 -0.97638075 +0.01022771
+0.27304934 -0.96197478 +0.00697001
+0.33016629 -0.94389285 +0.00751747
+0.38579771 -0.92251221 +0.01146051
+0.43878804 -0.89839249 +0.01886789
+0.48940509 -0.87160369 +0.02810114
+0.53802717 -0.84206786 +0.03805887
+0.58458914 -0.80986437 +0.04873651
+0.62894246 -0.77511463 +0.06023856
+0.67093646 -0.73795152 +0.07260729
+0.71052622 -0.69844163 +0.08562584
+0.74903016 -0.65568672 +0.09501974
+0.78599851 -0.61002837 +0.10035803
+0.82070963 -0.56212722 +0.10221883
+0.85266912 -0.51264519 +0.10074861
+0.87049361 -0.49014594 +0.04469719
+0.89724070 -0.43986627 +0.03842892
+0.92096126 -0.38833020 +0.03209376
+0.94169207 -0.33546762 +0.02602924
+0.95938213 -0.28137998 +0.02027873
+0.97396289 -0.22620437 +0.01509532
+0.98532031 -0.17040398 +0.01031344
+0.99342023 -0.11433480 +0.00661811
+0.99818655 -0.06012326 +0.00296898