+0.01440507 +0.00036427 +0.99989618
-0.01604841 +0.04591181 +0.99881658
-0.01009885 -0.04672144 +0.99885691
+0.06773979 +0.00056363 +0.99770286
+0.03903543 +0.04736126 +0.99811480
+0.00698532 +0.09109172 +0.99581801
-0.04479324 +0.09541464 +0.99442929
-0.06907507 +0.04786893 +0.99646234
-0.03976571 -0.00000143 +0.99920903
-0.06356430 -0.04631194 +0.99690260
-0.03463031 -0.09379881 +0.99498871
+0.01787767 -0.09451561 +0.99536284
+0.04288598 -0.04695632 +0.99797590
+0.12093879 +0.00089299 +0.99265957
+0.09377276 +0.04726038 +0.99447128
+0.06716998 +0.09196337 +0.99349430
+0.03607808 +0.13010616 +0.99084346
-0.01858736 +0.14300398 +0.98954756
-0.07476335 +0.13818142 +0.98758105
-0.09964521 +0.09161210 +0.99079668
-0.12392673 +0.04473386 +0.99128253
-0.09318625 +0.00088042 +0.99564831
-0.11700307 -0.04568365 +0.99208028
-0.08741635 -0.09270569 +0.99184880
-0.05945863 -0.14082845 +0.98824694
-0.00760331 -0.14204224 +0.98983140
+0.04422049 -0.14263376 +0.98878722
+0.07017752 -0.09475383 +0.99302408
+0.09552985 -0.04684072 +0.99432389
+0.17244538 +0.00230019 +0.98501640
+0.14509364 +0.05057123 +0.98812468
+0.11740849 +0.09879563 +0.98815721
+0.14126139 +0.14582241 +0.97917365
+0.08773355 +0.14633567 +0.98533684
+0.03244221 +0.17621877 +0.98381627
-0.00910815 +0.19701877 +0.98035741
-0.05669732 +0.18567257 +0.98097457
-0.13019773 +0.13439252 +0.98233762
-0.15477129 +0.08750372 +0.98406755
-0.17901907 +0.04044705 +0.98301384
-0.14804201 -0.00212248 +0.98897880
-0.17187376 -0.04900323 +0.98389943
-0.14052538 -0.09181565 +0.98581058
-0.11138872 -0.13905549 +0.98400006
-0.08579408 -0.18763354 +0.97848507
-0.03456039 -0.18936867 +0.98129765
+0.01685074 -0.19033948 +0.98157370
+0.06834130 -0.19065081 +0.97927613
+0.09595673 -0.14271380 +0.98510156
+0.12221088 -0.09462684 +0.98798293
+0.14780352 -0.04652558 +0.98792180
+0.22369871 +0.00211533 +0.97465605
+0.19658178 +0.05048897 +0.97918664
+0.16921880 +0.09862391 +0.98063159
+0.19314227 +0.14675558 +0.97013343
+0.17069875 +0.19467147 +0.96590111
+0.12081588 +0.19334910 +0.97366301
+0.07255191 +0.19923891 +0.97726152
+0.03042692 +0.23557143 +0.97138062
-0.02850251 +0.24016430 +0.97031372
-0.08159587 +0.23053178 +0.96963767
-0.10827851 +0.18187417 +0.97734208
-0.16158499 +0.17671371 +0.97090811
-0.18536094 +0.12941451 +0.97411150
-0.20980769 +0.08221114 +0.97428028
-0.23381225 +0.03466729 +0.97166353
-0.20292007 -0.00678793 +0.97917178
-0.22625272 -0.05444049 +0.97254611
-0.19540814 -0.09610746 +0.97600154
-0.16369748 -0.13748318 +0.97688357
-0.13679633 -0.18514687 +0.97314305
-0.11768990 -0.23300746 +0.96532720
-0.06543058 -0.23574310 +0.96961025
-0.01344034 -0.23736328 +0.97132797
+0.03841788 -0.23808231 +0.97048487
+0.11980769 -0.19047134 +0.97435455
+0.17115440 -0.18998691 +0.96675289
+0.14751958 -0.14246700 +0.97874467
+0.17390185 -0.09434929 +0.98023281
+0.19919735 -0.04597632 +0.97888028
+0.27445410 +0.00169760 +0.96159870
+0.24745728 +0.05014079 +0.96760053
+0.22026451 +0.09870689 +0.97043315
+0.24383687 +0.14670752 +0.95865556
+0.22080254 +0.19509754 +0.95560619
+0.19553269 +0.24143354 +0.95051397
+0.14171095 +0.24101946 +0.96011855
+0.08821706 +0.24421003 +0.96570141
+0.05448721 +0.28282908 +0.95762146
+0.00110696 +0.28079640 +0.95976672
-0.05721281 +0.27978313 +0.95835698
-0.11091417 +0.27208030 +0.95586106
-0.13595136 +0.22464585 +0.96491008
-0.19048480 +0.21822943 +0.95712667
-0.21576856 +0.17083821 +0.96138350
-0.24011718 +0.12350306 +0.96285551
-0.26421507 +0.07590359 +0.96147233
-0.28747358 +0.02764521 +0.95738952
-0.25713401 -0.01353520 +0.96628096
-0.27909710 -0.06333998 +0.95817162
-0.24847844 -0.10328466 +0.96311513
-0.21813043 -0.14444234 +0.96517124
-0.18785344 -0.18242739 +0.96510690
-0.17080352 -0.22845956 +0.95845312
-0.09808712 -0.27994141 +0.95499305
-0.04538344 -0.28290005 +0.95807510
+0.00694270 -0.28444266 +0.95866792
+0.05904268 -0.28494429 +0.95672395
+0.09016360 -0.23810115 +0.96704621
+0.14176698 -0.23762222 +0.96095671
+0.19318090 -0.23681755 +0.95215471
+0.22230253 -0.18933234 +0.95641772
+0.19883174 -0.14208571 +0.96967912
+0.22508209 -0.09404208 +0.96979077
+0.25024530 -0.04612898 +0.96708294
+0.32476695 +0.00145326 +0.94579295
+0.29779188 +0.04936360 +0.95335368
+0.27061015 +0.09799897 +0.95768802
+0.29343990 +0.14568686 +0.94481128
+0.27003161 +0.19486569 +0.94292645
+0.24938758 +0.24161502 +0.93777823
+0.21950051 +0.28558609 +0.93287733
+0.16546823 +0.28573344 +0.94391560
+0.11154344 +0.28708239 +0.95138938
+0.07870747 +0.32790929 +0.94142479
+0.02451481 +0.32626359 +0.94496089
-0.02988345 +0.32306738 +0.94590404
-0.08605217 +0.31988154 +0.94354164
-0.14001484 +0.31260345 +0.93950781
-0.16519799 +0.26543175 +0.94987137
-0.21967567 +0.25836405 +0.94073940
-0.24505505 +0.21144351 +0.94617105
-0.27003266 +0.16417853 +0.94875064
-0.29423206 +0.11657297 +0.94859804
-0.31760905 +0.06831004 +0.94575802
-0.33952215 +0.01888081 +0.94040854
-0.30921614 -0.02191670 +0.95073920
-0.32780703 -0.07387124 +0.94185221
-0.29719174 -0.11781649 +0.94752116
-0.26400682 -0.15703868 +0.95165080
-0.22751088 -0.20804932 +0.95129085
-0.20745054 -0.26007540 +0.94304033
-0.15166031 -0.27451899 +0.94954646
-0.13209889 -0.32064852 +0.93794158
-0.07848550 -0.32626273 +0.94201521
-0.02561450 -0.32925193 +0.94389462
+0.02685866 -0.33063899 +0.94337504
+0.07906609 -0.33088463 +0.94035308
+0.11095510 -0.28468667 +0.95217775
+0.16266391 -0.28389241 +0.94495796
+0.21412984 -0.28272665 +0.93499415
+0.24434396 -0.23579627 +0.94058288
+0.27315678 -0.18852835 +0.94331460
+0.24981001 -0.14162594 +0.95788154
+0.27592816 -0.09390219 +0.95658038
+0.30087098 -0.04619178 +0.95254552
+0.37448788 +0.00191584 +0.92722983
+0.34768123 +0.04901764 +0.93633062
+0.32034326 +0.09683682 +0.94233902
+0.34218396 +0.14421053 +0.92850065
+0.31752769 +0.19366956 +0.92826088
+0.30344897 +0.24136408 +0.92177118
+0.27334397 +0.28503712 +0.91871482
+0.24209714 +0.32876509 +0.91285403
+0.18826835 +0.32933685 +0.92525254
+0.13420505 +0.33022012 +0.93431455
+0.10162304 +0.37200305 +0.92265188
+0.04772007 +0.37076057 +0.92750170
-0.00637402 +0.36825760 +0.92970195
-0.06042739 +0.36442343 +0.92927073
-0.11525361 +0.35960954 +0.92595766
-0.16896427 +0.35208679 +0.92059001
-0.19412816 +0.30519357 +0.93229348
-0.24842638 +0.29754549 +0.92181941
-0.27408499 +0.25106619 +0.92835510
-0.29922185 +0.20416432 +0.93208541
-0.32371633 +0.15673685 +0.93308161
-0.34723050 +0.10861930 +0.93146810
-0.36937269 +0.05946733 +0.92737665
-0.38950748 +0.00904057 +0.92097893
-0.35902695 -0.03225366 +0.93276972
-0.37706927 -0.08326348 +0.92243480
-0.34486737 -0.12449982 +0.93035815
-0.31595252 -0.17161289 +0.93312540
-0.27643584 -0.20295477 +0.93935754
-0.25847468 -0.25028834 +0.93303086
-0.23966889 -0.29842326 +0.92385193
-0.18695346 -0.30921432 +0.93243493
-0.16656857 -0.35691192 +0.91916744
-0.11242208 -0.36652794 +0.92359003
-0.05897236 -0.37193467 +0.92638375
-0.00610909 -0.37476966 +0.92709783
+0.04637550 -0.37590953 +0.92549519
+0.09858021 -0.37584571 +0.92142387
+0.13104571 -0.33032236 +0.93472678
+0.18277781 -0.32917743 +0.92640946
+0.23422098 -0.32761322 +0.91531968
+0.26528822 -0.28130646 +0.92221952
+0.29515140 -0.23459454 +0.92620249
+0.32359429 -0.18752338 +0.92742747
+0.30043796 -0.14106239 +0.94331248
+0.32632245 -0.09346982 +0.94062588
+0.35097463 -0.04580697 +0.93526388
+0.42325402 +0.00323497 +0.90600528
+0.39685885 +0.04977512 +0.91652904
+0.36960788 +0.09658627 +0.92415427
+0.39017689 +0.14463866 +0.90930834
+0.36308794 +0.19250785 +0.91165118
+0.35725811 +0.24105407 +0.90236333
+0.32648475 +0.28444953 +0.90138570
+0.29516814 +0.32820267 +0.89730640
+0.26292969 +0.37150951 +0.89042050
+0.20979317 +0.37209419 +0.90417517
+0.15610035 +0.37295805 +0.91462286
+0.12320655 +0.41516898 +0.90136278
+0.06980400 +0.41453427 +0.90735260
+0.01630443 +0.41266901 +0.91073512
-0.03723182 +0.40945217 +0.91157156
-0.09075493 +0.40476475 +0.90990606
-0.14450344 +0.39869546 +0.90562723
-0.19762567 +0.39058921 +0.89910186
-0.22267239 +0.34393208 +0.91221035
-0.27664982 +0.33580521 +0.90038866
-0.30256598 +0.28989402 +0.90797317
-0.32789740 +0.24341795 +0.91281487
-0.35254596 +0.19633531 +0.91496655
-0.37626700 +0.14847937 +0.91453650
-0.39866969 +0.09962865 +0.91166694
-0.41935141 +0.04965178 +0.90646517
-0.43844914 -0.00089011 +0.89875556
-0.40803404 -0.04160121 +0.91201840
-0.42511420 -0.09231493 +0.90041983
-0.39429200 -0.13425904 +0.90912504
-0.36300148 -0.17229197 +0.91572125
-0.35944580 -0.21968767 +0.90693773
-0.31286228 -0.23100284 +0.92127894
-0.29327245 -0.28239386 +0.91337012
-0.27306444 -0.33203585 +0.90287763
-0.21972173 -0.34616741 +0.91208031
-0.19958974 -0.39335607 +0.89746027
-0.14648262 -0.40354855 +0.90315636
-0.09287454 -0.41187381 +0.90649561
-0.03967466 -0.41684850 +0.90810971
+0.01307052 -0.41937949 +0.90771692
+0.06546789 -0.42018709 +0.90507279
+0.11758180 -0.41976008 +0.89998666
+0.15053191 -0.37494050 +0.91474574
+0.20219790 -0.37340511 +0.90536436
+0.25353485 -0.37140472 +0.89318454
+0.28530754 -0.32577302 +0.90137204
+0.31602200 -0.27970968 +0.90658292
+0.34543726 -0.23317585 +0.90901162
+0.37340391 -0.18618717 +0.90879253
+0.35053531 -0.14015441 +0.92600310
+0.37606925 -0.09256144 +0.92195678
+0.40030176 -0.04477806 +0.91528871
+0.47070449 +0.00526441 +0.88227522
+0.44477646 +0.05165421 +0.89415085
+0.41785009 +0.09807974 +0.90320633
+0.43662294 +0.14744742 +0.88747939
+0.40736822 +0.19453231 +0.89230505
+0.40970843 +0.24265642 +0.87935025
+0.37813855 +0.28501807 +0.88078143
+0.34691082 +0.32831709 +0.87855607
+0.31502576 +0.37138725 +0.87340156
+0.28220748 +0.41386572 +0.86549067
+0.22980844 +0.41426392 +0.88066650
+0.17676675 +0.41516047 +0.89240983
+0.14333491 +0.45746999 +0.87759690
+0.09057831 +0.45747978 +0.88459472
+0.03771175 +0.45628773 +0.88903281
-0.01520388 +0.45371724 +0.89101600
-0.06811190 +0.44966728 +0.89059536
-0.12093123 +0.44407757 +0.88778981
-0.17367044 +0.43695604 +0.88255764
-0.22594924 +0.42810911 +0.87502545
-0.25070744 +0.38166169 +0.88965169
-0.30423210 +0.37321039 +0.87644557
-0.33038126 +0.32803670 +0.88500856
-0.35585535 +0.28209893 +0.89094734
-0.38065693 +0.23545467 +0.89423789
-0.40453902 +0.18798269 +0.89499200
-0.42719375 +0.13951864 +0.89333087
-0.44829739 +0.09000248 +0.88934189
-0.46784791 +0.03977333 +0.88291359
-0.48576990 -0.01104573 +0.87401693
-0.45597591 -0.05196017 +0.88847403
-0.47079001 -0.10459846 +0.87602279
-0.43777663 -0.14504158 +0.88730748
-0.45215597 -0.19129821 +0.87118309
-0.40615128 -0.19395781 +0.89298461
-0.39460006 -0.24950072 +0.88433036
-0.34394507 -0.26938213 +0.89951935
-0.32477796 -0.31814864 +0.89067430
-0.30454277 -0.36658867 +0.87912823
-0.25253484 -0.38050967 +0.88962832
-0.23222107 -0.42800174 +0.87343454
-0.17964708 -0.43975461 +0.87996750
-0.12677198 -0.44916905 +0.88440716
-0.07360612 -0.45644854 +0.88669999
-0.02069408 -0.46086810 +0.88722734
+0.03186064 -0.46298448 +0.88579358
+0.08409771 -0.46338818 +0.88215587
+0.13605141 -0.46254923 +0.87609259
+0.16942357 -0.41847394 +0.89228651
+0.22094175 -0.41650649 +0.88187702
+0.27209614 -0.41402815 +0.86864514
+0.30447744 -0.36912057 +0.87809082
+0.33591257 -0.32379260 +0.88448917
+0.36613472 -0.27791332 +0.88809321
+0.39498271 -0.23145567 +0.88905395
+0.42236142 -0.18446786 +0.88745842
+0.39987950 -0.13881332 +0.90599517
+0.42491812 -0.09111771 +0.90063430
+0.44855352 -0.04311424 +0.89271546
+0.51667738 +0.00761627 +0.85614630
+0.49112468 +0.05412369 +0.86940622
+0.46443324 +0.10076973 +0.87985637
+0.48171956 +0.15034737 +0.86333188
+0.45156595 +0.19741420 +0.87012403
+0.46019726 +0.24459351 +0.85345914
+0.42861065 +0.28689022 +0.85673036
+0.39734787 +0.32935312 +0.85652857
+0.36590034 +0.37193101 +0.85310273
+0.33361884 +0.41404408 +0.84691556
+0.30031485 +0.45547136 +0.83806732
+0.24847275 +0.45574615 +0.85472612
+0.19605706 +0.45671374 +0.86774085
+0.16204148 +0.49884377 +0.85140910
+0.10993388 +0.49951180 +0.85930350
+0.05769823 +0.49898713 +0.86468651
+0.00538230 +0.49707891 +0.86768865
-0.04693829 +0.49368718 +0.86837190
-0.09916851 +0.48875995 +0.86676370
-0.15119535 +0.48227000 +0.86287636
-0.20292317 +0.47421428 +0.85670473
-0.25414763 +0.46457223 +0.84828157
-0.27815730 +0.41837721 +0.86463231
-0.33104942 +0.40994058 +0.84991470
-0.35732756 +0.36577364 +0.85937574
-0.38285604 +0.32046393 +0.86644338
-0.40779757 +0.27431637 +0.87089131
-0.43186642 +0.22727020 +0.87283426
-0.45477392 +0.17921610 +0.87238883
-0.47626304 +0.13011670 +0.86962243
-0.49625864 +0.08017224 +0.86446502
-0.51468009 +0.02949618 +0.85687477
-0.53119602 -0.02199840 +0.84696331
-0.50146131 -0.06271167 +0.86290428
-0.51595933 -0.11345100 +0.84906704
-0.48531989 -0.15563708 +0.86037300
-0.48991562 -0.21500208 +0.84484128
-0.44085726 -0.23827337 +0.86537314
-0.42523944 -0.28729335 +0.85827382
-0.37668740 -0.30138568 +0.87594137
-0.35642727 -0.35084163 +0.86595020
-0.33549301 -0.39938463 +0.85319186
-0.28408678 -0.41461013 +0.86451902
-0.26400204 -0.46182375 +0.84677137
-0.21236343 -0.47439552 +0.85431298
-0.16010621 -0.48513786 +0.85965532
-0.10751091 -0.49369458 +0.86296412
-0.05472172 -0.50005152 +0.86426501
-0.00210523 -0.50385035 +0.86378840
+0.05021849 -0.50547435 +0.86137900
+0.10224722 -0.50541596 +0.85679648
+0.15399146 -0.50412216 +0.84979261
+0.18771591 -0.46084848 +0.86739923
+0.23901511 -0.45840477 +0.85600049
+0.28992076 -0.45540027 +0.84175801
+0.32283037 -0.41126731 +0.85243167
+0.35489775 -0.36676867 +0.85995833
+0.38580461 -0.32164793 +0.86469498
+0.41539735 -0.27584420 +0.86680737
+0.44357059 -0.22939159 +0.86638596
+0.47025353 -0.18235573 +0.86348596
+0.44824052 -0.13702321 +0.88334878
+0.47263019 -0.08918243 +0.87673667
+0.49548917 -0.04096669 +0.86764752
+0.56123066 +0.00991502 +0.82760005
+0.53602489 +0.05643554 +0.84231369
+0.50954754 +0.10331055 +0.85421791
+0.52580388 +0.15240095 +0.83684182
+0.49601822 +0.19938313 +0.84511082
+0.50829276 +0.24588542 +0.82533558
+0.47761104 +0.28892084 +0.82970624
+0.44663959 +0.33111044 +0.83119129
+0.41553287 +0.37310085 +0.82953493
+0.38384214 +0.41478458 +0.82499634
+0.35117535 +0.45581406 +0.81786883
+0.31739668 +0.49605031 +0.80820383
+0.26599772 +0.49626278 +0.82641906
+0.21406599 +0.49738286 +0.84070568
+0.17948440 +0.53912456 +0.82287913
+0.12794709 +0.54048284 +0.83156951
+0.07626168 +0.54062233 +0.83780168
+0.02445423 +0.53936132 +0.84171929
-0.02740908 +0.53660740 +0.84338677
-0.07923833 +0.53231119 +0.84283218
-0.13092574 +0.52644855 +0.84006569
-0.18234827 +0.51900294 +0.83509584
-0.23338388 +0.50995680 +0.82793480
-0.28391404 +0.49925532 +0.81861892
-0.30518211 +0.45403332 +0.83708878
-0.35705504 +0.44670352 +0.82034607
-0.38273570 +0.40416107 +0.83076303
-0.40821222 +0.35930958 +0.83920165
-0.43341730 +0.31346736 +0.84491873
-0.45781906 +0.26672007 +0.84809322
-0.48108767 +0.21899357 +0.84887954
-0.50299108 +0.17025686 +0.84735623
-0.52342909 +0.12062920 +0.84348716
-0.54232491 +0.07023503 +0.83722800
-0.55948321 +0.01915842 +0.82862024
-0.57490982 -0.03213583 +0.81758546
-0.54618945 -0.07367527 +0.83441539
-0.55873030 -0.12714351 +0.81954559
-0.52646971 -0.16528897 +0.83397194
-0.53347300 -0.21170058 +0.81889525
-0.51848246 -0.25889288 +0.81495424
-0.47392242 -0.26855121 +0.83861659
-0.45599658 -0.31991199 +0.83049590
-0.40679881 -0.33631809 +0.84935556
-0.38625336 -0.38422476 +0.83855809
-0.36522974 -0.43181441 +0.82470816
-0.31499249 -0.44739883 +0.83702689
-0.29545399 -0.49427861 +0.81755464
-0.24464647 -0.50779813 +0.82600797
-0.19315011 -0.51948773 +0.83236142
-0.14110618 -0.52929346 +0.83662266
-0.08874891 -0.53699278 +0.83890547
-0.03626342 -0.54250154 +0.83927174
+0.01607998 -0.54564763 +0.83786043
+0.06816329 -0.54672567 +0.83453269
+0.11996096 -0.54615784 +0.82904824
+0.17146646 -0.54437178 +0.82113252
+0.20542761 -0.50197961 +0.84012854
+0.25644593 -0.49901091 +0.82778234
+0.30704443 -0.49542462 +0.81257502
+0.34039229 -0.45211662 +0.82445354
+0.37301972 -0.40856120 +0.83302703
+0.40451143 -0.36430304 +0.83884075
+0.43473535 -0.31925742 +0.84206880
+0.46359356 -0.27346044 +0.84279321
+0.49099809 -0.22696834 +0.84107446
+0.51689272 -0.17985870 +0.83694251
+0.49541477 -0.13481786 +0.85813073
+0.51902654 -0.08686020 +0.85033332
+0.54100412 -0.03856884 +0.84013510
+0.60442324 +0.01217852 +0.79657029
+0.57958564 +0.05841497 +0.81281497
+0.55339367 +0.10526205 +0.82624170
+0.56882960 +0.15380750 +0.80794563
+0.54012495 +0.20060320 +0.81732698
+0.55408708 +0.24677378 +0.79504101
+0.52471139 +0.29042219 +0.80020804
+0.49456615 +0.33289606 +0.80286022
+0.46391927 +0.37463220 +0.80276374
+0.43276635 +0.41592492 +0.79982482
+0.40078659 +0.45661663 +0.79427411
+0.36773626 +0.49647800 +0.78630760
+0.33351551 +0.53540922 +0.77595385
+0.28250712 +0.53557314 +0.79583361
+0.23093852 +0.53689144 +0.81142774
+0.19590486 +0.57813038 +0.79207736
+0.14489256 +0.58021615 +0.80147075
+0.09369346 +0.58102335 +0.80847597
+0.04231287 +0.58039225 +0.81323702
-0.00920233 +0.57823999 +0.81581483
-0.06078820 +0.57451517 +0.81623349
-0.11237404 +0.56918521 +0.81449387
-0.16389283 +0.56221328 +0.81058952
-0.21530683 +0.55352270 +0.80452196
-0.26668221 +0.54291079 +0.79632184
-0.31846973 +0.52936028 +0.78635534
-0.33449025 +0.48733602 +0.80661011
-0.40084500 +0.44949586 +0.79829616
-0.44929396 +0.43779312 +0.77876320
-0.42929875 +0.40089550 +0.80931167
-0.45621734 +0.35383263 +0.81649752
-0.48167858 +0.30674124 +0.82091142
-0.50569647 +0.25903870 +0.82290341
-0.52821616 +0.21050284 +0.82260333
-0.54920445 +0.16111777 +0.82000947
-0.56864038 +0.11094443 +0.81507021
-0.58644818 +0.06007092 +0.80775616
-0.60261663 +0.00877905 +0.79798254
-0.61677117 -0.04296702 +0.78596893
-0.58803805 -0.08394893 +0.80446493
-0.59954386 -0.13465964 +0.78893215
-0.57026743 -0.18071611 +0.80133435
-0.56545565 -0.23859399 +0.78951429
-0.54691908 -0.29182417 +0.78467712
-0.50170806 -0.30785730 +0.80840145
-0.48365181 -0.35687844 +0.79919879
-0.43662226 -0.36909894 +0.82044316
-0.41546679 -0.41616222 +0.80882406
-0.39462357 -0.46278114 +0.79379207
-0.34539976 -0.47920205 +0.80688562
-0.32748129 -0.52494039 +0.78561670
-0.27717959 -0.53943304 +0.79509966
-0.22617279 -0.55218131 +0.80245976
-0.17460350 -0.56306997 +0.80775357
-0.12261646 -0.57203275 +0.81101402
-0.07040171 -0.57891576 +0.81234238
-0.01813567 -0.58362954 +0.81181750
+0.03397750 -0.58610739 +0.80952064
+0.08583319 -0.58659998 +0.80531554
+0.13739587 -0.58548173 +0.79895777
+0.18864766 -0.58317119 +0.79014140
+0.22263688 -0.54177076 +0.81050433
+0.27331166 -0.53822250 +0.79725609
+0.32353969 -0.53399428 +0.78113519
+0.35720512 -0.49155130 +0.79421774
+0.39032014 -0.44908988 +0.80372164
+0.42229120 -0.40581308 +0.81054666
+0.45303681 -0.36162459 +0.81485293
+0.48247870 -0.31658549 +0.81669329
+0.51051677 -0.27074799 +0.81612998
+0.53707666 -0.22417409 +0.81320025
+0.56212081 -0.17696384 +0.80790098
+0.54124717 -0.13223760 +0.83040033
+0.56401741 -0.08423926 +0.82145487
+0.58511218 -0.03603792 +0.81015122
+0.64629710 +0.01475896 +0.76294313
+0.62182530 +0.06024761 +0.78083515
+0.59596672 +0.10678022 +0.79587792
+0.61059596 +0.15481886 +0.77666189
+0.58321270 +0.20142493 +0.78695041
+0.59774247 +0.24742606 +0.76255117
+0.56977932 +0.29145612 +0.76837807
+0.54073817 +0.33429209 +0.77191387
+0.51082602 +0.37613875 +0.77303067
+0.48023700 +0.41726338 +0.77153334
+0.44890425 +0.45772733 +0.76744424
+0.41661128 +0.49735987 +0.76096531
+0.38321201 +0.53598261 +0.75224411
+0.34864478 +0.57350102 +0.74131194
+0.29811647 +0.57349154 +0.76304261
+0.24683517 +0.57499454 +0.78003441
+0.21159667 +0.61571632 +0.75902586
+0.16117087 +0.61856206 +0.76902856
+0.11049935 +0.62004215 +0.77674811
+0.05957713 +0.62003509 +0.78230880
+0.00844532 +0.61847108 +0.78576218
-0.04284054 +0.61529646 +0.78713084
-0.09422155 +0.61047059 +0.78641462
-0.14564271 +0.60394606 +0.78360536
-0.19706753 +0.59562071 +0.77871712
-0.24853006 +0.58523193 +0.77183962
-0.30026293 +0.57189449 +0.76339954
-0.35229643 +0.55116486 +0.75637592
-0.37378508 +0.50108984 +0.78050861
-0.42082053 +0.48431783 +0.76703736
-0.46986405 +0.47231002 +0.74575534
-0.47758683 +0.39196347 +0.78630494
-0.52504211 +0.38340691 +0.75982230
-0.50400681 +0.34561882 +0.79153317
-0.52876765 +0.29847734 +0.79455399
-0.55192888 +0.25042312 +0.79540101
-0.57349818 +0.20145416 +0.79405041
-0.59348083 +0.15163138 +0.79043559
-0.61186553 +0.10105646 +0.78447955
-0.62866138 +0.04995124 +0.77607329
-0.64373688 -0.00149711 +0.76524545
-0.65688153 -0.05270610 +0.75214941
-0.62912722 -0.09465967 +0.77151700
-0.61019041 -0.18266862 +0.77090845
-0.60616256 -0.22960643 +0.76147740
-0.58946770 -0.27878111 +0.75816154
-0.57166970 -0.32855959 +0.75182601
-0.52813134 -0.34379825 +0.77645351
-0.50776787 -0.39576245 +0.76520838
-0.46436212 -0.40426263 +0.78799718
-0.44382097 -0.44829393 +0.77592235
-0.42630395 -0.49078888 +0.75986263
-0.37706631 -0.50865679 +0.77400857
-0.36071657 -0.55263141 +0.75132023
-0.31024384 -0.56876921 +0.76174166
-0.25937188 -0.58278336 +0.77012323
-0.20803176 -0.59487867 +0.77642911
-0.15630015 -0.60504436 +0.78069942
-0.10429126 -0.61323162 +0.78298806
-0.05215839 -0.61933377 +0.78339338
-0.00005171 -0.62327979 +0.78199892
+0.05187306 -0.62507121 +0.77884220
+0.10352693 -0.62493916 +0.77377854
+0.15487069 -0.62322684 +0.76655292
+0.20587703 -0.62036201 +0.75681281
+0.23951948 -0.58011596 +0.77852161
+0.28975937 -0.57592945 +0.76442448
+0.33950946 -0.57101203 +0.74744805
+0.37332844 -0.52943073 +0.76179326
+0.40686209 -0.48827380 +0.77204400
+0.43917445 -0.44613282 +0.77980210
+0.47030598 -0.40291105 +0.78515920
+0.50022181 -0.35872921 +0.78809358
+0.52880388 -0.31364620 +0.78866502
+0.57344583 -0.31048669 +0.75812789
+0.55595467 -0.26770359 +0.78692388
+0.58162164 -0.22098607 +0.78286744
+0.58563155 -0.12925576 +0.80020537
+0.60757343 -0.08124390 +0.79009744
+0.62783769 -0.03316107 +0.77763757
+0.66917987 -0.02932483 +0.74252162
+0.66278828 +0.06229836 +0.74621084
+0.63720737 +0.10806914 +0.76307787
+0.65088129 +0.15558181 +0.74306651
+0.62482402 +0.20201550 +0.75417815
+0.63940265 +0.24773076 +0.72786930
+0.61283430 +0.29201879 +0.73427457
+0.58495515 +0.33518948 +0.73856312
+0.55592412 +0.37732721 +0.74065683
+0.52596830 +0.41858157 +0.74036938
+0.49519968 +0.45905612 +0.73759389
+0.46353942 +0.49868183 +0.73242586
+0.43086132 +0.53727986 +0.72504404
+0.39710493 +0.57467776 +0.71557889
+0.36228056 +0.61074541 +0.70409008
+0.31288677 +0.60995546 +0.72804959
+0.26193090 +0.61148527 +0.74664447
+0.22692083 +0.65178525 +0.72365939
+0.17727499 +0.65540555 +0.73417787
+0.12725269 +0.65755572 +0.74258146
+0.07686128 +0.65817390 +0.74893221
+0.02615751 +0.65720560 +0.75325731
-0.02479346 +0.65459287 +0.75557492
-0.07593122 +0.65028441 +0.75588665
-0.12720794 +0.64422266 +0.75418519
-0.17860056 +0.63629860 +0.75048380
-0.23014732 +0.62622845 +0.74489606
-0.28206359 +0.61322258 +0.73783345
-0.33461766 +0.59519406 +0.73059911
-0.38538385 +0.57660594 +0.72041993
-0.39854479 +0.53325532 +0.74619087
-0.44333620 +0.51656876 +0.73253650
-0.48604759 +0.50990846 +0.70975425
-0.49804879 +0.42844873 +0.75390920
-0.54389481 +0.42134949 +0.72570176
-0.55040468 +0.33718151 +0.76378225
-0.59463358 +0.32901774 +0.73359269
-0.57415621 +0.28984490 +0.76572487
-0.59629823 +0.24146280 +0.76558745
-0.61683156 +0.19211767 +0.76328869
-0.63576483 +0.14191100 +0.75872548
-0.65313001 +0.09099566 +0.75175859
-0.66892198 +0.03951263 +0.74228171
-0.68319310 -0.01221577 +0.73013558
-0.66801656 -0.10351137 +0.73691199
-0.64072418 -0.14651449 +0.75366174
-0.64660709 -0.20301138 +0.73531330
-0.63269807 -0.25944264 +0.72964558
-0.61511610 -0.31114114 +0.72444694
-0.59592824 -0.36128478 +0.71717699
-0.55184316 -0.37858627 +0.74306229
-0.52973818 -0.42898275 +0.73167701
-0.48534878 -0.44897139 +0.75024079
-0.50829865 -0.47972452 +0.71519009
-0.46384252 -0.50145946 +0.73033453
-0.41124727 -0.53354855 +0.73905455
-0.39370403 -0.57660225 +0.71590990
-0.34310100 -0.59533900 +0.72653505
-0.29230885 -0.61103759 +0.73565522
-0.24114120 -0.62448665 +0.74287774
-0.18959051 -0.63592297 +0.74810254
-0.13773857 -0.64537402 +0.75134576
-0.08570748 -0.65280294 +0.75266363
-0.03362726 -0.65812446 +0.75215783
+0.01837685 -0.66129281 +0.74990274
+0.07018457 -0.66235604 +0.74589450
+0.12172472 -0.66153574 +0.73996862
+0.17296632 -0.65915217 +0.73184771
+0.22389281 -0.65567225 +0.72108662
+0.25642490 -0.61690453 +0.74409346
+0.30604396 -0.61203295 +0.72921380
+0.35503618 -0.60647174 +0.71143612
+0.38877772 -0.56561132 +0.72727967
+0.42272325 -0.52604729 +0.73795617
+0.45519350 -0.48526696 +0.74653523
+0.48650952 -0.44315359 +0.75294315
+0.51675389 -0.39993891 +0.75697707
+0.54577870 -0.35571040 +0.75868025
+0.58935090 -0.35269255 +0.72682424
+0.61612669 -0.30719082 +0.72527354
+0.59967692 -0.26435260 +0.75531801
+0.62442178 -0.21739622 +0.75022418
+0.60578590 -0.17360346 +0.77645688
+0.62846219 -0.12571049 +0.76761458
+0.64963928 -0.07752662 +0.75627934
+0.68695139 +0.01857027 +0.72646606
+0.70272222 +0.06565989 +0.70842802
+0.67710616 +0.10936748 +0.72771285
+0.68957283 +0.15603581 +0.70720729
+0.66475922 +0.20226669 +0.71915462
+0.67939121 +0.24688110 +0.69099733
+0.65411348 +0.29152836 +0.69795900
+0.62731651 +0.33513854 +0.70296241
+0.59913990 +0.37774765 +0.70593065
+0.56979170 +0.41942861 +0.70669446
+0.53944805 +0.46026573 +0.70508954
+0.50813825 +0.50025889 +0.70109668
+0.47576472 +0.53929871 +0.69484158
+0.44220523 +0.57724502 +0.68647121
+0.40732931 +0.61399659 +0.67608507
+0.37089760 +0.64953846 +0.66372793
+0.32640010 +0.64538263 +0.69061149
+0.27637937 +0.64622281 +0.71134417
+0.24293612 +0.68627112 +0.68557567
+0.19458133 +0.69054962 +0.69661993
+0.14530121 +0.69334048 +0.70580913
+0.09536455 +0.69460298 +0.71304439
+0.04496414 +0.69427243 +0.71830635
-0.00576676 +0.69227475 +0.72161099
-0.05673266 +0.68854466 +0.72297141
-0.10786450 +0.68301747 +0.72239351
-0.15911625 +0.67559614 +0.71989713
-0.21046478 +0.66606328 +0.71558667
-0.26189489 +0.65387412 +0.70983075
-0.31318910 +0.63818522 +0.70330094
-0.36286439 +0.62093108 +0.69481943
-0.41135898 +0.60239033 +0.68403924
-0.43672896 +0.55757168 +0.70596149
-0.49179202 +0.54632200 +0.67799180
-0.52986422 +0.50349877 +0.68244626
-0.51591402 +0.46587630 +0.71888247
-0.58758561 +0.41403596 +0.69521031
-0.57013715 +0.37574223 +0.73058977
-0.61308715 +0.36786769 +0.69914055
-0.63672353 +0.32063691 +0.70126680
-0.61744009 +0.28121675 +0.73463248
-0.63858189 +0.23240457 +0.73362203
-0.65807800 +0.18266776 +0.73045591
-0.67596528 +0.13212596 +0.72499219
-0.69227756 +0.08091639 +0.71708041
-0.70707928 +0.02928594 +0.70652759
-0.69541963 -0.06402833 +0.71574570
-0.67725721 -0.15445792 +0.71935070
-0.68532697 -0.19817049 +0.70075345
-0.67078685 -0.24585826 +0.69971331
-0.65596528 -0.29589390 +0.69437480
-0.63832940 -0.34499124 +0.68812544
-0.61874541 -0.39312140 +0.68015416
-0.57478013 -0.41044320 +0.70792950
-0.59768054 -0.44008019 +0.67015476
-0.55280615 -0.45882823 +0.69561628
-0.53278903 -0.50773211 +0.67701105
-0.48892350 -0.52926718 +0.69341912
-0.44421168 -0.55161991 +0.70596845
-0.42516080 -0.59729008 +0.68006092
-0.37534724 -0.61888209 +0.68999957
-0.32477816 -0.63668759 +0.69939120
-0.27378014 -0.65172683 +0.70731646
-0.22238261 -0.66452242 +0.71341147
-0.17063883 -0.67526327 +0.71756665
-0.11867801 -0.68398567 +0.71977714
-0.06660927 -0.69063371 +0.72013074
-0.01453158 -0.69513657 +0.71873082
+0.03746177 -0.69747443 +0.71562981
+0.08929357 -0.69772114 +0.71078258
+0.14094378 -0.69607744 +0.70399648
+0.19247520 -0.69280948 +0.69495922
+0.24413232 -0.68839060 +0.68302107
+0.27428811 -0.65196148 +0.70690329
+0.32292321 -0.64642182 +0.69127377
+0.37070371 -0.64049495 +0.67256596
+0.40335020 -0.60004227 +0.69083854
+0.43788133 -0.56242642 +0.70138182
+0.47033513 -0.52336312 +0.71054620
+0.50152013 -0.48256941 +0.71805593
+0.53187573 -0.44044349 +0.72326879
+0.56122577 -0.39715511 +0.72614975
+0.60323859 -0.39467927 +0.69305951
+0.63066805 -0.34966265 +0.69281588
+0.65667235 -0.30368494 +0.69033100
+0.64144161 -0.26076039 +0.72149614
+0.66523689 -0.21349344 +0.71545819
+0.64768265 -0.16971528 +0.74276773
+0.66952072 -0.12143099 +0.73280046
+0.68997189 -0.07269443 +0.72017658
+0.70887776 -0.02360413 +0.70493628
+0.72625879 +0.02599959 +0.68692954
+0.71599862 +0.11128995 +0.68917380
+0.72706192 +0.15487020 +0.66887681
+0.70321992 +0.20115815 +0.68192166
+0.71832070 +0.24239476 +0.65211974
+0.69407902 +0.28840411 +0.65960396
+0.66817661 +0.33301604 +0.66531221
+0.64074827 +0.37646274 +0.66911692
+0.61197076 +0.41886104 +0.67085559
+0.58202433 +0.46030583 +0.67034784
+0.55100417 +0.50084125 +0.66749716
+0.51887249 +0.54041559 +0.66236118
+0.48550851 +0.57891012 +0.65509126
+0.45074207 +0.61620003 +0.64585534
+0.41425837 +0.65218500 +0.63485803
+0.37516472 +0.68675530 +0.62259023
+0.33182551 +0.68386114 +0.64978902
+0.29010822 +0.67945231 +0.67393010
+0.22085222 +0.72205821 +0.65563423
+0.16896136 +0.72630186 +0.66628647
+0.11759450 +0.72864102 +0.67472498
+0.06637304 +0.72921236 +0.68106090
+0.01515769 +0.72801053 +0.68539836
-0.03609457 +0.72499849 +0.68780402
-0.08738440 +0.72012822 +0.68831629
-0.13869196 +0.71333058 +0.68696727
-0.18997438 +0.70447678 +0.68382907
-0.22058063 +0.73069042 +0.64609264
-0.24110781 +0.69330144 +0.67911717
-0.29167918 +0.67947122 +0.67323259
-0.34083520 +0.66387683 +0.66565676
-0.38842493 +0.64689006 +0.65624639
-0.45909544 +0.58417691 +0.66930465
-0.51106904 +0.57491273 +0.63897088
-0.54251644 +0.53683275 +0.64613196
-0.57440148 +0.49503045 +0.65192621
-0.56005661 +0.45917620 +0.68956059
-0.60305137 +0.45115980 +0.65786312
-0.62951873 +0.40592603 +0.66251809
-0.65404207 +0.35946727 +0.66559165
-0.67671488 +0.31188438 +0.66692211
-0.65859091 +0.27237680 +0.70147622
-0.67873751 +0.22314735 +0.69965753
-0.69720533 +0.17302787 +0.69567671
-0.71404670 +0.12209949 +0.68936857
-0.72933203 +0.07044753 +0.68052328
-0.72048526 -0.02237107 +0.69310932
-0.73128996 -0.07324535 +0.67812249
-0.70466186 -0.11713122 +0.69980850
-0.71870030 -0.17002924 +0.67421061
-0.71062949 -0.22658831 +0.66608068
-0.69549787 -0.27783549 +0.66263878
-0.67913701 -0.32803153 +0.65663402
-0.66073187 -0.37656198 +0.64933387
-0.64091404 -0.42338899 +0.64028974
-0.62020042 -0.46818188 +0.62941018
-0.57595482 -0.48632339 +0.65708874
-0.55809003 -0.53355916 +0.63549204
-0.51575620 -0.55474637 +0.65287978
-0.47182971 -0.57620993 +0.66735211
-0.45519363 -0.61871905 +0.64030109
-0.40673457 -0.63971106 +0.65217846
-0.35667790 -0.65956306 +0.66163241
-0.30589351 -0.67641225 +0.66999674
-0.25464032 -0.69070991 +0.67681469
-0.23466287 -0.72787308 +0.64430902
-0.20297694 -0.70279009 +0.68182582
-0.15107839 -0.71282018 +0.68488153
-0.09905685 -0.72077538 +0.68605436
-0.04699083 -0.72658999 +0.68546251
+0.00504102 -0.73021603 +0.68319773
+0.05695833 -0.73166068 +0.67928521
+0.10869696 -0.73100991 +0.67365382
+0.16024442 -0.72843299 +0.66611343
+0.21167689 -0.72409149 +0.65641785
+0.29628817 -0.68446413 +0.66612474
+0.31620370 -0.71473809 +0.62383065
+0.34667983 -0.67663795 +0.64959540
+0.41472754 -0.63430967 +0.65242035
+0.45053872 -0.59862305 +0.66231813
+0.48376610 -0.56138787 +0.67142685
+0.51471702 -0.52202773 +0.68011281
+0.54498360 -0.48096676 +0.68677787
+0.57460348 -0.43855272 +0.69101545
+0.61445942 -0.43678607 +0.65700650
+0.64289629 -0.39180239 +0.65816050
+0.66985471 -0.34605878 +0.65691551
+0.69515725 -0.29956881 +0.65346380
+0.68112050 -0.25684428 +0.68564268
+0.70396324 -0.20920871 +0.67872488
+0.68752512 -0.16547965 +0.70705424
+0.70840008 -0.11683385 +0.69607411
+0.72789882 -0.06774216 +0.68233006
+0.74560804 -0.01837366 +0.66613141
+0.76141578 +0.03138817 +0.64750351
+0.74223687 +0.07655701 +0.66575029
+0.75679662 +0.12795880 +0.64100345
+0.74088450 +0.19412284 +0.64296694
+0.75490351 +0.23329403 +0.61293930
+0.73210423 +0.28226580 +0.61995920
+0.70718657 +0.32854369 +0.62605607
+0.68055421 +0.37318587 +0.63053808
+0.65240781 +0.41653857 +0.63313480
+0.62292468 +0.45877402 +0.63363336
+0.59223220 +0.49998977 +0.63187914
+0.56034675 +0.54019766 +0.62785190
+0.52716839 +0.57932719 +0.62166992
+0.49249656 +0.61727250 +0.61353223
+0.45593426 +0.65393469 +0.60373287
+0.41644932 +0.68920105 +0.59293497
+0.37090474 +0.72256487 +0.58337782
+0.32877329 +0.71772206 +0.61382666
+0.27436333 +0.71501342 +0.64302455
+0.23937508 +0.75077999 +0.61565330
+0.18916347 +0.75649669 +0.62604309
+0.13845064 +0.76005636 +0.63493759
+0.08746262 +0.76169593 +0.64200437
+0.03629004 +0.76145048 +0.64720646
-0.01501066 +0.75930495 +0.65056181
-0.06639398 +0.75522457 +0.65209484
-0.11781973 +0.74915730 +0.65182962
-0.16924469 +0.74102112 +0.64980299
-0.25072643 +0.75432367 +0.60673887
-0.27155347 +0.71806297 +0.64081533
-0.32157364 +0.70343913 +0.63384839
-0.37062148 +0.68703788 +0.62499494
-0.41884325 +0.66909677 +0.61390540
-0.43433931 +0.62920055 +0.64455879
-0.47901016 +0.61095127 +0.63030770
-0.51608344 +0.61506930 +0.59611042
-0.55150926 +0.57382959 +0.60543963
-0.58443990 +0.53185276 +0.61283167
-0.61540211 +0.48844377 +0.61862988
-0.64337694 +0.44374543 +0.62382378
-0.66906266 +0.39788979 +0.62772516
-0.69272538 +0.35092095 +0.63006827
-0.71448384 +0.30290027 +0.63068555
-0.69759607 +0.26326895 +0.66637016
-0.71672208 +0.21371276 +0.66380443
-0.73413042 +0.16331150 +0.65907653
-0.74987563 +0.11218212 +0.65199825
-0.76398917 +0.06047056 +0.64238918
-0.74315386 +0.01803639 +0.66887744
-0.75594521 -0.03547922 +0.65367275
-0.73853543 -0.12242897 +0.66300571
-0.75604382 -0.15819146 +0.63511668
-0.74452701 -0.20786981 +0.63440497
-0.73245378 -0.26070113 +0.62892478
-0.71686627 -0.31163888 +0.62368579
-0.69916372 -0.36183995 +0.61663761
-0.67919155 -0.41126388 +0.60791518
-0.65703853 -0.46064491 +0.59674671
-0.59968224 -0.51066883 +0.61611570
-0.58945439 -0.55178160 +0.58998355
-0.54657269 -0.57643185 +0.60744104
-0.50273231 -0.59762125 +0.62458712
-0.48431602 -0.63776085 +0.59891492
-0.43610699 -0.65985344 +0.61188572
-0.38728710 -0.68016280 +0.62240442
-0.33715533 -0.69856939 +0.63113159
-0.28622470 -0.71441013 +0.63850888
-0.26561719 -0.75046438 +0.60518651
-0.21387212 -0.76319457 +0.60974812
-0.18283374 -0.73924256 +0.64814525
-0.13088445 -0.74851885 +0.65006830
-0.07887871 -0.75564091 +0.65021917
-0.02687525 -0.76055859 +0.64871284
+0.02505456 -0.76325247 +0.64561439
+0.07683636 -0.76375129 +0.64092132
+0.12841567 -0.76213903 +0.63454985
+0.17979198 -0.75853779 +0.62633479
+0.23106922 -0.75291803 +0.61621543
+0.26338816 -0.71827683 +0.64397599
+0.28291869 -0.74511344 +0.60395611
+0.36431736 -0.70288662 +0.61092001
+0.40242855 -0.67120902 +0.62251885
+0.45345985 -0.63886470 +0.62147088
+0.49116646 -0.60205288 +0.62951397
+0.52436465 -0.56347242 +0.63838902
+0.55488154 -0.52284321 +0.64710235
+0.58496518 -0.48078847 +0.65319077
+0.62311676 -0.47790970 +0.61913474
+0.65289982 -0.43272190 +0.62166999
+0.68102045 -0.38724431 +0.62149255
+0.70731656 -0.34119377 +0.61910427
+0.73176332 -0.29445250 +0.61467078
+0.71873714 -0.25233270 +0.64787740
+0.74058848 -0.20436107 +0.64012909
+0.72523682 -0.16084139 +0.66944873
+0.74510241 -0.11185147 +0.65750410
+0.76366294 -0.06254275 +0.64257865
+0.78014322 -0.01343739 +0.62545662
+0.79460983 +0.03499508 +0.60611101
+0.77570084 +0.08115587 +0.62586095
+0.78930670 +0.12869541 +0.60036024
+0.77248258 +0.17680980 +0.60992537
+0.78685472 +0.22290903 +0.57547478
+0.76702432 +0.27412268 +0.58011245
+0.74368657 +0.32222201 +0.58575017
+0.71814271 +0.36816206 +0.59053174
+0.69082823 +0.41253734 +0.59377547
+0.66197946 +0.45562075 +0.59514109
+0.63176210 +0.49755524 +0.59440342
+0.60025169 +0.53839580 +0.59146248
+0.56740674 +0.57810860 +0.58637875
+0.53306791 +0.61659278 +0.57935477
+0.49690250 +0.65370645 +0.57075020
+0.45819459 +0.68922697 +0.56126990
+0.41576209 +0.72254892 +0.55232684
+0.37287565 +0.75309970 +0.54203745
+0.32472076 +0.75419634 +0.57074015
+0.28787598 +0.74353403 +0.60355991
+0.21409350 +0.78335217 +0.58354378
+0.16180436 +0.78865760 +0.59315979
+0.11002786 +0.79162247 +0.60102224
+0.05841933 +0.79249297 +0.60707666
+0.00684639 +0.79133568 +0.61134358
-0.04473328 +0.78815267 +0.61385203
-0.09632174 +0.78291337 +0.61462898
-0.14790092 +0.77556096 +0.61370230
-0.19942250 +0.76602752 +0.61109125
-0.22947277 +0.78826113 +0.57095239
-0.28102513 +0.77527815 +0.56565773
-0.30134917 +0.74076725 +0.60037701
-0.35059551 +0.72541087 +0.59233593
-0.39845766 +0.70849811 +0.58246195
-0.44499071 +0.68981106 +0.57109016
-0.46706847 +0.64897712 +0.60056286
-0.53025653 +0.64061216 +0.55537741
-0.56293722 +0.60398272 +0.56418663
-0.59503883 +0.56477333 +0.57180406
-0.62588497 +0.52344042 +0.57816791
-0.65503744 +0.48013428 +0.58343554
-0.68184752 +0.43527889 +0.58789135
-0.70654349 +0.38913419 +0.59107603
-0.72925698 +0.34183618 +0.59273289
-0.75005972 +0.29349650 +0.59268054
-0.73440271 +0.25390127 +0.62943372
-0.75252170 +0.20399972 +0.62617505
-0.76888670 +0.15326796 +0.62074325
-0.78356394 +0.10175869 +0.61292147
-0.79658149 +0.04946490 +0.60250407
-0.77642872 +0.00839115 +0.63014922
-0.78829971 -0.04274301 +0.61380502
-0.76597250 -0.09009298 +0.63652916
-0.78645531 -0.13697563 +0.60226715
-0.77895094 -0.19056532 +0.59742806
-0.76681916 -0.24176201 +0.59459188
-0.75287940 -0.29321216 +0.58923615
-0.73626020 -0.34346632 +0.58305386
-0.71752219 -0.39265773 +0.57531019
-0.69666007 -0.44050389 +0.56623411
-0.67455559 -0.48699734 +0.55480478
-0.63392510 -0.51084911 +0.58066527
-0.61887795 -0.56055587 +0.55024286
-0.57663829 -0.59387104 +0.56107528
-0.53377548 -0.61719114 +0.57806473
-0.51041851 -0.65502715 +0.55714664
-0.46340964 -0.67853037 +0.56995442
-0.41595413 -0.69966148 +0.58090961
-0.36715883 -0.71864579 +0.59054434
-0.31699555 -0.73570225 +0.59854491
-0.29588913 -0.77052628 +0.56456963
-0.24419042 -0.78461126 +0.56987386
-0.19243107 -0.79661586 +0.57303880
-0.16201395 -0.77381747 +0.61233815
-0.11009272 -0.78225633 +0.61315140
-0.05814301 -0.78846346 +0.61232733
-0.00621537 -0.79241395 +0.60995204
+0.04563143 -0.79410820 +0.60606101
+0.09735269 -0.79357568 +0.60063308
+0.14895744 -0.79085898 +0.59359393
+0.20058207 -0.78595040 +0.58484939
+0.25262542 -0.77834183 +0.57477335
+0.30653507 -0.76495622 +0.56646114
+0.34830800 -0.73699941 +0.57923519
+0.40384955 -0.70692148 +0.58066131
+0.44632690 -0.67552404 +0.58690678
+0.49242703 -0.64109286 +0.58865572
+0.53026607 -0.60380861 +0.59517481
+0.56278194 -0.56433464 +0.60398915
+0.59262537 -0.52301007 +0.61258113
+0.62974470 -0.51651031 +0.58020575
+0.66109308 -0.47142533 +0.58370720
+0.69040347 -0.42661022 +0.58424889
+0.71769148 -0.38128749 +0.58269956
+0.74302264 -0.33525351 +0.57924299
+0.76642276 -0.28847009 +0.57391739
+0.75435879 -0.24698173 +0.60822927
+0.77512159 -0.19875728 +0.59973500
+0.76078653 -0.15567184 +0.63005566
+0.77962150 -0.10636271 +0.61715256
+0.79746681 -0.05700119 +0.60066426
+0.81305944 -0.00911423 +0.58210934
+0.82675147 +0.03607048 +0.56140977
+0.80819196 +0.08135997 +0.58327208
+0.82059085 +0.12585931 +0.55748551
+0.80382134 +0.17429372 +0.56876440
+0.81752090 +0.21712489 +0.53340074
+0.79884166 +0.26565895 +0.53970115
+0.77746783 +0.31447579 +0.54465471
+0.75333387 +0.36154107 +0.54934155
+0.72706392 +0.40692956 +0.55297956
+0.69901494 +0.45089393 +0.55504304
+0.66940822 +0.49359812 +0.55520585
+0.63837209 +0.53512582 +0.55328241
+0.60592478 +0.57548007 +0.54925208
+0.57195864 +0.61458826 +0.54327210
+0.53620178 +0.65231882 +0.53569376
+0.49810821 +0.68846513 +0.52716598
+0.45698111 +0.72265412 +0.51859357
+0.41410441 +0.75467235 +0.50890782
+0.36916331 +0.78500214 +0.49748376
+0.33042083 +0.78125637 +0.52958526
+0.26756119 +0.77571699 +0.57155417
+0.23436240 +0.80768150 +0.54104054
+0.18324852 +0.81442326 +0.55057673
+0.13184906 +0.81883505 +0.55868147
+0.08037083 +0.82095683 +0.56530559
+0.02882618 +0.82091177 +0.57032703
-0.02277997 +0.81873922 +0.57371349
-0.07443306 +0.81443209 +0.57546511
-0.12611412 +0.80794890 +0.57559864
-0.17780424 +0.79922911 +0.57412410
-0.20713528 +0.82019360 +0.53327050
-0.25883736 +0.80780264 +0.52958296
-0.31074395 +0.79342710 +0.52336568
-0.33211293 +0.76072568 +0.55767144
-0.38131822 +0.74442705 +0.54811020
-0.42930057 +0.72616181 +0.53701959
-0.47666839 +0.70419866 +0.52620480
-0.49030988 +0.66738654 +0.56052781
-0.56587267 +0.64097260 +0.51859643
-0.60039841 +0.60063100 +0.52798121
-0.63300026 +0.55924807 +0.53530577
-0.66349883 +0.51644325 +0.54134617
-0.69185144 +0.47220609 +0.54622614
-0.71785881 +0.42668633 +0.55010681
-0.74171601 +0.38000443 +0.55267893
-0.76355237 +0.33224910 +0.55371321
-0.78343863 +0.28350427 +0.55303638
-0.76898999 +0.24422026 +0.59077141
-0.78607314 +0.19411369 +0.58686361
-0.80134559 +0.14329881 +0.58078455
-0.81486768 +0.09197246 +0.57230388
-0.82665575 +0.04061767 +0.56124012
-0.80803717 -0.00381486 +0.58911915
-0.83618972 -0.01007543 +0.54834773
-0.79749825 -0.08837926 +0.59681290
-0.81916415 -0.11760094 +0.56137342
-0.80989498 -0.16945538 +0.56156478
-0.79974045 -0.22239671 +0.55763331
-0.78654586 -0.27388319 +0.55347413
-0.77106974 -0.32485811 +0.54764831
-0.75309223 -0.37495916 +0.54060866
-0.73264449 -0.42443561 +0.53205871
-0.70906994 -0.47370143 +0.52232822
-0.65692033 -0.52926119 +0.53697139
-0.64896597 -0.56903009 +0.50502270
-0.60807105 -0.60219718 +0.51730856
-0.56545812 -0.63288344 +0.52888152
-0.53451493 -0.66897419 +0.51649523
-0.48924023 -0.69544053 +0.52631403
-0.44339987 -0.71758292 +0.53709525
-0.39610781 -0.73709122 +0.54753551
-0.34713902 -0.75474371 +0.55664749
-0.32567115 -0.78791277 +0.52262010
-0.27379605 -0.80341120 +0.52874017
-0.22210215 -0.81685640 +0.53236853
-0.17039883 -0.82800195 +0.53420690
-0.14062399 -0.80639175 +0.57441905
-0.08877820 -0.81389400 +0.57419072
-0.03693922 -0.81910650 +0.57245091
+0.01481796 -0.82202846 +0.56925358
+0.06639728 -0.82267905 +0.56461543
+0.11768646 -0.82109639 +0.55852539
+0.16855525 -0.81731642 +0.55098366
+0.21880730 -0.81135653 +0.54205531
+0.26801731 -0.80251517 +0.53304420
+0.31512925 -0.79079465 +0.52472601
+0.35674685 -0.76474112 +0.53656566
+0.39903896 -0.73876652 +0.54313160
+0.44530015 -0.70965085 +0.54598851
+0.48771747 -0.67736660 +0.55073238
+0.53033227 -0.64234902 +0.55329506
+0.56735056 -0.60477401 +0.55889332
+0.59844084 -0.56504569 +0.56797176
+0.63580271 -0.55046490 +0.54105758
+0.66821557 -0.50718970 +0.54428536
+0.69833537 -0.46378994 +0.54518493
+0.72642532 -0.41958314 +0.54429426
+0.75256310 -0.37445913 +0.54169100
+0.77677808 -0.32844038 +0.53734786
+0.79905432 -0.28159700 +0.53123941
+0.78788845 -0.24094902 +0.56672336
+0.80741374 -0.19270408 +0.55762729
+0.79415086 -0.14972354 +0.58898835
+0.81194433 -0.09981522 +0.57513766
+0.82974611 -0.04945500 +0.55594568
+0.84590042 -0.00145237 +0.53333889
+0.85990413 +0.04335297 +0.50861125
+0.83964101 +0.07834021 +0.53746235
+0.84997255 +0.11951691 +0.51309100
+0.83401936 +0.16844525 +0.52539309
+0.84712064 +0.20668814 +0.48955758
+0.82921454 +0.25644127 +0.49662976
+0.80893543 +0.30521318 +0.50246232
+0.78620445 +0.35316913 +0.50710366
+0.76109643 +0.39959023 +0.51094018
+0.73397115 +0.44449668 +0.51352609
+0.70509565 +0.48803102 +0.51445685
+0.67464274 +0.53029426 +0.51346389
+0.64268742 +0.57131811 +0.51043951
+0.60918907 +0.61105682 +0.50546833
+0.57396635 +0.64939037 +0.49885346
+0.53665944 +0.68611324 +0.49116726
+0.49690958 +0.72088837 +0.48311575
+0.45540607 +0.75341186 +0.47431622
+0.41236391 +0.78366148 +0.46457582
+0.36743959 +0.81121377 +0.45488501
+0.31639287 +0.81283213 +0.48908024
+0.28496918 +0.79810953 +0.53086133
+0.20730707 +0.83704973 +0.50633144
+0.15505919 +0.84315244 +0.51483066
+0.10315259 +0.84673137 +0.52192484
+0.05139534 +0.84793916 +0.52759616
-0.00031950 +0.84688844 +0.53177051
-0.05203149 +0.84361622 +0.53441968
-0.10374439 +0.83810842 +0.53554774
-0.15544810 +0.83031605 +0.53517394
-0.18415316 +0.85006044 +0.49344185
-0.23558811 +0.83858587 +0.49119444
-0.28703044 +0.82477964 +0.48718793
-0.33897819 +0.80890342 +0.48038427
-0.36286815 +0.77794316 +0.51296310
-0.41179009 +0.76045374 +0.50213448
-0.46004586 +0.73922180 +0.49184239
-0.50896863 +0.71209840 +0.48359776
-0.52364621 +0.67702954 +0.51713214
-0.55891420 +0.67670164 +0.47925965
-0.60198294 +0.63482924 +0.48436389
-0.63731126 +0.59346340 +0.49156439
-0.66951796 +0.55120508 +0.49791431
-0.69926810 +0.50772907 +0.50322492
-0.72669724 +0.46297877 +0.50750546
-0.75180049 +0.41703996 +0.51075797
-0.77474543 +0.37000553 +0.51270404
-0.79564373 +0.32197309 +0.51311245
-0.81454670 +0.27305700 +0.51181397
-0.80141017 +0.23384178 +0.55050864
-0.81749465 +0.18330145 +0.54598817
-0.83174493 +0.13184855 +0.53927389
-0.84429480 +0.07925933 +0.52998514
-0.85507415 +0.02447413 +0.51792781
-0.85224879 -0.04683313 +0.52103614
-0.82284938 -0.05846787 +0.56524367
-0.84593741 -0.09705324 +0.52437636
-0.83958808 -0.15046537 +0.52196938
-0.82993990 -0.20219758 +0.51991914
-0.81821735 -0.25392927 +0.51579093
-0.80387097 -0.30474219 +0.51080688
-0.78718879 -0.35474126 +0.50447244
-0.76822082 -0.40361711 +0.49692051
-0.74729293 -0.45090409 +0.48809711
-0.72426591 -0.49542458 +0.47957625
-0.68845773 -0.52633097 +0.49900066
-0.67891151 -0.56957530 +0.46331754
-0.63895488 -0.60784647 +0.47144388
-0.59820889 -0.64014588 +0.48203670
-0.56300823 -0.67489774 +0.47700606
-0.51798682 -0.70663160 +0.48203883
-0.47209341 -0.73213151 +0.49103082
-0.42555696 -0.75312610 +0.50169945
-0.37762846 -0.77137982 +0.51222057
-0.35432690 -0.80260823 +0.47986715
-0.30234905 -0.81964559 +0.48658623
-0.25090430 -0.83454564 +0.49049017
-0.19944664 -0.84705578 +0.49266372
-0.14785231 -0.85716116 +0.49337050
-0.11862233 -0.83681108 +0.53448664
-0.06678100 -0.84328407 +0.53330318
-0.01491675 -0.84742411 +0.53070694
+0.03691818 -0.84923760 +0.52671866
+0.08868007 -0.84873662 +0.52132714
+0.14035647 -0.84592055 +0.51450800
+0.19200480 -0.84074135 +0.50624908
+0.24382182 -0.83296613 +0.49670750
+0.29544781 -0.82142181 +0.48782865
+0.34956692 -0.79880921 +0.48959862
+0.39447634 -0.77137995 +0.49936097
+0.43889825 -0.74301468 +0.50526975
+0.48348411 -0.71222257 +0.50890287
+0.52536080 -0.67900196 +0.51278882
+0.56581584 -0.64361546 +0.51537519
+0.60130980 -0.60603513 +0.52071868
+0.63913564 -0.58178418 +0.50302366
+0.67357348 -0.54144204 +0.50312950
+0.70438799 -0.49961281 +0.50420690
+0.73320047 -0.45658072 +0.50393562
+0.76013214 -0.41235255 +0.50215983
+0.78519891 -0.36699044 +0.49877920
+0.80838922 -0.32057407 +0.49369944
+0.82965106 -0.27317400 +0.48688302
+0.81934816 -0.23401498 +0.52335989
+0.83760920 -0.18578777 +0.51370587
+0.82505069 -0.14371215 +0.54647797
+0.84138817 -0.09397146 +0.53219857
+0.85904228 -0.04533191 +0.50989350
+0.87484730 -0.00586201 +0.48436333
+0.88453511 +0.04256137 +0.46452790
+0.87283750 +0.09256616 +0.47915155
+0.88661418 +0.13883042 +0.44118183
+0.86292147 +0.15535921 +0.48086387
+0.87398791 +0.19381000 +0.44562631
+0.85737116 +0.24513799 +0.45257271
+0.83824164 +0.29485201 +0.45870823
+0.81670023 +0.34332042 +0.46382306
+0.79281224 +0.39061244 +0.46783617
+0.76672719 +0.43645074 +0.47078675
+0.73870136 +0.48085220 +0.47233618
+0.70893703 +0.52389990 +0.47216225
+0.67755358 +0.56564348 +0.47007297
+0.64456904 +0.60606752 +0.46606107
+0.60987853 +0.64508239 +0.46034431
+0.57323815 +0.68251820 +0.45339489
+0.53439217 +0.71811542 +0.44579732
+0.49357867 +0.75163864 +0.43751509
+0.45075854 +0.78307652 +0.42849493
+0.40535217 +0.81247034 +0.41902455
+0.35866974 +0.84048315 +0.40613309
+0.32527280 +0.83451680 +0.44472387
+0.26056049 +0.82780239 +0.49684146
+0.22821051 +0.85707778 +0.46188487
+0.17697679 +0.86470375 +0.47007088
+0.12548270 +0.86972245 +0.47732270
+0.07389406 +0.87227967 +0.48339202
+0.02227051 +0.87245734 +0.48818256
-0.02937376 +0.87032430 +0.49160227
-0.08101637 +0.86589922 +0.49361410
-0.13262269 +0.85915905 +0.49422359
-0.16096538 +0.87760731 +0.45154796
-0.21214008 +0.86725844 +0.45039913
-0.26307475 +0.85451027 +0.44788823
-0.31388257 +0.83935551 +0.44380182
-0.36528707 +0.82178550 +0.43730303
-0.39279480 +0.79276223 +0.46609043
-0.44008679 +0.77380962 +0.45556810
-0.48657011 +0.75013730 +0.44782090
-0.53075416 +0.72376387 +0.44098285
-0.57065605 +0.69618404 +0.43552205
-0.60557203 +0.66174078 +0.44201997
-0.64102866 +0.62375628 +0.44722518
-0.67392320 +0.58334878 +0.45335606
-0.70466574 +0.54119738 +0.45885901
-0.73323311 +0.49753433 +0.46349627
-0.75958120 +0.45250237 +0.46720231
-0.78370079 +0.40624611 +0.46986931
-0.80570253 +0.35888343 +0.47121770
-0.82566602 +0.31052454 +0.47100970
-0.84362390 +0.26127840 +0.46907603
-0.83146691 +0.22339326 +0.50868284
-0.84640517 +0.17316286 +0.50359995
-0.85937608 +0.12266834 +0.49641236
-0.87040804 +0.07251912 +0.48696081
-0.87950231 +0.02425115 +0.47527630
-0.87501424 -0.02406020 +0.48349890
-0.87291403 -0.07792232 +0.48161106
-0.86641936 -0.12958993 +0.48220736
-0.85830267 -0.18184696 +0.47984185
-0.84751864 -0.23332745 +0.47672890
-0.83435698 -0.28443550 +0.47217040
-0.81864217 -0.33489127 +0.46655422
-0.80035634 -0.38484170 +0.45970272
-0.77935616 -0.43459186 +0.45136891
-0.75514195 -0.48484136 +0.44123632
-0.71561655 -0.53401035 +0.45025092
-0.70464059 -0.57475953 +0.41609268
-0.66767959 -0.61005426 +0.42665884
-0.62851009 -0.64502368 +0.43464872
-0.59103104 -0.67910861 +0.43530886
-0.54791073 -0.71197867 +0.43918129
-0.50203880 -0.74137276 +0.44533524
-0.45549716 -0.76587879 +0.45381936
-0.40862204 -0.78547003 +0.46482777
-0.38052255 -0.81490606 +0.43718498
-0.32932841 -0.83360127 +0.44345430
-0.27861900 -0.84981909 +0.44741364
-0.22769893 -0.86359917 +0.44983294
-0.17648485 -0.87494980 +0.45090570
-0.12501760 -0.88388756 +0.45068103
-0.09611668 -0.86487922 +0.49269212
-0.04427414 -0.87022060 +0.49066883
+0.00763486 -0.87318499 +0.48732912
+0.05959044 -0.87376215 +0.48268901
+0.11163027 -0.87191783 +0.47675777
+0.16392376 -0.86752964 +0.46959698
+0.21699975 -0.86020527 +0.46147373
+0.27212192 -0.84922883 +0.45250420
+0.28231080 -0.86810254 +0.40828738
+0.33029636 -0.82896343 +0.45135789
+0.38519365 -0.80292560 +0.45490256
+0.43138820 -0.77516497 +0.46154469
+0.47571914 -0.74573876 +0.46643864
+0.51879979 -0.71431254 +0.46968540
+0.55940974 -0.68101166 +0.47252922
+0.59762105 -0.64601201 +0.47488690
+0.63509942 -0.61562983 +0.46652828
+0.67316346 -0.57738602 +0.46203499
+0.70655044 -0.53621345 +0.46180257
+0.73680219 -0.49367568 +0.46195979
+0.76490877 -0.44993461 +0.46094839
+0.79103910 -0.40499296 +0.45851700
+0.81524429 -0.35888072 +0.45451224
+0.83752123 -0.31163531 +0.44882248
+0.85779041 -0.26325723 +0.44146489
+0.84891774 -0.22480560 +0.47833158
+0.86611413 -0.17533120 +0.46808684
+0.85381073 -0.13698967 +0.50223606
+0.86874279 -0.08787985 +0.48740445
+0.88898623 -0.05830853 +0.45420656
+0.89821740 -0.00968913 +0.43944467
+0.90682622 +0.03873246 +0.41972134
+0.89671881 +0.08910130 +0.43353932
+0.90901309 +0.13285342 +0.39502554
+0.89733834 +0.18232074 +0.40192420
+0.90586756 +0.21984157 +0.36204096
+0.88272157 +0.23344749 +0.40780497
+0.86504420 +0.28349029 +0.41392243
+0.84478948 +0.33245270 +0.41929219
+0.82211929 +0.38027688 +0.42368547
+0.79716827 +0.42687938 +0.42696223
+0.77011244 +0.47210197 +0.42900647
+0.74115578 +0.51593556 +0.42953302
+0.71045065 +0.55840977 +0.42829709
+0.67806753 +0.59952266 +0.42520231
+0.64397482 +0.63921016 +0.42036509
+0.60803049 +0.67733290 +0.41414859
+0.57006311 +0.71367382 +0.40705987
+0.53012523 +0.74801127 +0.39930738
+0.48810355 +0.78026454 +0.39107823
+0.44355234 +0.81043491 +0.38269647
+0.39624753 +0.83870049 +0.37358987
+0.33869147 +0.86690381 +0.36574018
+0.30559613 +0.86152532 +0.40544435
+0.27842855 +0.84660530 +0.45358241
+0.20108446 +0.88305910 +0.42399490
+0.14897807 +0.88975514 +0.43144099
+0.09707658 +0.89379806 +0.43783691
+0.04529326 +0.89532437 +0.44310585
-0.00641053 +0.89442855 +0.44716493
-0.05804332 +0.89117235 +0.44993646
-0.10957899 +0.88557096 +0.45139397
-0.13797435 +0.90256849 +0.40783967
-0.18900792 +0.89341294 +0.40754058
-0.23966608 +0.88187636 +0.40602249
-0.28987739 +0.86794779 +0.40328370
-0.33968358 +0.85154010 +0.39936765
-0.38961823 +0.83186184 +0.39522592
-0.42379489 +0.80430132 +0.41653004
-0.47054433 +0.78212192 +0.40850133
-0.51663653 +0.75628392 +0.40139922
-0.56148130 +0.72748333 +0.39434344
-0.60372535 +0.69259964 +0.39474226
-0.64011298 +0.65513888 +0.40130838
-0.67245727 +0.64614032 +0.36097632
-0.67486244 +0.61536931 +0.40728528
-0.70713870 +0.57385452 +0.41309303
-0.73712133 +0.53089766 +0.41809069
-0.76481788 +0.48659684 +0.42222876
-0.79024167 +0.44103397 +0.42544934
-0.81344002 +0.39430523 +0.42759645
-0.83451843 +0.34649877 +0.42838953
-0.85354097 +0.29770419 +0.42759797
-0.87052019 +0.24799556 +0.42507976
-0.85958646 +0.21123961 +0.46528372
-0.87358208 +0.16046738 +0.45946117
-0.88570714 +0.10893768 +0.45128200
-0.89643646 +0.05663888 +0.43953807
-0.89976448 -0.00103295 +0.43637464
-0.89593275 -0.05332394 +0.44097741
-0.89157095 -0.10717860 +0.44001589
-0.88424710 -0.15949718 +0.43893930
-0.87476035 -0.21137702 +0.43602074
-0.86276662 -0.26243484 +0.43215936
-0.84838094 -0.31273292 +0.42713921
-0.83160326 -0.36205343 +0.42113339
-0.81257267 -0.41014116 +0.41413752
-0.79172461 -0.45655406 +0.40587009
-0.77057140 -0.49993620 +0.39532710
-0.73990055 -0.53583161 +0.40673290
-0.73244052 -0.57211552 +0.36907277
-0.69542424 -0.61084424 +0.37848969
-0.65732895 -0.64627687 +0.38761432
-0.61893389 -0.68108621 +0.39120636
-0.57707064 -0.71461378 +0.39536897
-0.53242004 -0.74567944 +0.40061336
-0.48622623 -0.77340305 +0.40673305
-0.43969740 -0.79655803 +0.41492349
-0.40477843 -0.82454024 +0.39533253
-0.35523727 -0.84525159 +0.39919448
-0.30558154 -0.86266604 +0.40302262
-0.25538978 -0.87760334 +0.40569501
-0.20465946 -0.89013899 +0.40714505
-0.15348918 -0.90027333 +0.40736839
-0.10199495 -0.90800247 +0.40636011
-0.07337378 -0.89042381 +0.44917896
-0.02164270 -0.89455915 +0.44642527
+0.03008219 -0.89628529 +0.44245648
+0.08170356 -0.89558656 +0.43732053
+0.13310089 -0.89243071 +0.43110507
+0.18406928 -0.88672079 +0.42408105
+0.23414030 -0.87838051 +0.41668452
+0.31054930 -0.87816460 +0.36384895
+0.32801286 -0.85185586 +0.40834932
+0.37409054 -0.83012132 +0.41346689
+0.42202311 -0.80506350 +0.41685640
+0.46695201 -0.77714633 +0.42189975
+0.51026624 -0.74725398 +0.42572274
+0.55203985 -0.71545753 +0.42822018
+0.59158614 -0.68187989 +0.43019259
+0.62992574 -0.64907338 +0.42649420
+0.66812575 -0.61252391 +0.42240080
+0.70437278 -0.57241676 +0.41975951
+0.73694658 -0.53035703 +0.41908372
+0.76662849 -0.48699286 +0.41847188
+0.79406373 -0.44241187 +0.41681475
+0.81942541 -0.39660515 +0.41381923
+0.84278166 -0.34956550 +0.40929578
+0.86412605 -0.30126967 +0.40314111
+0.88331509 -0.25159761 +0.39554152
+0.87593241 -0.21358228 +0.43257951
+0.89166610 -0.16190932 +0.42274926
+0.88107506 -0.12393788 +0.45644950
+0.90289076 -0.10511996 +0.41681900
+0.91166371 -0.05626038 +0.40706761
+0.92021670 -0.00903685 +0.39130496
+0.92716624 +0.03659108 +0.37285904
+0.91871061 +0.08408884 +0.38587547
+0.93909124 +0.15319770 +0.30763308
+0.91949736 +0.16886429 +0.35497810
+0.92666336 +0.20514988 +0.31497387
+0.91161897 +0.25613100 +0.32147749
+0.88956825 +0.27051585 +0.36808900
+0.87057445 +0.32009877 +0.37368023
+0.84909798 +0.36855937 +0.37841330
+0.82527837 +0.41582694 +0.38210412
+0.79925757 +0.46181450 +0.38459681
+0.77120074 +0.50642748 +0.38572092
+0.74126914 +0.54964428 +0.38524178
+0.70957186 +0.59145448 +0.38300049
+0.67614107 +0.63180928 +0.37901225
+0.64092547 +0.67059464 +0.37352023
+0.60383861 +0.70762317 +0.36694466
+0.56488343 +0.74268086 +0.35962737
+0.52396103 +0.77563420 +0.35193241
+0.48085902 +0.80639138 +0.34424924
+0.43564823 +0.83483803 +0.33653540
+0.38777078 +0.86052762 +0.33034230
+0.34368255 +0.88301329 +0.31964017
+0.27983728 +0.88597017 +0.36979448
+0.25345052 +0.87355686 +0.41552526
+0.22558406 +0.89789662 +0.37801255
+0.17262900 +0.90658479 +0.38510161
+0.12030391 +0.91231008 +0.39142980
+0.06831153 +0.91531409 +0.39690510
+0.01651100 +0.91575944 +0.40138764
-0.03514787 +0.91375078 +0.40475194
-0.08665992 +0.90934746 +0.40691185
-0.11554313 +0.92473961 +0.36263817
-0.16666652 +0.91673925 +0.36305842
-0.21746090 +0.90633300 +0.36231374
-0.26784572 +0.89349795 +0.36044428
-0.31780383 +0.87813706 +0.35759758
-0.36750374 +0.85976461 +0.35460656
-0.41689871 +0.83679496 +0.35492205
-0.45631654 +0.81044571 +0.36735946
-0.50231249 +0.78566283 +0.36113167
-0.54832471 +0.75716418 +0.35502452
-0.59418544 +0.72319357 +0.35204363
-0.63564974 +0.68586093 +0.35432215
-0.66729468 +0.67483261 +0.31514877
-0.70403561 +0.63376667 +0.32042732
-0.70681650 +0.60494900 +0.36667036
-0.73846150 +0.56254716 +0.37177319
-0.76761366 +0.51892682 +0.37614389
-0.79437660 +0.47408956 +0.37974321
-0.81882297 +0.42807850 +0.38246273
-0.84103635 +0.38096455 +0.38408836
-0.86111547 +0.33283574 +0.38431824
-0.87909530 +0.28381769 +0.38293468
-0.89494552 +0.23406285 +0.37985143
-0.88544629 +0.19738063 +0.42074428
-0.89831328 +0.14568243 +0.41449955
-0.90914393 +0.09213318 +0.40616350
-0.91647103 +0.03147659 +0.39886096
-0.91723753 -0.02833347 +0.39733176
-0.91343916 -0.08266826 +0.39849074
-0.90777051 -0.13624178 +0.39672519
-0.89943596 -0.18849370 +0.39431597
-0.88868238 -0.23998945 +0.39070280
-0.87542670 -0.29069105 +0.38616939
-0.85969348 -0.34067281 +0.38061681
-0.84147175 -0.38992317 +0.37401233
-0.82072146 -0.43848674 +0.36625901
-0.79844669 -0.48671006 +0.35439554
-0.76810188 -0.53273663 +0.35526213
-0.75761313 -0.56800758 +0.32154275
-0.72136420 -0.60823010 +0.33119456
-0.68386915 -0.64584866 +0.33941493
-0.64566798 -0.68109638 +0.34528333
-0.60505468 -0.71509936 +0.35005963
-0.56204639 -0.74700326 +0.35509152
-0.51742118 -0.77626316 +0.36012612
-0.47204398 -0.80212073 +0.36575514
-0.43232671 -0.82888954 +0.35501515
-0.38332018 -0.85283863 +0.35458696
-0.33372051 -0.87222958 +0.35755584
-0.28372686 -0.88860142 +0.36039782
-0.23319797 -0.90244099 +0.36224159
-0.18216651 -0.91383493 +0.36293400
-0.13072757 -0.92279573 +0.36243392
-0.07898788 -0.92931716 +0.36073610
-0.05028943 -0.91331801 +0.40413016
+0.00152643 -0.91620388 +0.40070952
+0.05336825 -0.91663662 +0.39614282
+0.10516256 -0.91458644 +0.39047724
+0.15681258 -0.91000882 +0.38378870
+0.20810337 -0.90282102 +0.37630731
+0.25882038 -0.89304705 +0.36807470
+0.28752055 -0.90175657 +0.32274916
+0.34095416 -0.88308929 +0.32234077
+0.36035371 -0.85754321 +0.36710332
+0.40797258 -0.83355000 +0.37249533
+0.45506401 -0.80704855 +0.37628365
+0.49968117 -0.77823098 +0.38036202
+0.54251219 -0.74750834 +0.38329075
+0.58358635 -0.71493885 +0.38508364
+0.62294935 -0.68151454 +0.38402089
+0.66156870 -0.64578259 +0.38117150
+0.69873239 -0.60707257 +0.37846524
+0.73356209 -0.56589621 +0.37636172
+0.76525585 -0.52305343 +0.37523138
+0.79422674 -0.47891229 +0.37396111
+0.82089150 -0.43351923 +0.37175022
+0.84540238 -0.38684605 +0.36830009
+0.86782615 -0.33884310 +0.36340491
+0.88812960 -0.28942873 +0.35701094
+0.90603667 -0.23844138 +0.34963303
+0.90008808 -0.20005885 +0.38706318
+0.92111872 -0.18570059 +0.34213387
+0.91362485 -0.14558519 +0.37959793
+0.92456558 -0.09383129 +0.36928874
+0.93369919 -0.04311342 +0.35545330
+0.94205954 +0.00752600 +0.33536126
+0.94040382 +0.06548424 +0.33369518
+0.93063348 +0.11735625 +0.34662491
+0.95573180 +0.13748518 +0.26014333
+0.94476846 +0.18963692 +0.26730206
+0.93109821 +0.24091593 +0.27388982
+0.91475567 +0.29135611 +0.27988156
+0.89393815 +0.30631543 +0.32717799
+0.87368837 +0.35540902 +0.33219432
+0.85101960 +0.40334882 +0.33626682
+0.82606766 +0.45004981 +0.33921585
+0.79897515 +0.49542388 +0.34087225
+0.76989221 +0.53939586 +0.34105439
+0.73894961 +0.58192458 +0.33958395
+0.70622899 +0.62296013 +0.33639453
+0.67175334 +0.66240682 +0.33160920
+0.63551147 +0.70010642 +0.32553981
+0.59750417 +0.73586845 +0.31856928
+0.55761373 +0.76956146 +0.31119462
+0.51563429 +0.80111412 +0.30387078
+0.47150708 +0.83045320 +0.29669607
+0.42492733 +0.85748280 +0.29010346
+0.37751061 +0.88224213 +0.28130866
+0.32294913 +0.90488165 +0.27729598
+0.29701075 +0.89779335 +0.32519490
+0.26963427 +0.91984403 +0.28492863
+0.24612410 +0.91060819 +0.33198742
+0.19441471 +0.92066928 +0.33848337
+0.14252642 +0.92793060 +0.34442854
+0.09069933 +0.93241237 +0.34982967
+0.03897009 +0.93423665 +0.35451828
-0.01266272 +0.93351788 +0.35830718
-0.06418279 +0.93033732 +0.36104437
-0.09343187 +0.94407698 +0.31621058
-0.14472083 +0.93721443 +0.31730898
-0.19577469 +0.92790114 +0.31728811
-0.24651945 +0.91610572 +0.31619372
-0.29692815 +0.90172942 +0.31419378
-0.34709264 +0.88443253 +0.31193877
-0.39705934 +0.86342948 +0.31118067
-0.44514576 +0.83883564 +0.31336883
-0.48759981 +0.81273465 +0.31891818
-0.53325657 +0.78522029 +0.31474836
-0.57986053 +0.75254441 +0.31215170
-0.62577002 +0.71538096 +0.31087291
-0.66991833 +0.69226026 +0.26830051
-0.70391494 +0.65565902 +0.27315747
-0.73665498 +0.61669438 +0.27753824
-0.73755880 +0.59191302 +0.32503229
-0.76821001 +0.54902781 +0.32927474
-0.79630087 +0.50499076 +0.33300039
-0.82198686 +0.45977503 +0.33607221
-0.84536690 +0.41340418 +0.33830725
-0.86653833 +0.36592802 +0.33942306
-0.88559136 +0.31742622 +0.33907010
-0.90253113 +0.26804064 +0.33703379
-0.91729620 +0.21794235 +0.33326988
-0.90859819 +0.18373366 +0.37508836
-0.91994513 +0.13301672 +0.36879195
-0.92854233 +0.08205803 +0.36204367
-0.93475641 +0.03405546 +0.35365332
-0.93530974 -0.01450722 +0.35353250
-0.93302853 -0.06489455 +0.35390176
-0.92840340 -0.11550658 +0.35316477
-0.92147148 -0.16648242 +0.35096140
-0.91201225 -0.21723054 +0.34791457
-0.90005919 -0.26763595 +0.34389599
-0.88556130 -0.31755637 +0.33902674
-0.86848225 -0.36697691 +0.33326647
-0.84871282 -0.41597076 +0.32658059
-0.82591772 -0.46490140 +0.31894611
-0.79586699 -0.51900603 +0.31181481
-0.77720354 -0.56522252 +0.27654686
-0.74337791 -0.60591117 +0.28330362
-0.70757934 -0.64383949 +0.29120816
-0.67029055 -0.67985719 +0.29749752
-0.63110982 -0.71403568 +0.30307331
-0.58983122 -0.74639817 +0.30820270
-0.54687047 -0.77653867 +0.31292234
-0.50278059 -0.80406356 +0.31732233
-0.46050239 -0.83067312 +0.31292127
-0.41295920 -0.85592943 +0.31120655
-0.36318071 -0.87788575 +0.31211598
-0.31297217 -0.89619371 +0.31446027
-0.26237389 -0.91158226 +0.31650865
-0.21132024 -0.92437456 +0.31760894
-0.15985318 -0.93465632 +0.31759175
-0.10805956 -0.94244720 +0.31641176
-0.05602850 -0.94773931 +0.31408759
-0.02704227 -0.93337992 +0.35786958
+0.02504362 -0.93495065 +0.35389279
+0.07724476 -0.93398225 +0.34887017
+0.12957284 -0.93041591 +0.34283688
+0.18201731 -0.92419280 +0.33576385
+0.23440118 -0.91518580 +0.32785826
+0.26269433 -0.92274792 +0.28200701
+0.31781116 -0.90581824 +0.28015958
+0.37251396 -0.88407500 +0.28221402
+0.39187642 -0.86011505 +0.32655011
+0.44007004 -0.83467496 +0.33114360
+0.48664259 -0.80702805 +0.33449173
+0.53089558 -0.77729089 +0.33759258
+0.57326637 -0.74565175 +0.33966034
+0.61390221 -0.71247875 +0.33985011
+0.65321636 -0.67735951 +0.33836738
+0.69115204 -0.63977111 +0.33615739
+0.72716359 -0.59978323 +0.33390596
+0.76074836 -0.55776416 +0.33190522
+0.79149209 -0.51420838 +0.33034832
+0.81962102 -0.46934650 +0.32853500
+0.84540144 -0.42319472 +0.32588745
+0.86895520 -0.37570156 +0.32212606
+0.89033551 -0.32678782 +0.31703692
+0.90946847 -0.27640937 +0.31058809
+0.92818519 -0.26268160 +0.26357280
+0.92595205 -0.22480763 +0.30343754
+0.93970772 -0.17300282 +0.29499054
+0.93349715 -0.13359223 +0.33277046
+0.94376022 -0.08161080 +0.32040026
+0.95180033 -0.02940887 +0.30530517
+0.95528179 +0.03610552 +0.29348439
+0.96337938 +0.08362899 +0.25476726
+0.94905334 +0.09977903 +0.29890116
+0.96977987 +0.11867500 +0.21317421
+0.96036223 +0.17229443 +0.21913243
+0.94805265 +0.22428705 +0.22559141
+0.93304762 +0.27519682 +0.23170852
+0.91540210 +0.32517043 +0.23728291
+0.89579949 +0.34093974 +0.28513746
+0.87433237 +0.38947705 +0.28956957
+0.85048953 +0.43685632 +0.29295753
+0.82440726 +0.48296448 +0.29512366
+0.79622709 +0.52770001 +0.29589717
+0.76608871 +0.57097893 +0.29511210
+0.73411102 +0.61272771 +0.29265299
+0.70038184 +0.65284793 +0.28853917
+0.66497060 +0.69119126 +0.28296422
+0.62793325 +0.72757634 +0.27628338
+0.58919283 +0.76186694 +0.26909213
+0.54861147 +0.79397763 +0.26196370
+0.50630001 +0.82378172 +0.25503721
+0.46246312 +0.85110391 +0.24849547
+0.41806529 +0.87576936 +0.24134921
+0.37255037 +0.89787031 +0.23459565
+0.32778389 +0.91643237 +0.22958534
+0.28126747 +0.92993967 +0.23685613
+0.23308159 +0.94166278 +0.24278421
+0.21701856 +0.93175006 +0.29110956
+0.16486002 +0.94061191 +0.29676660
+0.11294639 +0.94659964 +0.30198053
+0.06119903 +0.94983142 +0.30671641
+0.00956311 +0.95042960 +0.31079274
-0.04198578 +0.94849094 +0.31400976
-0.12277080 +0.95487087 +0.27046062
-0.17401126 +0.94667237 +0.27116691
-0.22504250 +0.93595186 +0.27083205
-0.27578904 +0.92263155 +0.26961347
-0.32623172 +0.90650191 +0.26800589
-0.37626996 +0.88719178 +0.26704245
-0.42505288 +0.86483974 +0.26717460
-0.47118146 +0.84011745 +0.26868328
-0.51412642 +0.81369346 +0.27125077
-0.55721361 +0.78563892 +0.26885772
-0.59781586 +0.75624143 +0.26592312
-0.63535757 +0.72590328 +0.26341068
-0.66311241 +0.71605391 +0.21805673
-0.69879555 +0.67958350 +0.22327348
-0.73247135 +0.64143975 +0.22812445
-0.76426082 +0.60156261 +0.23243886
-0.76761673 +0.57575678 +0.28154694
-0.79646649 +0.53316567 +0.28526392
-0.82311390 +0.48910714 +0.28854412
-0.84753818 +0.44369830 +0.29122303
-0.86975993 +0.39701957 +0.29307529
-0.88984043 +0.34912945 +0.29375607
-0.90784254 +0.30010415 +0.29284709
-0.92372003 +0.25010905 +0.29014957
-0.93736292 +0.19933321 +0.28568694
-0.92980051 +0.16728936 +0.32784947
-0.93985255 +0.11613004 +0.32123357
-0.94759716 +0.06514516 +0.31275506
-0.95136680 +0.01215842 +0.30782039
-0.95061403 -0.03973035 +0.30782214
-0.94717157 -0.09097011 +0.30755560
-0.94134482 -0.14184835 +0.30618453
-0.93315303 -0.19245994 +0.30361916
-0.92249900 -0.24263653 +0.30020510
-0.90937339 -0.29231737 +0.29595707
-0.89373887 -0.34141631 +0.29097377
-0.87556506 -0.38987660 +0.28527542
-0.85484802 -0.43759698 +0.27882565
-0.83080561 -0.48432918 +0.27420302
-0.80783686 -0.52739857 +0.26315462
-0.78985087 -0.57020659 +0.22583191
-0.75956691 -0.60690317 +0.23393726
-0.72672815 -0.64311681 +0.24138552
-0.69171839 -0.67820172 +0.24812918
-0.65451253 -0.71206177 +0.25412868
-0.61518043 -0.74438874 +0.25968911
-0.57391696 -0.77498522 +0.26460771
-0.53107427 -0.80355127 +0.26882240
-0.48796318 -0.83063012 +0.26822666
-0.44174965 -0.85641710 +0.26722088
-0.39286748 -0.87985053 +0.26742884
-0.34263394 -0.90025302 +0.26860099
-0.29190388 -0.91744371 +0.27035008
-0.24077243 -0.93178970 +0.27165526
-0.18925246 -0.94349710 +0.27202338
-0.13741513 -0.95263570 +0.27129743
-0.08535162 -0.95922275 +0.26945651
-0.03312904 -0.96324386 +0.26657781
-0.00382076 -0.95050212 +0.31069456
+0.04855543 -0.95068154 +0.30634453
+0.10116087 -0.94819899 +0.30113976
+0.15414339 -0.94295386 +0.29508954
+0.20778096 -0.93481459 +0.28800824
+0.23486882 -0.94120481 +0.24283769
+0.29272050 -0.92576495 +0.23931981
+0.35014374 -0.90533055 +0.24036630
+0.40398124 -0.88236820 +0.24129966
+0.42336323 -0.85977475 +0.28557128
+0.47121062 -0.83336166 +0.28890984
+0.51706111 -0.80477038 +0.29153465
+0.56076506 -0.77412150 +0.29373195
+0.60261185 -0.74163699 +0.29467530
+0.64288402 -0.70721435 +0.29419041
+0.68162629 -0.67060305 +0.29270660
+0.71860524 -0.63173762 +0.29071307
+0.75345821 -0.59079197 +0.28855775
+0.78585998 -0.54805221 +0.28646615
+0.81558438 -0.50385162 +0.28452709
+0.84275696 -0.45833781 +0.28228914
+0.86754501 -0.41150428 +0.27933831
+0.89003825 -0.36328673 +0.27541725
+0.91027724 -0.31362548 +0.27024880
+0.92764330 -0.29964394 +0.22291572
+0.94436511 -0.24846532 +0.21549830
+0.94337235 -0.21122875 +0.25579488
+0.95588497 -0.15912837 +0.24690500
+0.95096464 -0.12076828 +0.28474775
+0.96019914 -0.06779875 +0.27096299
+0.96545103 -0.01264719 +0.26027746
+0.96879456 +0.03448215 +0.24545484
+0.97657412 +0.06492057 +0.20515435
+0.98079616 +0.10506433 +0.16431794
+0.97284181 +0.15618631 +0.17083517
+0.96211170 +0.20760458 +0.17675241
+0.94858807 +0.25838694 +0.18280278
+0.93236176 +0.30844292 +0.18858558
+0.91349158 +0.35773258 +0.19380541
+0.89518464 +0.37421986 +0.24208255
+0.87249851 +0.42221894 +0.24592176
+0.84746929 +0.46903704 +0.24859616
+0.82023133 +0.51454167 +0.24993486
+0.79092458 +0.55861461 +0.24977594
+0.75968765 +0.60114899 +0.24798097
+0.72665234 +0.64202979 +0.24448748
+0.69195087 +0.68110719 +0.23936791
+0.65569663 +0.71820726 +0.23289541
+0.61782949 +0.75321658 +0.22572441
+0.57815266 +0.78610248 +0.21859184
+0.53672960 +0.81678370 +0.21162637
+0.49366780 +0.84516453 +0.20491223
+0.44935119 +0.87116519 +0.19787553
+0.40347625 +0.89483552 +0.19098774
+0.35579882 +0.91611111 +0.18479076
+0.30491933 +0.93410383 +0.18567239
+0.25540964 +0.94753447 +0.19220911
+0.20557429 +0.95840263 +0.19799903
+0.18357334 +0.95114949 +0.24822463
+0.13321457 +0.95817168 +0.25330002
+0.08235428 +0.96262309 +0.25802046
+0.03121954 +0.96448458 +0.26228771
-0.02006578 +0.96378874 +0.26591093
-0.07142287 +0.96057610 +0.26868632
-0.10035658 +0.96972861 +0.22260948
-0.15179808 +0.96267717 +0.22407588
-0.20313542 +0.95306398 +0.22451068
-0.25425788 +0.94082982 +0.22403613
-0.30507831 +0.92584510 +0.22302036
-0.35544475 +0.90791978 +0.22212769
-0.40482747 +0.88712524 +0.22163828
-0.45253573 +0.86376581 +0.22163043
-0.49797887 +0.83815146 +0.22252906
-0.54107519 +0.81091840 +0.22282052
-0.58325364 +0.78196594 +0.21987375
-0.62402919 +0.75072405 +0.21679707
-0.65080145 +0.73980882 +0.17070552
-0.68922103 +0.70352794 +0.17327094
-0.72456515 +0.66583572 +0.17795544
-0.75767352 +0.62660936 +0.18245971
-0.78868459 +0.58580537 +0.18657087
-0.79405798 +0.56001523 +0.23633632
-0.82173861 +0.51692315 +0.23986686
-0.84724668 +0.47239421 +0.24293369
-0.87055926 +0.42650934 +0.24539021
-0.89168980 +0.37931595 +0.24699941
-0.91069648 +0.33082582 +0.24735843
-0.92763607 +0.28107269 +0.24594606
-0.94240160 +0.23025942 +0.24261044
-0.95481506 +0.17861603 +0.23753844
-0.94861892 +0.14789201 +0.27973219
-0.95744771 +0.09612659 +0.27212785
-0.96306740 +0.04279889 +0.26583724
-0.96493905 -0.01079762 +0.26225187
-0.96315094 -0.06310404 +0.26145392
-0.95869999 -0.11455907 +0.26032777
-0.95183473 -0.16532376 +0.25822221
-0.94260788 -0.21539603 +0.25513707
-0.93102981 -0.26464522 +0.25128947
-0.91717717 -0.31291975 +0.24671293
-0.90114347 -0.36002918 +0.24149418
-0.88308636 -0.40576264 +0.23561657
-0.86306435 -0.44997378 +0.22944175
-0.84105559 -0.49235697 +0.22407611
-0.81854353 -0.53351450 +0.21295248
-0.78065470 -0.59828154 +0.18065834
-0.74841433 -0.63575725 +0.18891458
-0.71422136 -0.67179819 +0.19640530
-0.67805177 -0.70637291 +0.20318245
-0.63989737 -0.73940356 +0.20931730
-0.59985297 -0.77072503 +0.21484727
-0.55805062 -0.80023654 +0.21954723
-0.51499097 -0.82808040 +0.22151106
-0.46963300 -0.85453136 +0.22185807
-0.42180947 -0.87900418 +0.22232503
-0.37218500 -0.90094303 +0.22311430
-0.32148949 -0.91998649 +0.22420829
-0.27027572 -0.93603353 +0.22537140
-0.21869179 -0.94927528 +0.22594325
-0.16682431 -0.95984138 +0.22555306
-0.11478878 -0.96778581 +0.22408518
-0.06269571 -0.97312325 +0.22158607
-0.01061307 -0.97583955 +0.21823048
+0.01924647 -0.96465353 +0.26281768
+0.07185314 -0.96337080 +0.25836764
+0.12489204 -0.95926404 +0.25340575
+0.14504913 -0.96788263 +0.20533868
+0.17883259 -0.95209454 +0.24806229
+0.24516521 -0.94956701 +0.19549042
+0.29209319 -0.93696559 +0.19177346
+0.33858110 -0.92052648 +0.19492007
+0.38689334 -0.90089444 +0.19673014
+0.43582899 -0.87803335 +0.19776381
+0.45388131 -0.85722587 +0.24321916
+0.50100191 -0.82988607 +0.24553248
+0.54606572 -0.80035945 +0.24746109
+0.58912342 -0.76879704 +0.24876637
+0.63042866 -0.73522870 +0.24899490
+0.67008297 -0.69956601 +0.24818584
+0.70798144 -0.66176512 +0.24663578
+0.74390080 -0.62190876 +0.24462439
+0.77758306 -0.58018262 +0.24238960
+0.80880607 -0.53682100 +0.24011653
+0.83744112 -0.49205544 +0.23785251
+0.86355782 -0.44597948 +0.23530874
+0.88725774 -0.39857713 +0.23218523
+0.90860348 -0.34979668 +0.22821482
+0.92464905 -0.33532355 +0.18050557
+0.94249190 -0.28478217 +0.17495179
+0.95824895 -0.19694882 +0.20729233
+0.96935585 -0.14483406 +0.19842460
+0.96584371 -0.10584385 +0.23652274
+0.97351048 -0.04861824 +0.22341354
+0.97867643 +0.00541983 +0.20533649
+0.98795254 +0.00499183 +0.15467661
+0.98592655 +0.05376652 +0.15829719
+0.98969997 +0.08589921 +0.11452206
+0.98303423 +0.13802581 +0.12079970
+0.97363750 +0.18939723 +0.12711689
+0.96152878 +0.24031445 +0.13308409
+0.94671986 +0.29051330 +0.13900907
+0.92924669 +0.33997307 +0.14463367
+0.90913944 +0.38870347 +0.14958306
+0.89205265 +0.40617668 +0.19814789
+0.86815205 +0.45360714 +0.20137672
+0.84191781 +0.49984331 +0.20330042
+0.81348959 +0.54471744 +0.20375867
+0.78301591 +0.58808069 +0.20260104
+0.75065684 +0.62978650 +0.19970797
+0.71659446 +0.66966550 +0.19503974
+0.68100749 +0.70753164 +0.18875323
+0.64386970 +0.74328850 +0.18153241
+0.60490024 +0.77697781 +0.17435938
+0.56412751 +0.80854772 +0.16736408
+0.52160230 +0.83793246 +0.16062451
+0.47750608 +0.86506024 +0.15381393
+0.43164575 +0.88995068 +0.14720647
+0.38370784 +0.91256349 +0.14140784
+0.33250168 +0.93269908 +0.13969631
+0.28064134 +0.94925669 +0.14195838
+0.22993348 +0.96196525 +0.14749051
+0.17919491 +0.97187549 +0.15279794
+0.15528817 +0.96672141 +0.20331085
+0.10460330 +0.97247061 +0.20822838
+0.05361756 +0.97563399 +0.21275216
+0.00242125 +0.97621735 +0.21678058
-0.04892234 +0.97424242 +0.22013251
-0.07721578 +0.98173606 +0.17387360
-0.12886998 +0.97589329 +0.17613862
-0.18052872 +0.96744124 +0.17738890
-0.23206715 +0.95633419 +0.17767882
-0.28335370 +0.94248827 +0.17727531
-0.33421012 +0.92579822 +0.17663878
-0.38424727 +0.90629679 +0.17601184
-0.43298987 +0.88415764 +0.17545665
-0.48002594 +0.85957365 +0.17523764
-0.52495853 +0.83291814 +0.17511686
-0.56802001 +0.80447875 +0.17368713
-0.61000518 +0.77371808 +0.17103805
-0.63602140 +0.76162688 +0.12410191
-0.67597084 +0.72622848 +0.12512243
-0.71340345 +0.68895979 +0.12802317
-0.74808485 +0.65029664 +0.13222456
-0.78046342 +0.61014640 +0.13637526
-0.81064119 +0.56849898 +0.14024898
-0.81756877 +0.54347103 +0.19031695
-0.84427095 +0.49969006 +0.19369155
-0.86875980 +0.45453556 +0.19660578
-0.89102252 +0.40805575 +0.19892049
-0.91107686 +0.36025313 +0.20039121
-0.92898971 +0.31106416 +0.20054227
-0.94482969 +0.26044082 +0.19866411
-0.95840545 +0.20868317 +0.19470574
-0.96949926 +0.15626537 +0.18881823
-0.96475189 +0.12646438 +0.23078247
-0.97179246 +0.07337086 +0.22413417
-0.97554982 +0.01986236 +0.21887906
-0.97583736 -0.03368681 +0.21588572
-0.97297514 -0.08613621 +0.21424271
-0.96749331 -0.13763022 +0.21216649
-0.95957473 -0.18825612 +0.20922707
-0.94926790 -0.23804821 +0.20548360
-0.93663280 -0.28691169 +0.20099922
-0.92172368 -0.33477627 +0.19583232
-0.90459564 -0.38158144 +0.19000614
-0.88523690 -0.42733746 +0.18367993
-0.86344724 -0.47211499 +0.17766906
-0.84001334 -0.51549973 +0.16922652
-0.81093029 -0.56007930 +0.16942030
-0.80155733 -0.58462330 +0.12538522
-0.77011618 -0.62335882 +0.13544316
-0.73671415 -0.66081149 +0.14345882
-0.70139400 -0.69662268 +0.15087509
-0.66415664 -0.73078157 +0.15765233
-0.62503995 -0.76321257 +0.16380366
-0.58411588 -0.79382671 +0.16925656
-0.54152708 -0.82267239 +0.17308544
-0.49689072 -0.84995995 +0.17512194
-0.44996478 -0.87546131 +0.17634960
-0.40109560 -0.89870134 +0.17736469
-0.35079601 -0.91932639 +0.17827269
-0.29959406 -0.93710609 +0.17909653
-0.24791331 -0.95198262 +0.17963320
-0.19594741 -0.96406036 +0.17942195
-0.14384485 -0.97342459 +0.17819434
-0.09174338 -0.98012010 +0.17591969
-0.03972194 -0.98416212 +0.17276310
+0.01219513 -0.98554405 +0.16897990
+0.04142520 -0.97589878 +0.21425575
+0.09336467 -0.97325617 +0.20989393
+0.11555485 -0.98026948 +0.16037089
+0.19604915 -0.95982622 +0.20074451
+0.21756691 -0.96435882 +0.15058790
+0.26829369 -0.95223157 +0.14585450
+0.31922234 -0.93641167 +0.14570613
+0.36813528 -0.91776523 +0.14894092
+0.41646594 -0.89650450 +0.15111518
+0.46424058 -0.87246032 +0.15262265
+0.48351072 -0.85235164 +0.19928386
+0.52940075 -0.82421373 +0.20101386
+0.57352276 -0.79380512 +0.20234890
+0.61585252 -0.76125505 +0.20301828
+0.65645667 -0.72659724 +0.20278337
+0.69529123 -0.68984288 +0.20170997
+0.73220352 -0.65106227 +0.19998981
+0.76699765 -0.61039418 +0.19782203
+0.79947924 -0.56802136 +0.19540902
+0.82949621 -0.52413479 +0.19292162
+0.85697597 -0.47889369 +0.19040226
+0.88195712 -0.43235778 +0.18766563
+0.90449862 -0.38451365 +0.18447627
+0.91923365 -0.36938653 +0.13624642
+0.93815674 -0.31992552 +0.13232385
+0.95477763 -0.26902907 +0.12658210
+0.95809067 -0.23310296 +0.16650908
+0.97060918 -0.18156071 +0.15796683
+0.97760834 -0.09155874 +0.18947015
+0.98717858 -0.07658838 +0.14004528
+0.98404441 -0.03996321 +0.17337688
+0.99355280 -0.02114838 +0.11138029
+0.99350822 +0.03291557 +0.10889440
+0.99575112 +0.06484231 +0.06538480
+0.99050893 +0.11773829 +0.07092070
+0.98248888 +0.16972821 +0.07686309
+0.97177686 +0.22087091 +0.08285999
+0.95839079 +0.27131166 +0.08875284
+0.94235144 +0.32097603 +0.09459465
+0.92366921 +0.36987832 +0.10012603
+0.90233662 +0.41809091 +0.10482662
+0.88645948 +0.43661704 +0.15347688
+0.86131343 +0.48351011 +0.15606779
+0.83383650 +0.52915872 +0.15718693
+0.80418263 +0.57335875 +0.15668457
+0.77253013 +0.61591872 +0.15440637
+0.73910138 +0.65663100 +0.15021611
+0.70414787 +0.69527181 +0.14412804
+0.66770801 +0.73174337 +0.13681249
+0.62940837 +0.76619319 +0.12958821
+0.58926452 +0.79858785 +0.12257556
+0.54729963 +0.82887690 +0.11587145
+0.50360042 +0.85699411 +0.10930556
+0.45803086 +0.88294128 +0.10306522
+0.41031623 +0.90669550 +0.09769269
+0.35979033 +0.92816844 +0.09515387
+0.30767739 +0.94672112 +0.09515118
+0.25548866 +0.96185869 +0.09774148
+0.20408633 +0.97357595 +0.10246290
+0.15276732 +0.98242252 +0.10727599
+0.12825890 +0.97910459 +0.15780957
+0.07711743 +0.98368790 +0.16251467
+0.02580361 +0.98564320 +0.16685820
-0.02564812 +0.98498755 +0.17070939
-0.05342370 +0.99079647 +0.12437147
-0.10522606 +0.98625099 +0.12742239
-0.15713149 +0.97904295 +0.12955541
-0.20904792 +0.96913389 +0.13068466
-0.26081331 +0.95646434 +0.13096708
-0.31221586 +0.94097254 +0.13073614
-0.36291554 +0.92267854 +0.13021761
-0.41250339 +0.90170628 +0.12948645
-0.46061643 +0.87821738 +0.12871186
-0.50693579 +0.85243181 +0.12796918
-0.55136708 +0.82457003 +0.12680143
-0.59426967 +0.79449864 +0.12496189
-0.61943111 +0.78121546 +0.07750809
-0.66040558 +0.74687407 +0.07774049
-0.69929132 +0.71041807 +0.07935873
-0.73571160 +0.67227344 +0.08232166
-0.76957596 +0.63271861 +0.08613942
-0.80111119 +0.59171450 +0.08997119
-0.83037823 +0.54928191 +0.09360220
-0.83860822 +0.52540847 +0.14381306
-0.86433301 +0.48094815 +0.14702834
-0.88779335 +0.43517688 +0.14981339
-0.90898060 +0.38811944 +0.15204465
-0.92791393 +0.33973104 +0.15348800
-0.94467150 +0.28984350 +0.15357895
-0.95935267 +0.23826309 +0.15123872
-0.97165231 +0.18562087 +0.14641270
-0.98125091 +0.13287256 +0.13961211
-0.97783976 +0.10340177 +0.18203702
-0.98313592 +0.05055794 +0.17574886
-0.98512790 -0.00329321 +0.17179111
-0.98401509 -0.05686720 +0.16876145
-0.98000762 -0.10937790 +0.16619728
-0.97340660 -0.16083871 +0.16312726
-0.96429974 -0.21144701 +0.15942454
-0.95277526 -0.26115959 +0.15496764
-0.93887326 -0.30993583 +0.14985585
-0.92262531 -0.35774960 +0.14414494
-0.90402043 -0.40461409 +0.13796561
-0.88291879 -0.45061817 +0.13190027
-0.85955841 -0.49555163 +0.12485155
-0.83202334 -0.54102499 +0.12259333
-0.82163619 -0.56480405 +0.07687884
-0.79023315 -0.60744091 +0.08091419
-0.75782744 -0.64621157 +0.09004544
-0.72344804 -0.68341035 +0.09784284
-0.68716105 -0.71885463 +0.10515568
-0.64897919 -0.75253382 +0.11188774
-0.60894468 -0.78438403 +0.11801726
-0.56710735 -0.81437960 +0.12318733
-0.52330029 -0.84263999 +0.12694350
-0.47729342 -0.86916338 +0.12940637
-0.42921361 -0.89364328 +0.13106249
-0.37946741 -0.91570868 +0.13221986
-0.32850747 -0.93509131 +0.13299281
-0.27678587 -0.95162911 +0.13338520
-0.22468120 -0.96528624 +0.13319470
-0.17243676 -0.97612466 +0.13208414
-0.12023420 -0.98420827 +0.12991463
-0.06815534 -0.98957999 +0.12683171
-0.01618745 -0.99225901 +0.12312604
+0.03567860 -0.99224870 +0.11903591
+0.06397675 -0.98425058 +0.16479614
+0.08743118 -0.98954118 +0.11473464
+0.16681218 -0.97360800 +0.15575993
+0.19049452 -0.97598594 +0.10565646
+0.24213058 -0.96493559 +0.10135134
+0.29439255 -0.95049137 +0.09949468
+0.34563932 -0.93297577 +0.10044740
+0.39490666 -0.91291352 +0.10313892
+0.44308755 -0.89027964 +0.10524060
+0.49021974 -0.86501972 +0.10689008
+0.51079953 -0.84576733 +0.15414752
+0.55578802 -0.81664072 +0.15555580
+0.59911657 -0.78522431 +0.15646764
+0.64070564 -0.75163051 +0.15667754
+0.68050529 -0.71593048 +0.15606441
+0.71840298 -0.67820938 +0.15469067
+0.75423828 -0.63859740 +0.15270224
+0.78784425 -0.59725792 +0.15028109
+0.81907903 -0.55435800 +0.14763725
+0.84784864 -0.51004232 +0.14494658
+0.87411624 -0.46441941 +0.14225125
+0.89790077 -0.41753580 +0.13942048
+0.91140786 -0.40139330 +0.09065938
+0.93153131 -0.35295305 +0.08759886
+0.94925606 -0.30310852 +0.08389367
+0.96472195 -0.25140441 +0.07814976
+0.96921292 -0.21700142 +0.11634729
+0.98007146 -0.16708007 +0.10744385
+0.98025190 -0.12942814 +0.14951445
+0.98811062 -0.11750535 +0.09914583
+0.99345769 -0.06685305 +0.09258777
+0.99797358 +0.01093352 +0.06268321
+0.99894777 +0.04245151 +0.01735587
+0.99515258 +0.09596258 +0.02150628
+0.98854255 +0.14855011 +0.02676725
+0.97922700 +0.20017098 +0.03234298
+0.96726509 +0.25089173 +0.03809963
+0.95267516 +0.30079881 +0.04393309
+0.93546740 +0.34989506 +0.04974128
+0.91562832 +0.39821159 +0.05524766
+0.89308516 +0.44590897 +0.05970001
+0.87840084 +0.46550670 +0.10823805
+0.85197983 +0.51186211 +0.11012512
+0.82323179 +0.55687890 +0.11034182
+0.79234965 +0.60030079 +0.10872437
+0.75958882 +0.64186218 +0.10506077
+0.72527770 +0.68127178 +0.09920191
+0.68955567 +0.71839863 +0.09174085
+0.65194578 +0.75354803 +0.08445156
+0.61246496 +0.78669790 +0.07741505
+0.57112326 +0.81780944 +0.07075271
+0.52795724 +0.84682537 +0.06440451
+0.48285892 +0.87374046 +0.05852243
+0.43561354 +0.89854013 +0.05353940
+0.38586742 +0.92116231 +0.05065894
+0.33434270 +0.94114097 +0.04968527
+0.28193245 +0.95810949 +0.05040128
+0.22957200 +0.97184812 +0.05298989
+0.17774563 +0.98241944 +0.05708361
+0.12605128 +0.99011774 +0.06146499
+0.10137408 +0.98852742 +0.11196800
+0.04987488 +0.99194242 +0.11645914
-0.00172638 +0.99269417 +0.12064538
-0.02919782 +0.99681001 +0.07427853
-0.08107472 +0.99365485 +0.07795462
-0.13306624 +0.98779255 +0.08098926
-0.18520651 +0.97918114 +0.08308337
-0.23736811 +0.96776495 +0.08418661
-0.28929632 +0.95350130 +0.08451572
-0.34063963 +0.93640868 +0.08428179
-0.39098589 +0.91659476 +0.08357086
-0.43995221 +0.89422311 +0.08250507
-0.48727869 +0.86945305 +0.08130727
-0.53287704 +0.84240276 +0.07999782
-0.57684682 +0.81307521 +0.07846310
-0.60113074 +0.79855570 +0.03083214
-0.64298903 +0.76526319 +0.03061637
-0.68296686 +0.72977253 +0.03143764
-0.72076941 +0.69237148 +0.03336445
-0.75617435 +0.65336279 +0.03629611
-0.78913096 +0.61293357 +0.03980919
-0.81973880 +0.57109438 +0.04335337
-0.84802198 +0.52789606 +0.04673836
-0.85736871 +0.50548595 +0.09696830
-0.88205881 +0.46040003 +0.10002031
-0.90442973 +0.41407767 +0.10269638
-0.92447403 +0.36652664 +0.10490944
-0.94220927 +0.31765680 +0.10646993
-0.95772424 +0.26716563 +0.10670895
-0.97117518 +0.21463294 +0.10368929
-0.98203931 +0.16171591 +0.09719443
-0.98986523 +0.11183047 +0.08752587
-0.98790729 +0.08114435 +0.13211657
-0.99473753 +0.05825312 +0.08428420
-0.99138360 +0.02736625 +0.12810011
-0.99186760 -0.02679925 +0.12442054
-0.98941095 -0.08033049 +0.12088420
-0.98420281 -0.13263424 +0.11727311
-0.97633474 -0.18409901 +0.11348145
-0.96594977 -0.23464646 +0.10900492
-0.95309642 -0.28427015 +0.10391198
-0.93780212 -0.33296372 +0.09829720
-0.92006371 -0.38074450 +0.09228435
-0.89979743 -0.42768867 +0.08629596
-0.87702862 -0.47371933 +0.08006746
-0.85083466 -0.51979617 +0.07676146
-0.83946623 -0.54258944 +0.02988543
-0.80914661 -0.58677121 +0.03132570
-0.77694781 -0.62853040 +0.03607829
-0.74364256 -0.66709198 +0.04454253
-0.70837442 -0.70390679 +0.05216229
-0.67120361 -0.73889111 +0.05937717
-0.63214333 -0.77202980 +0.06606671
-0.59123028 -0.80327117 +0.07212616
-0.54840451 -0.83263503 +0.07727478
-0.50348605 -0.86017287 +0.08126763
-0.45637359 -0.88581019 +0.08404433
-0.40732330 -0.90924109 +0.08583918
-0.35677521 -0.93013973 +0.08689960
-0.30518168 -0.94828059 +0.08733875
-0.25298646 -0.96353981 +0.08711424
-0.20058505 -0.97589305 +0.08601395
-0.14826205 -0.98538813 +0.08383676
-0.09612090 -0.99209186 +0.08071252
-0.04409962 -0.99605561 +0.07699644
+0.00784569 -0.99730537 +0.07294133
+0.05973207 -0.99584513 +0.06873539
+0.11156637 -0.99166085 +0.06451121
+0.13904491 -0.98412256 +0.11031456
+0.16336844 -0.98472077 +0.06029730
+0.21536624 -0.97489757 +0.05649880
+0.26784521 -0.96193249 +0.05426631
+0.32004757 -0.94587321 +0.05379050
+0.37091858 -0.92703403 +0.05502103
+0.42003517 -0.90569925 +0.05726547
+0.46783921 -0.88182887 +0.05919725
+0.51434267 -0.85542441 +0.06083339
+0.53601007 -0.83722762 +0.10836568
+0.58025331 -0.80703971 +0.10951253
+0.62283198 -0.77457577 +0.11005772
+0.66362679 -0.73995383 +0.10985361
+0.70252466 -0.70328690 +0.10884225
+0.73938330 -0.66471401 +0.10708703
+0.77404870 -0.62440361 +0.10473171
+0.80639171 -0.58252035 +0.10199243
+0.83632984 -0.53919216 +0.09911720
+0.86381985 -0.49451619 +0.09627571
+0.88884349 -0.44857214 +0.09348952
+0.90111478 -0.43131978 +0.04421990
+0.92241831 -0.38395727 +0.04148833
+0.94128681 -0.33538445 +0.03868352
+0.95774385 -0.28542548 +0.03548250
+0.97191477 -0.23329707 +0.03088944
+0.97834381 -0.19691052 +0.06379375
+0.98760421 -0.14721698 +0.05445255
+0.99427196 -0.09501369 +0.04894549
+0.99787816 -0.03837624 +0.05259689
+0.99990335 -0.00957590 +0.01007950
-0.99924933 -0.02040768 +0.03292883
-0.99693638 -0.07332889 +0.02721618
-0.99172565 -0.12632053 +0.02287687
-0.98380165 -0.17835561 +0.01798879
-0.97324442 -0.22942134 +0.01269486
-0.96009861 -0.27957214 +0.00707646
-0.94437792 -0.32885982 +0.00124796
+0.92607096 +0.37732163 +0.00457915
+0.90514326 +0.42498537 +0.01015406
+0.88139980 +0.47215346 +0.01433523
+0.86787621 +0.49282570 +0.06255964
+0.84015494 +0.53860117 +0.06362741
+0.81013324 +0.58287709 +0.06275685
+0.77809770 +0.62530050 +0.05969298
+0.74445581 +0.66547545 +0.05411078
+0.70949243 +0.70318167 +0.04643318
+0.67261357 +0.73896230 +0.03906027
+0.63384731 +0.77279664 +0.03198347
+0.59320038 +0.80465583 +0.02534361
+0.55068514 +0.83449302 +0.01916441
+0.50620478 +0.86230608 +0.01359977
+0.45958857 +0.88808665 +0.00896926
+0.41066132 +0.91176834 +0.00598040
+0.35989955 +0.93298019 +0.00450263
+0.30794389 +0.95139493 +0.00427185
+0.25542633 +0.96681400 +0.00529860
+0.20299302 +0.97914948 +0.00775430
+0.15093457 +0.98847831 +0.01137459
+0.09901991 +0.99496595 +0.01542143
+0.07435259 +0.99505348 +0.06588073
+0.02260702 +0.99727683 +0.07019868
-0.00474833 +0.99970448 +0.02384139
-0.05666428 +0.99800377 +0.02788597
-0.10863358 +0.99357907 +0.03161289
-0.16074210 +0.98638429 +0.03475651
-0.21307589 +0.97633847 +0.03690344
-0.26541798 +0.96338404 +0.03800635
-0.31735168 +0.94753659 +0.03824025
-0.36839835 +0.92890317 +0.03770346
-0.41809466 +0.90767056 +0.03648288
-0.46619817 +0.88399046 +0.03493045
-0.51271765 +0.85790699 +0.03340967
-0.55766620 +0.82945188 +0.03190596
+0.58111671 -0.81366738 +0.01577230
+0.62382422 -0.78139378 +0.01634316
+0.66474615 -0.74689650 +0.01606787
+0.70367608 -0.71036526 +0.01487174
+0.74041482 -0.67202913 +0.01275707
+0.77480848 -0.63211873 +0.00988563
+0.80680600 -0.59077935 +0.00662065
+0.83643144 -0.54806139 +0.00333975
+0.86367954 -0.50404127 +0.00020088
-0.87396597 +0.48341934 +0.04989223
-0.89754839 +0.43774592 +0.05277681
-0.91875225 +0.39093320 +0.05536734
-0.93757013 +0.34298675 +0.05763971
-0.95401501 +0.29379549 +0.05949422
-0.96818129 +0.24292553 +0.06010132
-0.98027101 +0.18974298 +0.05537467
-0.98884297 +0.14310631 +0.04135426
-0.99517787 +0.08952274 +0.04008354
+0.99786901 -0.06496975 +0.00603073
-0.99871325 +0.03442546 +0.03723885
-0.99673382 +0.00368608 +0.08067279
-0.99578446 -0.05054537 +0.07654071
-0.99202876 -0.10345019 +0.07195139
-0.98546238 -0.15573560 +0.06789934
-0.97627716 -0.20706767 +0.06329201
-0.96453847 -0.25745655 +0.05815204
-0.95027975 -0.30692721 +0.05257450
-0.93350663 -0.35550789 +0.04668529
-0.91417697 -0.40325739 +0.04079144
-0.89225530 -0.45017232 +0.03500513
-0.86730627 -0.49679824 +0.03116644
+0.85489273 +0.51854171 +0.01652031
+0.82585745 +0.56363580 +0.01655755
+0.79462443 +0.60693507 +0.01420686
+0.76168506 +0.64788525 +0.00897582
+0.72752747 +0.68607786 +0.00097829
-0.69142848 -0.72241566 +0.00650204
-0.65343204 -0.75686230 +0.01363922
-0.61354963 -0.78939550 +0.02028801
-0.57179262 -0.81997447 +0.02636432
-0.52807071 -0.84860957 +0.03167210
-0.48222466 -0.87530867 +0.03597369
-0.43416259 -0.89999329 +0.03892191
-0.38422977 -0.92234205 +0.04065267
-0.33293549 -0.94203954 +0.04141827
-0.28078236 -0.95888248 +0.04129963
-0.22827349 -0.97276750 +0.04018201
-0.17586052 -0.98368553 +0.03789274
-0.12371193 -0.99171496 +0.03459477
-0.07169781 -0.99695170 +0.03076917
+0.04713983 +0.99869533 +0.01963355
-0.01974076 -0.99944917 +0.02667680
+0.03219306 -0.99922824 +0.02250620
+0.08412230 -0.99628529 +0.01841384
+0.13607735 -0.99059192 +0.01451235
+0.18820303 -0.98206726 +0.01111354
+0.24066257 -0.97056825 +0.00887672
+0.29305758 -0.95606210 +0.00790592
+0.34474235 -0.93866251 +0.00808771
+0.39507496 -0.91860112 +0.00936834
+0.44377858 -0.89606585 +0.01125025
+0.49102527 -0.87104858 +0.01298265
+0.53681329 -0.84357561 +0.01454925
+0.55941393 -0.82655141 +0.06219979
+0.60291562 -0.79530760 +0.06307593
+0.64470230 -0.76181343 +0.06323964
+0.68461637 -0.72621163 +0.06258666
+0.72250313 -0.68866291 +0.06109524
+0.75820307 -0.64935768 +0.05884478
+0.79158659 -0.60848210 +0.05603749
+0.82258914 -0.56616284 +0.05297871
+0.85119083 -0.52247562 +0.04993386
+0.87737110 -0.47750370 +0.04701246
-0.88852907 +0.45881216 +0.00273947
-0.91095949 +0.41245945 +0.00547739
-0.93095676 +0.36504080 +0.00804509
-0.94851203 +0.31656664 +0.01051186
-0.96363371 +0.26691349 +0.01293278
-0.97643157 +0.21535470 +0.01427408
+0.98485386 -0.17313521 +0.00933176
+0.99263865 -0.12102632 +0.00459887