+0.85752862 -0.51398413 +0.02156339
-0.51174560 -0.61678579 +0.59807334
-0.67971387 -0.68785274 +0.25465205
+0.24836371 +0.50852446 +0.82445033
-0.33044788 -0.47844727 +0.81356771
-0.09709802 -0.99513786 +0.01651129
-0.56905902 +0.77799995 +0.26624783
-0.17441561 +0.79241398 +0.58451628
+0.99235041 +0.12060962 +0.02634339
+0.61222901 +0.66173507 +0.43276129
+0.35058607 +0.19122166 +0.91680079
-0.05144073 +0.90929431 +0.41296211
-0.70758894 +0.70603574 +0.02883451
-0.90720949 +0.37782272 +0.18498899
+0.87707869 +0.08695912 +0.47240988
-0.14001671 +0.10429860 +0.98464061
-0.56996291 -0.81874000 +0.06933315
-0.36045476 -0.61089935 +0.70489314
+0.50900594 +0.58076509 +0.63531478
+0.27472306 -0.35765284 +0.89253105
-0.87799587 +0.31376718 +0.36148779
-0.04630652 +0.65598723 +0.75335016
+0.93847561 +0.10298686 +0.32963196
+0.00250103 +0.53816410 +0.84283637
+0.61154066 +0.74563538 +0.26466186
-0.38720497 +0.90637567 +0.16898363
-0.13890881 -0.43674219 +0.88879728
-0.90853570 -0.40980946 +0.08135776
-0.06977749 -0.05821059 +0.99586276
-0.99932799 +0.03013035 +0.02087399
-0.57906378 -0.61250515 +0.53807302
+0.49429433 -0.81297644 +0.30780257
-0.17838096 +0.94086333 +0.28802156
+0.18640937 -0.96140162 +0.20238202
+0.31702955 -0.79115107 +0.52304135
+0.43536340 -0.39253459 +0.81016992
+0.12230745 -0.89270680 +0.43372278
+0.81955548 +0.40630386 +0.40403711
+0.47249661 +0.83221077 +0.29012442
-0.61622663 -0.40474904 +0.67560562
-0.98325480 +0.05727497 +0.17300167
-0.62645888 -0.70915910 +0.32348516
+0.51851047 +0.15477347 +0.84094712
+0.49765126 +0.38206567 +0.77869702
+0.25829880 -0.27513637 +0.92605708
+0.11224651 -0.70693964 +0.69831015
+0.21286319 +0.70960042 +0.67168185
-0.30861495 -0.11346641 +0.94439514
+0.79348603 +0.06757525 +0.60482518
+0.05893778 -0.15253418 +0.98653924
+0.74087523 -0.52255299 +0.42195055
+0.00399383 +0.96985976 +0.24363105
+0.03987390 +0.67884870 +0.73319473
+0.08572288 -0.00083017 +0.99631867
-0.28307868 +0.63330302 +0.72027339
-0.94183115 -0.32776554 +0.07432254
+0.34173322 +0.85155365 +0.39758620
+0.22617951 +0.28492780 +0.93148214
+0.69475659 -0.45099528 +0.56028255
+0.31489426 +0.27468765 +0.90850883
+0.93873410 -0.31705217 +0.13511553
-0.37033478 -0.73425791 +0.56896174
+0.40400359 -0.22486547 +0.88668857
-0.18901171 -0.98112801 +0.04077263
-0.62621065 +0.47471217 +0.61847278
-0.87249804 +0.23600528 +0.42784188
-0.47146145 -0.40878591 +0.78142062
+0.29816718 +0.71356204 +0.63397598
-0.62637004 +0.54644210 +0.55593309
+0.75084644 +0.01061246 +0.66039155
+0.00706011 +0.39220570 +0.91985045
+0.03335458 -0.91135717 +0.41026281
+0.64154575 +0.20339054 +0.73962919
-0.79715828 -0.37321156 +0.47460700
+0.18816444 +0.36208097 +0.91295756
-0.83720038 +0.31878435 +0.44437828
-0.96786667 -0.24236104 +0.06704648
+0.53071695 +0.84009691 +0.11214590
+0.90301561 +0.14252476 +0.40527707
+0.56948476 -0.01825924 +0.82179907
-0.43669411 +0.83613152 +0.33193726
-0.83799989 -0.51735955 +0.17347989
-0.76361168 +0.17089557 +0.62264910
+0.07006284 +0.47474872 +0.87732825
-0.64184706 -0.60278545 +0.47400638
-0.17668463 -0.94370554 +0.27964692
+0.27000863 -0.03241799 +0.96231201
+0.89732146 +0.28723563 +0.33512667
-0.04859505 -0.91858736 +0.39221905
+0.75611798 +0.65128719 +0.06411403
-0.73294942 +0.32812372 +0.59591943
-0.50484290 -0.55099936 +0.66447976
-0.06891959 +0.58100993 +0.81097321
+0.38098146 -0.80387913 +0.45676194
-0.86444615 -0.05614793 +0.49958009
-0.41580847 -0.83613993 +0.35773362
+0.83172133 +0.49973524 +0.24187667
-0.57474355 -0.54873583 +0.60709047
+0.77540112 +0.61385719 +0.14809611
+0.59404497 -0.71095337 +0.37637200
+0.91429325 -0.34027095 +0.21973516
-0.42896785 -0.55027910 +0.71636548
+0.03005950 -0.98924705 +0.14313177
-0.93374284 +0.29889749 +0.19693805
+0.90246097 -0.40198727 +0.15482390
-0.33736095 -0.87948022 +0.33571137
-0.91011784 +0.06926463 +0.40851918
+0.74840668 -0.38086319 +0.54298312
-0.90715171 +0.23357571 +0.35002594
-0.56751295 +0.15281586 +0.80905894
+0.27876522 +0.94435145 +0.17461467
-0.03536763 -0.14012519 +0.98950193
-0.48523030 -0.25577890 +0.83613917
+0.44801287 +0.64889516 +0.61499556
-0.31849933 +0.35825163 +0.87761833
+0.73025783 +0.56389738 +0.38567246
+0.84456186 +0.03226879 +0.53448479
-0.21819799 -0.12250122 +0.96818546
+0.60999027 -0.19434769 +0.76820625
-0.99413513 -0.00244586 +0.10811736
-0.19085256 -0.58376976 +0.78916929
+0.64188576 -0.70694646 +0.29700062
-0.94972986 -0.27383530 +0.15174790
-0.69296515 -0.64029682 +0.33138994
-0.51234452 -0.67790733 +0.52720465
+0.39298187 +0.91720090 +0.06563349
+0.37527444 +0.46800844 +0.80008575
-0.36152109 -0.92793934 +0.09072531
+0.26374169 +0.86146789 +0.43395091
-0.25763588 -0.52168197 +0.81330909
-0.49307431 +0.45813311 +0.73958892
+0.58211956 -0.80029061 +0.14377676
-0.56039351 +0.61305363 +0.55688811
+0.54401520 +0.80053727 +0.25137132
+0.66369519 -0.65124592 +0.36795033
+0.97821400 -0.20618794 +0.02416395
-0.87238566 +0.48442875 +0.06536092
-0.46016907 +0.30055023 +0.83541247
+0.72037638 +0.51567871 +0.46382469
+0.67693136 -0.21064053 +0.70526201
-0.88870253 -0.33012097 +0.31816340
-0.67300671 +0.32492714 +0.66444287
-0.51545087 +0.78662663 +0.33989549
-0.83264888 +0.01302929 +0.55364798
+0.26684614 -0.71054595 +0.65108954
+0.06957976 -0.53077365 +0.84465259
+0.43916791 -0.06873590 +0.89577169
+0.74770103 -0.45415179 +0.48444743
-0.84645621 -0.35353191 +0.39815459
-0.63731478 -0.65863333 +0.40004001
-0.89013123 -0.12033573 +0.43952895
-0.00940574 +0.01196410 +0.99988419
-0.04451858 +0.09329429 +0.99464279
+0.57613029 -0.50642667 +0.64156521
+0.29540384 -0.84227574 +0.45089705
-0.49576466 -0.86711422 +0.04827352
+0.55033657 +0.72567304 +0.41295072
-0.65812141 +0.24326529 +0.71252945
-0.77737332 +0.25083225 +0.57686558
-0.74171549 -0.38859210 +0.54667570
-0.84594307 -0.53321999 +0.00753389
-0.76456366 +0.58415390 +0.27240894
-0.92326635 -0.30337491 +0.23567544
-0.25242937 +0.50478236 +0.82551450
-0.82105742 -0.56301890 +0.09420420
-0.31187066 +0.82914871 +0.46394947
+0.83531366 -0.53929561 +0.10682382
-0.05353963 -0.29836250 +0.95294980
-0.87900522 +0.03104263 +0.47580057
-0.12689301 -0.13183856 +0.98311584
-0.42368267 +0.66639767 +0.61352028
-0.21272074 +0.59764108 +0.77302977
+0.70522877 -0.05529290 +0.70682040
+0.50851405 -0.41149931 +0.75636088
-0.91034673 +0.15232104 +0.38479492
+0.83416286 +0.26817048 +0.48193040
+0.74817232 +0.24198362 +0.61780427
+0.48648045 +0.52218456 +0.70047131
-0.59004502 +0.23593154 +0.77212899
-0.88920987 -0.38694485 +0.24408912
+0.14301319 -0.84889156 +0.50885200
+0.44312807 -0.47254622 +0.76179891
+0.03033850 -0.30251692 +0.95266106
-0.12424165 -0.89485853 +0.42870996
-0.41878986 -0.90777284 +0.02373858
+0.63606464 +0.48747370 +0.59815647
-0.35225666 +0.50653786 +0.78697817
+0.44034691 -0.81117427 +0.38482581
+0.79901265 -0.38109483 +0.46512956
+0.13831221 -0.48229508 +0.86502092
-0.08699513 +0.99570025 +0.03182534
-0.05346633 +0.32948685 +0.94264509
+0.74278577 -0.21453577 +0.63422685
-0.51597818 +0.22787756 +0.82573503
+0.25875403 +0.58888012 +0.76568045
+0.66910317 +0.59083574 +0.45079272
+0.05508083 -0.60135298 +0.79708262
-0.66094616 -0.32614354 +0.67585544
-0.11903540 +0.98585335 +0.11799894
+0.24773769 +0.81654056 +0.52142838
-0.94188083 +0.08916186 +0.32389916
+0.90160584 +0.42397607 +0.08573922
+0.71043903 +0.18271565 +0.67962591
+0.95223137 +0.15931877 +0.26052437
-0.78650363 -0.59123193 +0.17848488
-0.55780176 -0.09298032 +0.82474957
-0.25329261 +0.42552022 +0.86877810
+0.74640467 -0.66368192 +0.04905479
+0.88188193 -0.19994430 +0.42697371
+0.09847305 +0.97022511 +0.22128331
-0.15881327 +0.84461650 +0.51127421
-0.68250548 +0.40284649 +0.60983685
+0.19819972 -0.67434903 +0.71131586
-0.30082970 +0.94093666 +0.15536955
-0.93497086 +0.35395079 +0.02341656
-0.81593992 -0.22549625 +0.53234716
+0.09660745 -0.97386741 +0.20554625
-0.92856394 -0.09381796 +0.35912003
+0.68220392 +0.26680366 +0.68074490
+0.14779998 -0.98846124 +0.03315934
+0.76433689 -0.07688590 +0.64021690
+0.79559195 -0.45069456 +0.40485537
-0.80485944 -0.43441207 +0.40433579
+0.69033575 -0.52320422 +0.49969380
-0.79018886 -0.15525161 +0.59287310
+0.61482808 +0.70649908 +0.35049321
+0.40087896 +0.25980542 +0.87851989
-0.51973451 -0.33227463 +0.78706392
+0.26200242 +0.20430618 +0.94319336
+0.04174355 -0.46212961 +0.88582939
-0.19897294 +0.03275504 +0.97945744
-0.69996262 -0.58747260 +0.40611362
-0.56472048 +0.54308805 +0.62140659
+0.14661074 +0.43554357 +0.88814813
+0.02513497 -0.07015218 +0.99721959
-0.93893224 +0.17609886 +0.29562718
+0.91883673 -0.27540828 +0.28264704
-0.27087745 +0.96000528 +0.07081859
-0.93872687 +0.00120810 +0.34465985
+0.93778692 +0.29836308 +0.17758141
-0.70394894 +0.16603432 +0.69057113
+0.12542101 +0.92335603 +0.36288182
-0.00161038 +0.83562097 +0.54930411
-0.08797926 +0.95968157 +0.26696616
+0.59131105 -0.10680716 +0.79933940
-0.39514665 +0.78611115 +0.47527716
+0.38363405 -0.89359999 +0.23303213
+0.58698997 +0.79004565 +0.17683508
-0.37855676 +0.05168861 +0.92413368
+0.21066909 -0.10116654 +0.97230852
+0.91448026 -0.21116217 +0.34516140
+0.47662974 +0.74480416 +0.46700198
-0.21127542 +0.96759186 +0.13830655
+0.29613555 +0.12142320 +0.94739651
+0.57036875 -0.76328143 +0.30344841
+0.97767393 +0.20932673 +0.01833041
-0.68073538 -0.73208150 +0.02561280
+0.34171860 -0.29166221 +0.89339888
+0.02365687 -0.73250699 +0.68034834
-0.98734894 -0.09442360 +0.12738236
-0.28894483 -0.66147898 +0.69206679
-0.40100741 -0.87481160 +0.27184133
+0.65114462 +0.74739458 +0.13195461
+0.70868619 -0.64429492 +0.28748554
-0.94999774 -0.21623074 +0.22527443
-0.75597412 -0.51235714 +0.40742274
+0.92350283 -0.37748667 +0.06816402
+0.80655321 -0.02376336 +0.59068369
+0.94504714 -0.18287507 +0.27100296
-0.27233071 +0.69934891 +0.66086843
+0.86680031 +0.37292323 +0.33103699
+0.11947336 -0.08439786 +0.98924371
+0.06210669 -0.95686540 +0.28381574
-0.38287244 -0.90562706 +0.18234120
+0.46487821 -0.85480719 +0.23063589
+0.40140537 -0.74978722 +0.52601601
-0.98191360 +0.17844465 +0.06327070
-0.19144141 -0.82076102 +0.53823930
-0.22688157 -0.27761573 +0.93351714
+0.06709463 +0.99519102 +0.07136624
-0.96519320 +0.02715696 +0.26012416
+0.88376271 -0.28834664 +0.36853723
-0.14115887 +0.33253611 +0.93246657
+0.77896765 +0.29910533 +0.55113102
-0.96225423 +0.23915797 +0.12988554
-0.04050224 -0.44340735 +0.89540465
-0.01560868 +0.46521256 +0.88506138
-0.17447914 -0.51141493 +0.84143437
-0.91988414 +0.27753870 +0.27710186
+0.41877285 -0.68947324 +0.59097881
+0.16140160 +0.50724559 +0.84655268
-0.98640704 -0.15379695 +0.05785889
-0.44044016 -0.73715659 +0.51245745
-0.35505069 +0.65301529 +0.66896191
-0.08516856 +0.41357109 +0.90647960
-0.22607029 +0.86397638 +0.44993005
-0.29040440 +0.04233867 +0.95596691
-0.34347991 +0.71776014 +0.60567478
-0.41810411 +0.44573974 +0.79152071
-0.68605099 +0.47592194 +0.55030206
+0.58495952 +0.56338018 +0.58345963
-0.47949596 -0.09854292 +0.87199365
+0.07083339 +0.79814386 +0.59828840
+0.49795782 -0.32884244 +0.80243421
+0.80521627 -0.59175440 +0.03812480
+0.67990952 +0.40812846 +0.60922426
+0.60154658 +0.79445380 +0.08357550
+0.54575025 +0.06918136 +0.83508718
+0.32739497 +0.81299369 +0.48151199
+0.35659744 -0.85170378 +0.38397777
+0.77835872 +0.48696151 +0.39626530
-0.96266197 +0.26733453 +0.04259321
-0.26520589 +0.19592551 +0.94407576
-0.54944934 +0.67764862 +0.48877169
-0.44336591 -0.18024191 +0.87803162
-0.11488007 -0.85305262 +0.50902240
-0.08458203 -0.96274690 +0.25683513
-0.78510038 +0.52291590 +0.33192823
+0.79429689 -0.22178629 +0.56559994
+0.29617345 -0.95171031 +0.08080083
-0.11585849 +0.69921927 +0.70545675
-0.22513165 -0.77033921 +0.59656789
-0.69744974 -0.08376859 +0.71172093
+0.48724637 +0.23803410 +0.84019685
-0.83960629 +0.38730017 +0.38086723
+0.66007213 -0.12533712 +0.74067226
+0.88401928 -0.01090088 +0.46732332
+0.09975044 +0.88918810 +0.44653597
+0.14424332 -0.56555669 +0.81199722
+0.95543770 +0.29495187 +0.01192443
+0.23082861 -0.82393657 +0.51753906
-0.25967557 +0.76001941 +0.59576765
-0.95310820 +0.21141573 +0.21653670
+0.18150530 -0.73998677 +0.64766921
+0.63552371 -0.36045283 +0.68277622
+0.20949630 -0.87149900 +0.44339687
+0.56728836 +0.22089584 +0.79334037
+0.32817748 -0.89264526 +0.30900482
+0.15066081 -0.16964488 +0.97392091
-0.72777004 -0.66123488 +0.18198684
+0.36754164 -0.45238432 +0.81256481
+0.33567626 -0.73413232 +0.59022978
-0.90766678 +0.40866388 +0.09557640
+0.34332384 +0.59580494 +0.72604767
+0.04046313 -0.66903455 +0.74212904
-0.43148587 +0.59706559 +0.67626372
-0.37972414 +0.28925709 +0.87871492
-0.34655303 -0.54596652 +0.76277229
+0.82656937 +0.54048155 +0.15704386
-0.41105531 +0.72945397 +0.54674531
-0.97230619 -0.18547779 +0.14219234
-0.29110220 +0.87509439 +0.38661263
+0.81261157 +0.57839409 +0.07157314
-0.01643596 +0.78283363 +0.62201396
-0.99214204 +0.09010602 +0.08680483
+0.55737399 -0.64798218 +0.51908894
-0.10349944 -0.57364951 +0.81253560
+0.23687978 -0.18878515 +0.95302053
-0.30557922 -0.41239289 +0.85822692
+0.66727696 +0.11861062 +0.73530468
-0.68363866 +0.54459821 +0.48585077
-0.03402974 -0.99622595 +0.07984879
+0.52714378 +0.63418560 +0.56562184
-0.56199446 -0.25301650 +0.78749278
+0.80607276 -0.56018020 +0.19090534
+0.87396088 -0.42233943 +0.24046162
-0.06407696 -0.98405396 +0.16592755
-0.61892649 +0.61354796 +0.49039668
+0.88359824 -0.45985529 +0.08824545
-0.52166133 +0.84717993 +0.10077515
+0.35174464 -0.67142984 +0.65227117
+0.83808846 -0.43986254 +0.32268975
+0.88160222 +0.23428514 +0.40974138
+0.96594694 -0.10884845 +0.23473074
-0.43965364 -0.61588602 +0.65375002
+0.44275079 -0.55041800 +0.70782185
+0.38296907 -0.92095257 +0.07197956
+0.85948254 +0.17908608 +0.47876711
+0.78480158 +0.53323107 +0.31583399
+0.03645874 +0.92048377 +0.38907632
-0.74040100 -0.67190645 +0.01865694
+0.99590357 -0.05164568 +0.07422125
-0.11523719 +0.92911445 +0.35137832
-0.59872181 -0.17155776 +0.78236828
-0.74085584 +0.47216871 +0.47769168
+0.74454391 +0.38288756 +0.54685600
+0.25990782 -0.95167073 +0.16361766
-0.60602563 +0.67541277 +0.42017915
-0.26554899 -0.34891051 +0.89874645
+0.36708038 +0.91712285 +0.15536306
-0.24463477 +0.81499342 +0.52529950
-0.90845616 -0.18339412 +0.37559819
-0.08835152 +0.81745423 +0.56917712
+0.53854104 -0.17580796 +0.82405407
+0.23848778 +0.05303102 +0.96969649
+0.00444810 +0.99996244 +0.00743916
-0.75870861 -0.07852713 +0.64667978
-0.47788368 -0.82774606 +0.29404702
+0.99320554 -0.11628752 +0.00446765
-0.82441793 +0.56414449 +0.04556403
-0.13904507 +0.89049592 +0.43322451
+0.43576047 +0.17494286 +0.88289739
+0.97568775 +0.11926537 +0.18387275
+0.26873930 -0.88779246 +0.37363584
-0.41315756 +0.87525240 +0.25146386
-0.75236976 -0.45277852 +0.47846771
+0.96659544 +0.06453954 +0.24804820
-0.08742372 -0.50298372 +0.85986305
+0.97110960 -0.02109070 +0.23770007
-0.94297544 -0.15583826 +0.29412882
+0.78391882 +0.57557047 +0.23278727
+0.51951951 -0.76436137 +0.38190467
-0.16321618 -0.04921813 +0.98536189
-0.28845185 +0.56160928 +0.77549374
-0.25788402 -0.91513740 +0.30986994
-0.86586140 -0.20680294 +0.45553987
+0.82929255 +0.45493600 +0.32451056
+0.38214122 +0.87418335 +0.29961902
-0.29505503 +0.27637262 +0.91463692
-0.44297229 +0.89150388 +0.09484927
+0.11004354 -0.32634660 +0.93882284
-0.59293377 -0.33000896 +0.73452272
-0.43064313 -0.02297270 +0.90222988
+0.72440882 -0.14227238 +0.67452979
+0.30931544 +0.94681057 +0.08873391
+0.94684187 +0.01140186 +0.32149725
-0.34917326 -0.83780232 +0.41972052
-0.39172581 -0.40883523 +0.82426006
-0.11856140 -0.64136256 +0.75802194
-0.74485193 +0.63817432 +0.19475403
-0.88930802 -0.45730747 +0.00105480
+0.11082051 +0.15028423 +0.98241206
+0.27681398 +0.35680163 +0.89222566
+0.73332942 +0.09720575 +0.67288855
+0.46458732 -0.88294959 +0.06751769
-0.57702364 -0.67119418 +0.46534083
+0.19350922 +0.64669977 +0.73778967
-0.32336660 +0.12471877 +0.93801880
-0.22723744 -0.44271720 +0.86738955
+0.50823548 -0.56749085 +0.64780463
+0.83900993 -0.23482964 +0.49083336
-0.49493616 +0.86877045 +0.01661647
+0.98483595 -0.07568297 +0.15610968
-0.41384105 -0.48119024 +0.77278169
-0.54631798 -0.40765810 +0.73167721
+0.20186923 -0.42695626 +0.88145174
+0.25006348 -0.77013640 +0.58682040
+0.06510297 +0.95037098 +0.30423117
-0.48855757 +0.67462314 +0.55334900
-0.11212935 -0.93474587 +0.33716046
+0.12905509 +0.98241953 +0.13489493
-0.56202992 +0.46838025 +0.68172011
+0.30169562 +0.89319326 +0.33344498
-0.35361939 +0.87871241 +0.32065219
-0.63336229 -0.24979064 +0.73243214
+0.63831405 -0.44104031 +0.63090302
-0.68207569 +0.08131080 +0.72674707
+0.65240652 -0.74503327 +0.13889261
-0.13257565 -0.70525798 +0.69644445
-0.74049812 +0.40192215 +0.53862893
+0.49728391 -0.63799561 +0.58793734
-0.91946584 -0.24470409 +0.30773768
-0.53417830 +0.73574493 +0.41633273
-0.16942140 +0.40620520 +0.89793860
-0.84337761 -0.14145695 +0.51836681
-0.43728351 +0.21799475 +0.87250296
+0.34701573 -0.92504270 +0.15451887
+0.41400062 +0.39532529 +0.81995207
-0.52384650 -0.17530187 +0.83357909
+0.39621301 +0.75758130 +0.51873482
-0.81839065 +0.17268484 +0.54810281
-0.26719628 +0.91376940 +0.30599286
+0.31652306 +0.42873298 +0.84616853
+0.62047204 +0.78422715 +0.00149255
-0.70047065 -0.52960970 +0.47838733
+0.61462323 -0.78657033 +0.05954336
-0.10506389 +0.02324714 +0.99419372
-0.39600904 -0.10568501 +0.91214446
+0.41271532 +0.01924883 +0.91065666
+0.98556701 -0.14283129 +0.09086741
+0.93504002 +0.34235480 +0.09215932
+0.71721165 +0.68318025 +0.13737610
-0.24000034 -0.94579338 +0.21880294
+0.16887099 +0.21911619 +0.96097382
-0.44123431 -0.33381441 +0.83299473
-0.96469301 +0.11666165 +0.23613018
-0.83542953 +0.44648516 +0.32048168
+0.71685459 +0.32621100 +0.61620279
-0.73635608 +0.53729824 +0.41120595
+0.65559539 +0.54134112 +0.52644513
-0.68124057 -0.39898860 +0.61377470
-0.30178727 -0.94056799 +0.15574437
+0.91498969 +0.04907589 +0.40048148
-0.32845835 +0.91379288 +0.23895120
-0.58864263 -0.79201604 +0.16189640
+0.82973742 +0.12407932 +0.54418759
-0.58767232 -0.00920242 +0.80904670
-0.27479136 -0.59507328 +0.75523341
+0.62695388 -0.58805517 +0.51099898
-0.76858004 +0.63886360 +0.03373459
-0.15722323 +0.55305802 +0.81817338
-0.00067780 -0.97402630 +0.22643391
-0.01841599 -0.83914656 +0.54359351
+0.54794408 +0.83627425 +0.02006647
-0.07923700 +0.17394134 +0.98156299
+0.12270308 -0.98466619 +0.12400181
+0.84384507 -0.37423679 +0.38454171
-0.85073814 -0.41234676 +0.32590606
-0.20482646 -0.65113897 +0.73079694
+0.43324485 -0.62300207 +0.65128129
-0.79998885 +0.56707638 +0.19606685
+0.61494722 -0.75665170 +0.22207685
+0.56953091 -0.58037877 +0.58206102
-0.82995610 +0.24412812 +0.50157186
+0.90625441 +0.33694704 +0.25528344
+0.17425289 +0.85169473 +0.49421859
-0.69430792 -0.46681948 +0.54773724
+0.68814455 +0.03231145 +0.72485381
+0.27887063 +0.65492947 +0.70235217
-0.68418231 +0.70348848 +0.19235002
+0.21292147 -0.60028701 +0.77092149
-0.02574546 +0.94400583 +0.32892273
-0.41453315 +0.90996455 +0.01125952
-0.09307927 -0.80867447 +0.58084581
-0.23404464 +0.34367232 +0.90945722
-0.79929082 -0.54374200 +0.25588830
-0.79024548 +0.46356388 +0.40077501
-0.87252262 +0.15393052 +0.46369135
-0.27691589 -0.83214933 +0.48046340
+0.57557545 +0.36731540 +0.73061091
+0.18335342 -0.91303972 +0.36433499
-0.74367603 +0.08677758 +0.66288432
+0.99056610 +0.08275179 +0.10922889
+0.54852362 +0.76808888 +0.33039569
+0.29599789 -0.50848995 +0.80859335
+0.48189968 -0.70206173 +0.52429193
+0.05877399 -0.99662612 +0.05728865
-0.60796431 +0.31814536 +0.72743586
-0.60968574 -0.75398072 +0.24453299
+0.84440400 -0.30362098 +0.44135720
-0.47987767 +0.37951068 +0.79100510
-0.56415685 -0.48014275 +0.67170677
-0.63701827 -0.76507114 +0.09420129
+0.41371408 -0.85594035 +0.31017219
-0.20006973 +0.66930774 +0.71554123
-0.46108114 -0.86306006 +0.20623172
+0.03823293 +0.31089813 +0.94967394
-0.36162605 +0.58222937 +0.72817276
-0.32925874 +0.77652622 +0.53721104
-0.63991313 -0.54181861 +0.54492548
+0.42160129 -0.31043438 +0.85198759
+0.17948906 -0.01581678 +0.98363281
-0.56864961 -0.72453495 +0.38946981
-0.17422595 +0.48011572 +0.85972915
-0.44097358 -0.88998904 +0.11602509
+0.70355907 +0.46381412 +0.53840607
+0.40792323 +0.79897065 +0.44186483
+0.91853628 -0.13194655 +0.37266770
+0.96109842 +0.25819835 +0.09809912
+0.29748229 -0.92570393 +0.23361619
+0.63515072 -0.51769999 +0.57321050
+0.60990708 +0.42928076 +0.66613165
-0.55426879 -0.77211251 +0.31085105
+0.49987671 +0.84409070 +0.19399526
-0.78212649 -0.30800932 +0.54167187
+0.09032131 -0.23638287 +0.96745295
-0.43096742 -0.78994211 +0.43618637
-0.88241861 -0.43975963 +0.16717912
-0.09143896 -0.21591992 +0.97212011
-0.29813190 -0.72306096 +0.62313740
-0.54117083 +0.06859210 +0.83811053
+0.88271258 -0.35753914 +0.30493320
+0.54108638 +0.68237363 +0.49151983
+0.85820742 -0.48283107 +0.17422450
-0.74335256 -0.61688201 +0.25861856
+0.68347271 -0.69750836 +0.21528386
-0.72040906 +0.24875432 +0.64740410
+0.46398000 +0.69959491 +0.54340548
+0.12556289 +0.69586216 +0.70711372
+0.31449076 +0.76616411 +0.56043565
+0.90785980 +0.38250920 +0.17168956
-0.21724046 -0.71292341 +0.66674343
-0.03754128 -0.88137122 +0.47093039
+0.14296100 +0.75542840 +0.63944513
-0.36995502 -0.67328679 +0.64017043
-0.93888266 +0.32606356 +0.11037169
-0.86945964 +0.42994975 +0.24327585
+0.38197857 -0.13802789 +0.91380560
+0.97968679 +0.17187614 +0.10330720
-0.84787833 -0.46708620 +0.25086415
+0.38332097 +0.10612338 +0.91749815
-0.61784742 +0.76326839 +0.18890719
+0.93279193 +0.25015810 +0.25946127
+0.71826762 -0.68307552 +0.13228555
+0.54201868 -0.80913146 +0.22698463
+0.96600193 -0.23370712 +0.11054978
-0.18158311 -0.36535154 +0.91298731
-0.17326064 +0.18524605 +0.96729760
-0.34485737 -0.03114000 +0.93813842
-0.33585597 -0.94191278 +0.00104163
-0.07249078 +0.86667604 +0.49357647
-0.49116046 +0.14438029 +0.85902022
-0.61447710 +0.07543601 +0.78531987
+0.23110627 +0.76602120 +0.59983448
-0.73186899 -0.16254946 +0.66177448
-0.79291260 +0.39651320 +0.46267363
+0.59572944 +0.13684569 +0.79144153
+0.09315018 -0.76841753 +0.63313312
-0.44325900 -0.67890484 +0.58532870
+0.19022611 +0.96152927 +0.19818043
-0.05755187 +0.98170920 +0.18147957
-0.24050388 +0.94470626 +0.22290796
+0.08585568 +0.84703434 +0.52455851
-0.29329849 -0.78306717 +0.54843577
-0.26947525 -0.19529471 +0.94299685
-0.42873518 +0.52214246 +0.73726074
+0.56895378 -0.34677964 +0.74567786
-0.31501439 -0.26821171 +0.91040014
-0.76716797 -0.63369792 +0.09939948
+0.32787014 +0.03642544 +0.94402032
+0.84573912 -0.06765919 +0.52928969
-0.99723863 -0.06167884 +0.04136219
-0.63937519 +0.71975688 +0.27046146
+0.07469822 +0.23114665 +0.97004711
+0.79591423 -0.30774345 +0.52135833
+0.53451546 +0.30271670 +0.78908544
-0.78850519 +0.32502322 +0.52212974
-0.72196286 +0.59858163 +0.34708739
-0.35386834 +0.20671166 +0.91216637
-0.39954586 +0.37072418 +0.83840724
+0.10785418 +0.62800731 +0.77069728
+0.46250997 -0.15672078 +0.87265292
+0.56349870 +0.50707254 +0.65218606
+0.01508432 +0.16388515 +0.98636409
+0.12898423 -0.63916327 +0.75817767
-0.65774616 -0.00386371 +0.75322975
+0.23857802 -0.97101975 +0.01418385
-0.70654338 -0.69990035 +0.10457510
+0.87253077 +0.42013542 +0.24935174
+0.46640982 +0.08863354 +0.88011702
+0.15906510 +0.98614705 +0.04703496
+0.82552540 -0.50196454 +0.25795234
-0.64156176 +0.76666824 +0.02486603
+0.42840825 +0.59316196 +0.68163425
-0.03066267 +0.72294979 +0.69021982
+0.00205853 -0.79022046 +0.61281922
+0.74667801 -0.29867966 +0.59435882
-0.96915191 -0.12530286 +0.21223516
+0.77378619 +0.15577308 +0.61399485
-0.47466099 +0.73541669 +0.48358995
-0.65793988 +0.66778947 +0.34809818
+0.07330347 -0.82264117 +0.56381567
+0.13114508 +0.29978358 +0.94495014
+0.32007432 +0.52886967 +0.78603391
-0.08976680 +0.50229761 +0.86002269
+0.51218901 -0.49129355 +0.70448071
+0.87074131 +0.46328347 +0.16485752
+0.88573292 -0.10558267 +0.45202820
+0.79652338 -0.13558994 +0.58920784
-0.46912903 +0.86497134 +0.17816434
-0.06366037 -0.75170270 +0.65642243
+0.78623220 -0.51537033 +0.34092867
-0.20384236 +0.90617966 +0.37052222
-0.58928228 +0.73047523 +0.34518450
+0.21511421 -0.51482988 +0.82986509
+0.96034936 +0.21086138 +0.18239130
-0.88807486 +0.35976279 +0.28617088
-0.70436428 +0.65525365 +0.27297183
-0.27643891 -0.95872087 +0.06660201
+0.77016569 -0.57584003 +0.27432291
+0.15926014 +0.80730279 +0.56824151
-0.49461089 -0.78412241 +0.37484945
-0.83694218 +0.53159657 +0.13012636
-0.72390504 -0.31951667 +0.61144958
-0.03083206 -0.61923947 +0.78459663
-0.81427276 -0.07141942 +0.57607216
-0.00132264 -0.22100071 +0.97527275
-0.18793046 +0.73397444 +0.65265891
+0.57633880 -0.42782964 +0.69627250
+0.20519633 -0.97349690 +0.10098640
+0.80281228 +0.35400535 +0.47976313
-0.04635735 -0.68840999 +0.72383885
-0.62015816 +0.39826082 +0.67586402
+0.69508636 -0.37178908 +0.61532741
-0.51187482 -0.01547754 +0.85892061
+0.68853537 +0.72288689 +0.05791011
+0.05260659 -0.87012561 +0.49001426
-0.72198959 +0.00123844 +0.69190281
+0.42923165 -0.89044577 +0.15121681
+0.92589268 +0.37774663 +0.00549846
+0.17799458 +0.57664889 +0.79736691
+0.51755797 -0.08760294 +0.85115185
+0.55593624 -0.26242017 +0.78871449
+0.68287167 -0.72846427 +0.05500991
-0.87153960 +0.46244809 +0.16297389
+0.77961661 -0.61433013 +0.12164056
+0.91917855 -0.04188481 +0.39160754
-0.83487808 -0.29114004 +0.46713602
+0.08896495 +0.55500388 +0.82707674
-0.59538590 +0.79651016 +0.10529577
+0.92102464 +0.19744123 +0.33575374
+0.23588747 -0.92742919 +0.29022784
-0.55290078 +0.38990962 +0.73639067
+0.62489411 -0.27940880 +0.72899799
+0.67529812 +0.67792225 +0.29050623
-0.98026505 -0.03405848 +0.19473172
+0.35589816 -0.37473211 +0.85610300
-0.25528679 -0.04009894 +0.96603350
+0.61978557 +0.05084735 +0.78312221
+0.16310699 -0.79799410 +0.58017370
+0.64870110 +0.34909586 +0.67625362
-0.01454755 -0.54230129 +0.84005814
+0.86085474 +0.50270633 +0.07883815
+0.28136815 -0.64591697 +0.70966417
+0.24985668 +0.96799966 +0.02341593
+0.36155814 +0.34387198 +0.86661859
-0.37595539 +0.83601558 +0.39966923
+0.37310233 -0.52941649 +0.76191392
-0.40269672 -0.26016453 +0.87758177
+0.28294337 -0.43702301 +0.85378799
-0.23311756 +0.11458684 +0.96567389
+0.40528316 +0.53248428 +0.74310568
-0.90706067 -0.03091079 +0.41986363
+0.99854612 +0.02803211 +0.04604173
+0.05549581 +0.74215726 +0.66792425
+0.84397344 -0.15304618 +0.51408725
+0.09144137 +0.38013707 +0.92039898
+0.42007368 +0.83259848 +0.36099568
+0.24949968 +0.93210980 +0.26252855
+0.01384546 +0.88151507 +0.47195284
-0.63150867 -0.47576296 +0.61224701
+0.69042763 -0.28946052 +0.66296478
-0.91970692 -0.35856288 +0.15991199
-0.32167394 -0.91408290 +0.24693790
+0.09493696 -0.92977210 +0.35568360
-0.50658760 -0.73386884 +0.45255445
-0.84925529 +0.09636823 +0.51911330
+0.72794988 -0.58585522 +0.35617782
+0.35654274 -0.05051781 +0.93291223
+0.38205996 +0.70944232 +0.59221768
-0.01431926 -0.94738044 +0.31978940
+0.98749522 +0.01380090 +0.15704368
+0.15181625 -0.94734408 +0.28194153
-0.82648113 +0.50580183 +0.24717089
-0.11151614 +0.25439656 +0.96064902
-0.14730639 -0.76496035 +0.62700597
-0.86821762 -0.48830955 +0.08804516
+0.22060694 +0.91196171 +0.34591679
-0.08482344 -0.37213194 +0.92429584
-0.45729275 +0.78939232 +0.40956454
+0.20455302 +0.13680344 +0.96924862
+0.01688657 -0.38106966 +0.92439210
+0.90132665 -0.43313992 +0.00027656
-0.49898817 +0.53472395 +0.68196855
+0.48211020 -0.24392286 +0.84146978
+0.19149896 -0.34648245 +0.91830173
+0.46302251 -0.75978107 +0.45644592
-0.80547719 -0.49137059 +0.33130265
+0.23302781 +0.43523979 +0.86963461
-0.54607890 +0.81720005 +0.18434186
+0.53561004 +0.44606191 +0.71704300
-0.49164561 -0.48168071 +0.72544351
-0.15103236 -0.96922938 +0.19438012
+0.72916205 +0.64748718 +0.22154695
-0.51738862 -0.84442735 +0.13874963
-0.95804428 -0.06321576 +0.27956203
-0.35784120 -0.18743104 +0.91477827
+0.74745187 -0.63188346 +0.20503413
-0.49777172 +0.60748215 +0.61902242
-0.27028052 -0.87658810 +0.39817301
-0.46241284 +0.06046348 +0.88460078
-0.02528033 +0.99508649 +0.09572769
-0.72732063 +0.67704269 +0.11232939
+0.36423786 +0.65554723 +0.66150480
-0.17982525 +0.98226559 +0.05307725
+0.18566071 +0.88885372 +0.41889040
+0.66687512 +0.71537218 +0.20861500
+0.95447057 -0.29495959 +0.04455076
-0.79928710 +0.09167558 +0.59391558
+0.61304006 -0.65249031 +0.44546412
-0.36362881 -0.78952872 +0.49438698
+0.96953773 -0.17138195 +0.17499947
-0.14067774 -0.29267675 +0.94580658
+0.45221293 +0.31844589 +0.83312405
-0.75286789 -0.56715111 +0.33396041
-0.79612032 -0.60498425 +0.01365654
+0.61094492 +0.28638604 +0.73805781
-0.63046156 -0.08837797 +0.77117284
-0.63864507 +0.15981720 +0.75272235
+0.32167791 -0.20654000 +0.92404792
-0.17963333 -0.20578242 +0.96196958
+0.60128158 +0.61479128 +0.51038431
-0.76012647 -0.23810345 +0.60457795
-0.20449539 +0.26526235 +0.94224069
+0.94675295 -0.08069500 +0.31168440
+0.85386385 +0.32210824 +0.40885548
+0.50763093 -0.84880618 +0.14777990
+0.54053257 -0.70930004 +0.45245772
+0.11012024 -0.40654738 +0.90696900
-0.78517663 +0.60832628 +0.11591720
+0.76501072 +0.43658493 +0.47344714
-0.19196996 -0.90863610 +0.37084764
-0.21479804 -0.96783631 +0.13097586
-0.35641284 -0.33764044 +0.87118817
-0.40978508 +0.13468600 +0.90218394
+0.03664915 +0.98661884 +0.15887136
+0.02065652 +0.60994338 +0.79217573
+0.44866752 +0.88404769 +0.13098527
+0.29774247 -0.11962066 +0.94712213
+0.67995927 -0.58997509 +0.43541335
-0.15001433 +0.96752113 +0.20346639
-0.35926172 +0.92930763 +0.08554738
+0.47428138 +0.87925411 +0.04437764
+0.05084597 +0.08195687 +0.99533801
+0.49330937 +0.00093204 +0.86985343
-0.02066806 +0.24560140 +0.96915055
+0.64025001 -0.03684024 +0.76728269
+0.67544728 +0.63690588 +0.37164751
-0.53720816 +0.30935227 +0.78467100
+0.42256421 +0.87894511 +0.22112210
+0.45745194 +0.45901577 +0.76160505
+0.29343561 -0.57761798 +0.76174340
+0.14583163 +0.06788413 +0.98697765
-0.66400915 +0.73972962 +0.10905013
-0.13012835 +0.62996811 +0.76564142
-0.78027203 +0.00653937 +0.62540610
-0.97683437 +0.15044231 +0.15218976
-0.12698978 -0.98644294 +0.10394191
-0.57062102 +0.82094701 +0.02092041
-0.32900334 +0.94432639 +0.00211644
-0.33256729 +0.43867853 +0.83484139
-0.66806847 -0.16756169 +0.72498800
-0.53555214 -0.81294962 +0.22868500
+0.15992908 +0.94567065 +0.28307191
+0.80754994 +0.21271427 +0.55010521
+0.48565092 +0.78492722 +0.38474984
-0.19977673 -0.86540742 +0.45952069
-0.49355507 +0.82987338 +0.26021829
+0.36539076 -0.60320792 +0.70896389
+0.54180039 -0.83809885 +0.06358181
-0.67289874 +0.60883738 +0.42014798
-0.10252975 +0.76159321 +0.63989330
+0.94634051 -0.25235859 +0.20187814
+0.73345659 +0.60762330 +0.30468894
-0.88092560 -0.26984148 +0.38878742
+0.33307452 +0.91197685 +0.23949860
-0.69937268 -0.24522677 +0.67137299
+0.17481747 -0.25891785 +0.94994758
+0.21979959 +0.96924198 +0.11071641
-0.66059730 -0.72980208 +0.17606852