0.00252815 -0.000147543 0.999997
-0.0260724 0.0503879 0.998389
-0.0290317 -0.0480265 0.998424
0.0675007 -0.000556732 0.997719
0.0360964 0.0543492 0.997869
0.0601973 0.111623 0.991926
-0.00183281 0.107454 0.994208
-0.0727606 0.0177749 0.997191
-0.0871595 -0.0401223 0.995386
-0.0615005 -0.101001 0.992984
0.00300276 -0.104894 0.994479
0.0366413 -0.0542048 0.997857
0.13027 0.000811652 0.991478
0.097123 0.0561626 0.993687
0.121303 0.113789 0.986072
0.082418 0.168491 0.982251
0.0201129 0.16439 0.98619
-0.0432006 0.154424 0.98706
-0.0648391 0.0938178 0.993476
-0.133167 0.0188139 0.990915
-0.146674 -0.0375922 0.98847
-0.123815 -0.0942821 0.987816
-0.0995078 -0.15042 0.983602
-0.031502 -0.155486 0.987336
0.0357047 -0.158494 0.986714
0.0696575 -0.10785 0.991724
0.10141 -0.0547694 0.993336
0.191595 0.00265448 0.98147
0.157718 0.0582341 0.985766
0.181916 0.115974 0.976451
0.1439 0.170761 0.974748
0.104314 0.224555 0.968862
0.0419329 0.220765 0.974425
-0.0212101 0.212771 0.976872
-0.083683 0.201704 0.975865
-0.104586 0.141157 0.984447
-0.119529 0.0761946 0.989903
-0.179995 0.0600855 0.981831
-0.196778 -0.00357383 0.980441
-0.190409 -0.074428 0.978879
-0.168314 -0.133692 0.976625
-0.106343 -0.206811 0.972584
-0.0487186 -0.210152 0.976454
0.0109564 -0.211952 0.977219
0.0726908 -0.213153 0.974311
0.102453 -0.160595 0.981689
0.135302 -0.108315 0.984866
0.164733 -0.0539709 0.984861
0.251475 0.00495386 0.967851
0.217713 0.0605913 0.97413
0.24197 0.11844 0.963028
0.20486 0.172917 0.963396
0.166021 0.226708 0.959709
0.125917 0.279621 0.951818
0.0635812 0.276351 0.958951
0.000669034 0.269786 0.96292
-0.0620237 0.260289 0.963536
-0.124005 0.247832 0.960834
-0.144744 0.187058 0.971627
-0.162664 0.122987 0.978986
-0.221486 0.11223 0.968684
-0.238253 0.0530883 0.969751
-0.254867 -0.00369055 0.966969
-0.246873 -0.06042 0.967162
-0.231547 -0.120636 0.965315
-0.162026 -0.191256 0.968075
-0.144936 -0.25359 0.956392
-0.0826302 -0.263882 0.961009
-0.0208627 -0.26656 0.963592
0.0408726 -0.267388 0.962722
0.103067 -0.267259 0.958097
0.136032 -0.213729 0.967375
0.16797 -0.160921 0.972569
0.199948 -0.10779 0.973859
0.22644 -0.0526675 0.9726
0.309854 0.00793093 0.950751
0.276894 0.0633917 0.958807
0.301335 0.121244 0.945779
0.265255 0.175283 0.948112
0.227248 0.228678 0.946607
0.187719 0.281436 0.94104
0.147131 0.333492 0.931201
0.0849448 0.330913 0.93983
0.0223115 0.325573 0.945254
-0.0403002 0.317422 0.947428
-0.102516 0.306534 0.946323
-0.163881 0.293521 0.941801
-0.184559 0.233718 0.954628
-0.203518 0.172459 0.963763
-0.263409 0.157766 0.951696
-0.281562 0.0966049 0.954668
-0.29952 0.0343132 0.953473
-0.306277 -0.0344753 0.951318
-0.291946 -0.0993461 0.951261
-0.278981 -0.161087 0.946689
-0.220217 -0.178859 0.958913
-0.204019 -0.238748 0.949408
-0.18363 -0.298668 0.936524
-0.121045 -0.310772 0.942746
-0.0572763 -0.318398 0.946225
0.00551243 -0.3208 0.947131
0.0679037 -0.321034 0.94463
0.130283 -0.319975 0.938425
0.165877 -0.266479 0.94946
0.199829 -0.213233 0.956347
0.232491 -0.160089 0.959333
0.263928 -0.106726 0.95862
0.28605 -0.0507906 0.956868
0.366841 0.0115162 0.930212
0.335168 0.0666376 0.939799
0.359987 0.123904 0.924693
0.324991 0.177669 0.928878
0.287927 0.230709 0.929447
0.249102 0.283038 0.926195
0.2089 0.334767 0.918853
0.167821 0.385986 0.907111
0.10589 0.384243 0.917139
0.0435964 0.380058 0.923935
-0.0187764 0.37316 0.927577
-0.0809325 0.363609 0.928029
-0.142551 0.351742 0.925179
-0.203477 0.337754 0.918977
-0.224367 0.278624 0.933824
-0.24428 0.218303 0.944813
-0.303845 0.203566 0.93072
-0.32238 0.143988 0.935595
-0.339598 0.0844691 0.93677
-0.354577 0.0249335 0.934694
-0.362171 -0.0318539 0.931567
-0.348545 -0.0889463 0.933062
-0.336273 -0.147948 0.930071
-0.321362 -0.207515 0.923939
-0.263343 -0.22252 0.938688
-0.244101 -0.282844 0.927585
-0.222172 -0.34169 0.913174
-0.159627 -0.355372 0.920994
-0.0959527 -0.365427 0.925881
-0.0321464 -0.371602 0.927835
0.030787 -0.3736 0.927079
0.0931977 -0.37324 0.923042
0.155361 -0.371396 0.915384
0.192791 -0.318276 0.928188
0.228853 -0.265131 0.93666
0.263286 -0.211866 0.941166
0.296134 -0.158405 0.94192
0.327459 -0.105061 0.939006
0.342969 -0.0480542 0.938117
0.422751 0.0139776 0.906138
0.392654 0.0694211 0.917062
0.417774 0.125522 0.899838
0.38391 0.179495 0.905756
0.347866 0.232499 0.908258
0.309903 0.284595 0.907175
0.270296 0.335874 0.902291
0.229423 0.386561 0.893273
0.187851 0.436945 0.879654
0.126286 0.436156 0.890966
0.0644096 0.433116 0.899034
0.00238998 0.427431 0.904045
-0.059535 0.419126 0.905974
-0.121112 0.408404 0.904731
-0.182159 0.395431 0.900251
-0.242526 0.380494 0.892416
-0.263617 0.322174 0.909236
-0.284108 0.262967 0.922025
-0.343845 0.246406 0.906121
-0.36328 0.187046 0.912711
-0.381342 0.126882 0.915685
-0.397522 0.0651304 0.915278
-0.411222 0.000699534 0.911535
-0.407356 -0.0667741 0.910825
-0.393676 -0.128673 0.910199
-0.379316 -0.189746 0.905602
-0.362325 -0.249812 0.89795
-0.3035 -0.26713 0.91462
-0.282894 -0.325891 0.90209
-0.26006 -0.383329 0.886244
-0.197928 -0.397968 0.895793
-0.134712 -0.40993 0.902114
-0.071108 -0.418583 0.90539
-0.00771173 -0.423673 0.905782
0.0549332 -0.425131 0.903464
0.117002 -0.424135 0.898009
0.178712 -0.421546 0.889023
0.217417 -0.36906 0.903617
0.255095 -0.316477 0.913657
0.291238 -0.263486 0.91965
0.325712 -0.210003 0.921851
0.358626 -0.156195 0.920321
0.390345 -0.102869 0.914904
0.396981 -0.0448035 0.916733
0.477177 0.0135254 0.878703
0.449118 0.0703956 0.890695
0.474092 0.12568 0.871459
0.44159 0.18031 0.878912
0.406715 0.233648 0.883172
0.369777 0.285833 0.884062
0.331012 0.336945 0.881418
0.290674 0.387123 0.875011
0.249147 0.436703 0.864417
0.207109 0.486231 0.848932
0.146026 0.486487 0.861398
0.0846564 0.484609 0.870625
0.0230907 0.48012 0.876899
-0.0384769 0.473022 0.88021
-0.0998304 0.463448 0.880482
-0.160785 0.451536 0.877646
-0.221173 0.437473 0.871608
-0.280892 0.421388 0.862283
-0.302224 0.363733 0.881112
-0.323294 0.305231 0.895721
-0.382751 0.28777 0.87789
-0.40288 0.229708 0.885958
-0.421406 0.171417 0.890524
-0.437927 0.113057 0.891873
-0.451958 0.0551312 0.890334
-0.464382 -0.00115605 0.885634
-0.460191 -0.0578087 0.885936
-0.449174 -0.115724 0.885918
-0.435615 -0.17396 0.883164
-0.419888 -0.232659 0.877248
-0.401615 -0.29107 0.868322
-0.342822 -0.308829 0.887185
-0.321012 -0.366592 0.873248
-0.29729 -0.422969 0.855988
-0.235543 -0.438878 0.867125
-0.173025 -0.452319 0.874912
-0.110001 -0.462963 0.879526
-0.0468983 -0.470442 0.881184
0.0158814 -0.474561 0.880079
0.0779981 -0.475371 0.876321
0.139528 -0.47367 0.86958
0.200665 -0.470293 0.859394
0.240256 -0.418682 0.875775
0.279098 -0.367086 0.887329
0.316511 -0.314917 0.894789
0.352255 -0.261995 0.898485
0.386375 -0.208447 0.898479
0.41919 -0.154691 0.894623
0.451566 -0.101921 0.886397
0.448853 -0.0438127 0.892531
0.529555 0.0116597 0.848196
0.503692 0.0694753 0.861085
0.52831 0.124695 0.839845
0.497475 0.180063 0.848585
0.464001 0.233955 0.854382
0.428281 0.286484 0.857031
0.390582 0.337728 0.856379
0.351117 0.387757 0.852269
0.310114 0.436727 0.844452
0.267966 0.485082 0.8324
0.225535 0.533717 0.815034
0.165056 0.535088 0.828515
0.104293 0.534394 0.838776
0.0432781 0.531093 0.846208
-0.0178294 0.525182 0.850803
-0.0788367 0.516758 0.852494
-0.139559 0.505935 0.851207
-0.19982 0.492852 0.846858
-0.259468 0.477635 0.83937
-0.318352 0.460402 0.828663
-0.339875 0.403388 0.849566
-0.361447 0.345598 0.865978
-0.420757 0.326211 0.846493
-0.441994 0.268446 0.855908
-0.461686 0.210075 0.861809
-0.479608 0.151147 0.864367
-0.49547 0.0918774 0.863752
-0.509295 0.0325597 0.859976
-0.51316 -0.0303023 0.857758
-0.505306 -0.0916302 0.858062
-0.492437 -0.151714 0.857023
-0.477136 -0.21135 0.853037
-0.459716 -0.270477 0.845874
-0.440003 -0.328703 0.835674
-0.380955 -0.348724 0.856309
-0.358114 -0.405287 0.841128
-0.333499 -0.460626 0.822558
-0.272306 -0.477827 0.835183
-0.21051 -0.492794 0.844298
-0.148264 -0.505111 0.850224
-0.0857805 -0.514573 0.853145
-0.0233595 -0.520952 0.853266
0.0386934 -0.524124 0.850762
0.100139 -0.524194 0.845691
0.160997 -0.521703 0.837798
0.221461 -0.517447 0.826561
0.261679 -0.466897 0.844708
0.301405 -0.416622 0.85766
0.339765 -0.365683 0.866508
0.376466 -0.313807 0.871664
0.411478 -0.261087 0.873224
0.445001 -0.207853 0.871075
0.47764 -0.154745 0.86482
0.510274 -0.102553 0.853875
0.499734 -0.0454543 0.864985
0.580066 0.0102967 0.814504
0.556014 0.0679344 0.828392
0.580205 0.123435 0.805062
0.551125 0.179117 0.814972
0.519257 0.233506 0.822099
0.484952 0.286475 0.826289
0.448514 0.33803 0.827388
0.41017 0.388194 0.825267
0.370104 0.437006 0.819785
0.328521 0.484624 0.810687
0.285814 0.53158 0.797329
0.243162 0.579281 0.778014
0.183437 0.581814 0.792366
0.123404 0.582329 0.803532
0.0630378 0.580205 0.812027
0.00247364 0.575467 0.817821
-0.0581133 0.568184 0.820847
-0.118541 0.558456 0.821021
-0.178624 0.546395 0.818258
-0.238184 0.532118 0.812477
-0.297026 0.515765 0.803593
-0.354903 0.497428 0.791587
-0.376324 0.440994 0.814804
-0.398423 0.38355 0.833156
-0.456928 0.363238 0.811957
-0.479124 0.30596 0.822696
-0.499727 0.24767 0.830019
-0.518621 0.188286 0.834014
-0.535708 0.127863 0.834666
-0.550816 0.0666819 0.831959
-0.558333 0.00288872 0.829612
-0.556875 -0.0619968 0.828279
-0.546728 -0.125161 0.827903
-0.53249 -0.186825 0.825561
-0.516008 -0.247304 0.820108
-0.497388 -0.306588 0.811547
-0.47653 -0.364519 0.800028
-0.41807 -0.385791 0.822425
-0.394072 -0.441595 0.806041
-0.36839 -0.496138 0.786216
-0.307865 -0.514783 0.800136
-0.246886 -0.531249 0.810445
-0.185467 -0.545178 0.817547
-0.123756 -0.55636 0.821674
-0.0619504 -0.564669 0.822989
-0.000300069 -0.569964 0.82167
0.0609433 -0.572177 0.817862
0.121592 -0.571432 0.811591
0.181632 -0.568065 0.802691
0.241269 -0.562837 0.790572
0.281878 -0.513489 0.810478
0.322313 -0.464817 0.824657
0.361408 -0.415396 0.834764
0.39886 -0.364874 0.841295
0.434611 -0.31331 0.844364
0.468759 -0.260968 0.843896
0.501664 -0.2083 0.83961
0.533968 -0.155778 0.83103
0.565707 -0.102958 0.818153
0.550238 -0.0467756 0.833696
0.628706 0.00958305 0.777584
0.606167 0.0667883 0.792528
0.629755 0.122453 0.767082
0.602347 0.17805 0.778124
0.572128 0.23263 0.786481
0.539367 0.285948 0.792033
0.504337 0.337859 0.794667
0.467282 0.388303 0.794272
0.428398 0.437247 0.790753
0.387848 0.484695 0.783993
0.345807 0.530777 0.773753
0.302664 0.576088 0.759287
0.260241 0.622829 0.737807
0.201533 0.626512 0.752906
0.142406 0.628255 0.764863
0.082798 0.6273 0.774364
0.0228335 0.62372 0.781315
-0.0373191 0.617564 0.785634
-0.0974808 0.608913 0.787224
-0.157471 0.597855 0.785985
-0.217111 0.584481 0.781822
-0.276216 0.568915 0.774623
-0.334546 0.551347 0.764261
-0.391562 0.532139 0.750672
-0.411378 0.476917 0.776736
-0.433614 0.419877 0.797296
-0.490998 0.399558 0.774128
-0.513984 0.34327 0.786121
-0.535238 0.285656 0.794934
-0.554689 0.226585 0.800612
-0.572292 0.165936 0.803086
-0.588095 0.10348 0.802144
-0.599323 0.037694 0.79962
-0.602076 -0.0287939 0.797919
-0.596276 -0.0959091 0.79703
-0.58444 -0.160495 0.795406
-0.569537 -0.222653 0.791235
-0.552308 -0.283047 0.784118
-0.532808 -0.341871 0.774106
-0.511007 -0.399108 0.761305
-0.453474 -0.421009 0.785565
-0.428356 -0.476035 0.76805
-0.401533 -0.529739 0.747093
-0.341879 -0.549693 0.762205
-0.281784 -0.567667 0.773532
-0.221226 -0.583135 0.781673
-0.160301 -0.595924 0.786879
-0.0991854 -0.605933 0.789308
-0.0380874 -0.61308 0.789102
0.0227561 -0.617281 0.786413
0.0831141 -0.618512 0.781367
0.142816 -0.616896 0.773978
0.201815 -0.612587 0.764204
0.260338 -0.606325 0.751394
0.300929 -0.558298 0.773139
0.341914 -0.51153 0.788309
0.381563 -0.463867 0.799524
0.4196 -0.414913 0.807331
0.455963 -0.364715 0.811837
0.490693 -0.313489 0.812985
0.523982 -0.261572 0.81057
0.556218 -0.20934 0.804238
0.587566 -0.156669 0.793865
0.61774 -0.103042 0.779602
0.599933 -0.0473127 0.79865
0.675273 0.00928506 0.737509
0.654097 0.0660885 0.753518
0.676862 0.12177 0.725968
0.651048 0.177167 0.738071
0.622413 0.231705 0.747606
0.591194 0.285184 0.754427
0.55762 0.337395 0.758436
0.521921 0.388177 0.759551
0.484312 0.437418 0.757698
0.444976 0.485035 0.75282
0.404076 0.530974 0.744842
0.361782 0.575302 0.733581
0.318508 0.618604 0.71825
0.277909 0.664366 0.693819
0.220864 0.668899 0.709784
0.162811 0.671885 0.722539
0.103913 0.672122 0.733113
0.0444183 0.669725 0.741279
-0.0154509 0.664715 0.746937
-0.0755013 0.657143 0.749975
-0.135564 0.647067 0.750284
-0.195502 0.634529 0.747765
-0.255245 0.619548 0.742301
-0.314856 0.602114 0.733706
-0.37472 0.582189 0.721555
-0.436043 0.559695 0.704704
-0.445773 0.511308 0.734745
-0.466806 0.455005 0.758329
-0.522019 0.436628 0.732702
-0.546096 0.381245 0.745943
-0.568159 0.324364 0.756295
-0.588217 0.265868 0.76375
-0.606197 0.205606 0.768278
-0.621927 0.143114 0.769887
-0.634325 0.0766603 0.769256
-0.642107 0.00652492 0.766587
-0.639882 -0.0640971 0.765796
-0.63181 -0.132473 0.763719
-0.619623 -0.196865 0.75981
-0.604316 -0.258518 0.753638
-0.586446 -0.318198 0.74487
-0.566155 -0.376143 0.733475
-0.543484 -0.43238 0.719495
-0.48695 -0.454736 0.745718
-0.460762 -0.508784 0.727212
-0.432752 -0.561449 0.705337
-0.374056 -0.582636 0.721538
-0.314921 -0.602012 0.733762
-0.255207 -0.618952 0.742811
-0.194998 -0.633246 0.748983
-0.134456 -0.644815 0.752419
-0.073784 -0.653603 0.753233
-0.0132093 -0.659549 0.751545
0.047014 -0.662607 0.74749
0.106622 -0.662793 0.741173
0.165365 -0.660242 0.732622
0.223013 -0.654968 0.721999
0.279559 -0.647927 0.708546
0.318781 -0.601344 0.732642
0.360039 -0.556873 0.748508
0.400029 -0.511197 0.760694
0.438503 -0.463967 0.769707
0.475387 -0.415259 0.775608
0.510667 -0.365273 0.778328
0.544426 -0.314286 0.777704
0.576876 -0.262617 0.773464
0.608168 -0.21036 0.765428
0.638134 -0.157263 0.753693
0.666507 -0.10306 0.738341
0.648045 -0.0474132 0.760125
0.719482 0.00923118 0.694449
0.699655 0.065702 0.711454
0.721394 0.12127 0.681825
0.697121 0.176432 0.694906
0.669995 0.230851 0.70556
0.640231 0.284376 0.713607
0.608039 0.336821 0.718916
0.573622 0.387987 0.721404
0.537181 0.4377 0.72101
0.498909 0.485814 0.717687
0.458987 0.532194 0.711408
0.417586 0.576723 0.702149
0.374882 0.619375 0.68981
0.331231 0.660664 0.673653
0.251397 0.706122 0.66196
0.190157 0.711802 0.676149
0.129662 0.713846 0.688194
0.0693139 0.712959 0.697772
0.00896076 0.709288 0.704862
-0.0513918 0.702936 0.709394
-0.111665 0.693982 0.71128
-0.171753 0.682474 0.710444
-0.23155 0.668416 0.706828
-0.29099 0.651759 0.700382
-0.3501 0.632368 0.691043
-0.40911 0.609982 0.678639
-0.468552 0.585678 0.661393
-0.499643 0.536319 0.680235
-0.496302 0.491213 0.715817
-0.545901 0.478064 0.688075
-0.573723 0.42156 0.702231
-0.597648 0.364574 0.714074
-0.618908 0.306477 0.723204
-0.637719 0.247131 0.729549
-0.653985 0.186552 0.733145
-0.667278 0.125023 0.734241
-0.677937 0.0646335 0.732273
-0.685541 0.00710024 0.728
-0.682811 -0.0505199 0.728847
-0.675649 -0.110623 0.728876
-0.665951 -0.172704 0.725729
-0.653023 -0.234202 0.720215
-0.6371 -0.294202 0.712425
-0.618521 -0.352577 0.702226
-0.597443 -0.409277 0.689604
-0.573942 -0.464238 0.674592
-0.518488 -0.4869 0.702921
-0.491272 -0.539745 0.683614
-0.462054 -0.591117 0.661125
-0.404374 -0.613543 0.678268
-0.346248 -0.634239 0.69127
-0.287391 -0.652533 0.701148
-0.227839 -0.668221 0.708216
-0.167731 -0.681221 0.712604
-0.107234 -0.69148 0.714392
-0.0465199 -0.698943 0.713663
0.0142528 -0.703539 0.710513
0.0749598 -0.705202 0.705033
0.135566 -0.703883 0.697259
0.196248 -0.699517 0.687141
0.257622 -0.691329 0.675052
0.332436 -0.644713 0.688355
0.374788 -0.602323 0.704798
0.415465 -0.558441 0.718006
0.454597 -0.512762 0.728297
0.492167 -0.465408 0.735641
0.528143 -0.416581 0.73995
0.56254 -0.366525 0.741086
0.595464 -0.315515 0.738832
0.627029 -0.263747 0.732988
0.657162 -0.211194 0.723557
0.685586 -0.157689 0.710708
0.712091 -0.103095 0.694477
0.693911 -0.0473547 0.718502
0.761067 0.00932573 0.648606
0.74266 0.0655025 0.666458
0.763244 0.120748 0.634727
0.7405 0.175614 0.648706
0.714839 0.22985 0.660435
0.686458 0.283354 0.669692
0.655549 0.335975 0.676296
0.622287 0.38753 0.680133
0.586831 0.437829 0.681127
0.549332 0.486708 0.679227
0.509908 0.53403 0.674393
0.468616 0.579691 0.666601
0.425336 0.623647 0.655861
0.379211 0.666071 0.642299
0.315004 0.703436 0.637142
0.270248 0.740125 0.615777
0.21307 0.748069 0.628486
0.154153 0.751907 0.640993
0.0943714 0.752763 0.651493
0.0341802 0.750681 0.65978
-0.0261917 0.745774 0.665684
-0.0865662 0.738148 0.669062
-0.146775 0.727877 0.669815
-0.206656 0.714996 0.667888
-0.266056 0.699487 0.663274
-0.324841 0.681276 0.656005
-0.382874 0.660246 0.646129
-0.439944 0.636712 0.633283
-0.528238 0.56469 0.634105
-0.561184 0.516355 0.646878
-0.61589 0.496605 0.611607
-0.596498 0.460732 0.657203
-0.62361 0.40396 0.669274
-0.646745 0.346248 0.679583
-0.666976 0.287397 0.68742
-0.68453 0.227354 0.692625
-0.699373 0.166186 0.695168
-0.711862 0.104393 0.694517
-0.722192 0.042005 0.690416
-0.725078 -0.0222261 0.688308
-0.719332 -0.0852951 0.68941
-0.71018 -0.147561 0.688382
-0.698862 -0.209253 0.683962
-0.684771 -0.269711 0.677012
-0.667911 -0.328591 0.667775
-0.648458 -0.385778 0.65626
-0.626535 -0.441189 0.6425
-0.602225 -0.494731 0.626551
-0.548069 -0.517405 0.6572
-0.519909 -0.568795 0.637312
-0.489497 -0.61857 0.614625
-0.433002 -0.642251 0.632474
-0.376017 -0.664191 0.646112
-0.318131 -0.683715 0.656754
-0.259357 -0.700662 0.664686
-0.199827 -0.714952 0.670009
-0.139721 -0.726531 0.672778
-0.0792387 -0.735343 0.673047
-0.0185937 -0.741317 0.670898
0.0419816 -0.744378 0.666438
0.102229 -0.744462 0.659792
0.161846 -0.741526 0.651111
0.220378 -0.735613 0.640552
0.276867 -0.726041 0.629452
0.320638 -0.688402 0.65061
0.380751 -0.650493 0.657182
0.425025 -0.607139 0.671368
0.466145 -0.562182 0.683125
0.505175 -0.515638 0.692038
0.54235 -0.467624 0.697986
0.57776 -0.41831 0.700864
0.611493 -0.367909 0.700514
0.643658 -0.316629 0.696743
0.674264 -0.264574 0.68947
0.703122 -0.211704 0.678823
0.729941 -0.157917 0.665018
0.75453 -0.103086 0.648119
0.737076 -0.0472396 0.674156
0.799834 0.00949547 0.600146
0.782961 0.0653325 0.618631
0.802388 0.119787 0.584658
0.781212 0.174249 0.599454
0.757035 0.228195 0.61223
0.730029 0.28157 0.622717
0.70038 0.33426 0.630665
0.668252 0.386091 0.635903
0.633783 0.436861 0.638335
0.597091 0.486376 0.637904
0.558261 0.534464 0.634581
0.517301 0.580986 0.628375
0.473991 0.625831 0.61941
0.427166 0.66887 0.608393
0.369175 0.70848 0.60147
0.319385 0.744508 0.58626
0.250202 0.778286 0.575908
0.185752 0.785492 0.590338
0.123302 0.788732 0.602244
0.0617294 0.788597 0.611804
0.000578388 0.785356 0.619045
-0.0602887 0.779219 0.623845
-0.120844 0.770332 0.626088
-0.18097 0.758777 0.625706
-0.240502 0.744591 0.62269
-0.299243 0.727774 0.617088
-0.356953 0.708322 0.608986
-0.413318 0.686414 0.598334
-0.468114 0.662679 0.584573
-0.496317 0.613064 0.614673
-0.55343 0.594166 0.583679
-0.585181 0.547102 0.598534
-0.633235 0.533339 0.560859
-0.663983 0.479214 0.574004
-0.645941 0.441725 0.622607
-0.671357 0.384864 0.633372
-0.693292 0.326661 0.642369
-0.712281 0.267171 0.649057
-0.728458 0.20638 0.653266
-0.74197 0.144286 0.654724
-0.75295 0.0803211 0.653157
-0.759757 0.0125884 0.650085
-0.758595 -0.055799 0.649169
-0.751442 -0.121101 0.64859
-0.741568 -0.183918 0.645175
-0.729138 -0.245113 0.638966
-0.713937 -0.304694 0.630441
-0.696037 -0.362569 0.619739
-0.675583 -0.418654 0.606891
-0.652708 -0.47283 0.591949
-0.627554 -0.524927 0.575002
-0.575576 -0.546319 0.60848
-0.546659 -0.595943 0.588231
-0.515158 -0.643668 0.565954
-0.460221 -0.668571 0.584131
-0.404627 -0.691644 0.598252
-0.347884 -0.712278 0.60962
-0.290008 -0.730376 0.618422
-0.231136 -0.745866 0.624708
-0.171444 -0.758687 0.628491
-0.11112 -0.768777 0.629789
-0.0503469 -0.776059 0.628648
0.0107211 -0.780436 0.625144
0.0719968 -0.781787 0.619375
0.133539 -0.779939 0.611442
0.195701 -0.774629 0.601374
0.259365 -0.765605 0.588709
0.325772 -0.730896 0.599719
0.374369 -0.693961 0.615033
0.428978 -0.653687 0.623435
0.47363 -0.60989 0.635381
0.514696 -0.564333 0.645459
0.553406 -0.517233 0.652849
0.590085 -0.468746 0.657326
0.624877 -0.419055 0.658728
0.65789 -0.368369 0.656875
0.689184 -0.316865 0.65163
0.718682 -0.264621 0.643019
0.746143 -0.211623 0.631258
0.771264 -0.157782 0.616649
0.793848 -0.102918 0.599344
0.777249 -0.0470649 0.627431
0.835706 0.00956738 0.549093
0.820491 0.0648597 0.567968
0.839012 0.117087 0.531366
0.819453 0.171201 0.546979
0.796791 0.224927 0.560832
0.77117 0.278202 0.572626
0.742778 0.330954 0.582023
0.711784 0.383029 0.588772
0.678323 0.434218 0.592734
0.642497 0.484297 0.593847
0.604369 0.533066 0.592098
0.563923 0.580346 0.587528
0.520924 0.625976 0.580338
0.47439 0.669723 0.571336
0.42087 0.710429 0.564056
0.370038 0.747479 0.551677
0.31319 0.780846 0.540547
0.265322 0.808402 0.525443
0.208125 0.815181 0.540521
0.148031 0.820554 0.552066
0.087351 0.822529 0.561974
0.0265232 0.821183 0.570048
-0.0343004 0.816727 0.576004
-0.0949905 0.809358 0.579583
-0.155381 0.79921 0.580621
-0.215281 0.786354 0.579053
-0.274493 0.770813 0.574892
-0.332822 0.752581 0.568199
-0.390081 0.731691 0.558986
-0.446199 0.708279 0.547035
-0.501738 0.68187 0.532271
-0.522246 0.638902 0.564857
-0.599758 0.585954 0.54493
-0.649549 0.56475 0.509062
-0.681049 0.512608 0.522882
-0.709971 0.458216 0.534771
-0.692112 0.422964 0.584878
-0.716214 0.365458 0.59454
-0.736888 0.306965 0.602302
-0.754498 0.247652 0.607784
-0.769205 0.187821 0.610776
-0.7811 0.127866 0.611174
-0.790121 0.0683584 0.609127
-0.796159 0.0106485 0.604994
-0.795094 -0.046696 0.604686
-0.789276 -0.105162 0.604966
-0.780958 -0.164433 0.60255
-0.770012 -0.223749 0.597509
-0.756335 -0.282626 0.589983
-0.739862 -0.340605 0.580166
-0.720632 -0.397368 0.568144
-0.698694 -0.452735 0.553948
-0.674051 -0.506625 0.537574
-0.600276 -0.574701 0.556227
-0.571173 -0.621895 0.535731
-0.539833 -0.66594 0.514882
-0.487152 -0.691884 0.532897
-0.433256 -0.715964 0.547434
-0.37777 -0.737656 0.559601
-0.320844 -0.756888 0.569368
-0.262684 -0.773566 0.576709
-0.203509 -0.787611 0.581595
-0.143547 -0.798952 0.584012
-0.0830399 -0.807507 0.583983
-0.0222332 -0.813184 0.581581
0.0386205 -0.815869 0.576946
0.0992614 -0.815428 0.570284
0.159364 -0.811739 0.561857
0.218348 -0.804806 0.551916
0.2746 -0.796655 0.538456
0.321758 -0.76796 0.553814
0.376472 -0.734222 0.564966
0.425673 -0.696265 0.577942
0.476398 -0.654973 0.586563
0.520622 -0.610714 0.596641
0.561342 -0.564663 0.605022
0.59957 -0.517097 0.610841
0.635646 -0.468212 0.613785
0.669728 -0.418217 0.613644
0.701908 -0.367329 0.610241
0.732188 -0.31572 0.603508
0.760424 -0.263487 0.593574
0.786348 -0.210635 0.580766
0.80964 -0.157033 0.56553
0.830086 -0.10242 0.548149
0.814239 -0.0468022 0.57864
0.868881 0.00858482 0.494947
0.855432 0.0627527 0.5141
0.873753 0.107573 0.474324
0.85561 0.163496 0.491121
0.834342 0.218266 0.506195
0.810038 0.272139 0.519403
0.782863 0.325295 0.530385
0.752992 0.377771 0.538787
0.72056 0.429442 0.544401
0.685657 0.480104 0.547152
0.648328 0.529542 0.547043
0.608545 0.577559 0.54415
0.566091 0.623967 0.538708
0.520222 0.668515 0.531467
0.469268 0.71049 0.524397
0.417748 0.749227 0.513951
0.360796 0.785237 0.50322
0.305814 0.820981 0.48215
0.239865 0.841635 0.483855
0.177442 0.848219 0.499039
0.115339 0.85258 0.50971
0.0537315 0.853311 0.518626
-0.00758773 0.850654 0.525671
-0.0686817 0.844875 0.530537
-0.129485 0.836176 0.532957
-0.189854 0.82467 0.532798
-0.24962 0.810397 0.530044
-0.308614 0.793346 0.524747
-0.366691 0.773485 0.516971
-0.423786 0.750753 0.50673
-0.480196 0.724534 0.494432
-0.536908 0.689273 0.486449
-0.564621 0.637282 0.524476
-0.617036 0.614279 0.491862
-0.659537 0.599075 0.454004
-0.69408 0.545868 0.469342
-0.725061 0.491688 0.482213
-0.752791 0.436103 0.493073
-0.736084 0.401822 0.54472
-0.758697 0.344111 0.553141
-0.778074 0.285418 0.559586
-0.794463 0.225967 0.563708
-0.808011 0.165957 0.565311
-0.818772 0.105528 0.564337
-0.826701 0.0446986 0.560863
-0.829417 -0.017563 0.558353
-0.825863 -0.0791491 0.558289
-0.818577 -0.139612 0.557172
-0.808705 -0.199476 0.553358
-0.796174 -0.258666 0.54699
-0.780919 -0.316985 0.538225
-0.762907 -0.374187 0.527215
-0.742147 -0.43005 0.514077
-0.718659 -0.484382 0.498903
-0.692492 -0.536975 0.481781
-0.646623 -0.559057 0.518974
-0.616016 -0.610212 0.498163
-0.581358 -0.660936 0.474538
-0.521657 -0.706483 0.478284
-0.466248 -0.734345 0.493305
-0.410389 -0.758243 0.506604
-0.353481 -0.779214 0.517568
-0.295468 -0.797431 0.52612
-0.236442 -0.812917 0.532223
-0.176556 -0.825648 0.535848
-0.115994 -0.835579 0.536986
-0.0549544 -0.842634 0.535675
0.00637584 -0.846705 0.532024
0.0678584 -0.84764 0.526215
0.12944 -0.845253 0.518452
0.191149 -0.839375 0.508833
0.252654 -0.831322 0.495045
0.315388 -0.809278 0.49558
0.368731 -0.773436 0.515591
0.423825 -0.736426 0.527304
0.473737 -0.696788 0.538571
0.522344 -0.654321 0.546828
0.565951 -0.609446 0.555226
0.606171 -0.562842 0.561931
0.643816 -0.514779 0.56613
0.679211 -0.465475 0.567455
0.712511 -0.415159 0.56566
0.743772 -0.364067 0.560588
0.772935 -0.312397 0.552249
0.799804 -0.260282 0.540895
0.824066 -0.207713 0.52704
0.845379 -0.154499 0.511337
0.863542 -0.100487 0.494164
0.847932 -0.0464352 0.528068
0.900667 -0.0108718 0.434373
0.888772 0.0499837 0.455615
0.903255 0.100078 0.417271
0.88736 0.155905 0.43392
0.868088 0.210771 0.449443
0.84557 0.264769 0.463582
0.819966 0.318011 0.475947
0.791467 0.370633 0.486016
0.760246 0.422612 0.493382
0.72642 0.47375 0.497871
0.690046 0.523792 0.499478
0.651107 0.572498 0.498303
0.60944 0.619643 0.494596
0.564556 0.664956 0.488989
0.515704 0.707881 0.482653
0.465072 0.747754 0.473891
0.410889 0.784564 0.46436
0.355706 0.817804 0.452405
0.278876 0.854426 0.438388
0.206203 0.870986 0.445942
0.142772 0.878102 0.456676
0.0805598 0.881275 0.465687
0.0189268 0.880664 0.473362
-0.0423925 0.876644 0.479269
-0.103446 0.869511 0.48296
-0.164139 0.859444 0.484164
-0.224321 0.846515 0.482797
-0.283836 0.830717 0.478901
-0.342564 0.811989 0.472571
-0.400464 0.790181 0.463943
-0.457755 0.764682 0.453565
-0.515056 0.732939 0.444431
-0.568986 0.699942 0.431666
-0.586499 0.658762 0.471223
-0.624023 0.65473 0.426525
-0.671297 0.623153 0.401299
-0.706442 0.573186 0.415207
-0.738302 0.521086 0.428229
-0.767231 0.467064 0.439553
-0.793111 0.41127 0.449256
-0.777341 0.379024 0.502077
-0.798555 0.320753 0.509341
-0.81663 0.26149 0.514527
-0.831739 0.201377 0.517357
-0.843939 0.140503 0.517712
-0.853137 0.0788266 0.515697
-0.858117 0.0156085 0.513217
-0.857932 -0.0481824 0.511499
-0.852895 -0.110583 0.510237
-0.844418 -0.171702 0.507422
-0.833139 -0.231892 0.502101
-0.819076 -0.291107 0.494339
-0.802202 -0.349221 0.484269
-0.782473 -0.406102 0.472035
-0.759815 -0.461674 0.457753
-0.734117 -0.515937 0.441453
-0.705225 -0.568975 0.422995
-0.663778 -0.587489 0.462876
-0.632583 -0.635227 0.443087
-0.601183 -0.679393 0.420717
-0.554518 -0.712336 0.430218
-0.499243 -0.747083 0.438888
-0.44341 -0.77405 0.451922
-0.386683 -0.797169 0.463679
-0.328884 -0.817196 0.473314
-0.270058 -0.834315 0.480611
-0.21033 -0.848571 0.485477
-0.149861 -0.85996 0.487863
-0.0888341 -0.868442 0.487768
-0.0274295 -0.873931 0.485276
0.0342219 -0.876278 0.480588
0.0961079 -0.875258 0.474012
0.158423 -0.870565 0.465852
0.221775 -0.862083 0.455663
0.292608 -0.844159 0.449194
0.363988 -0.807559 0.46407
0.418333 -0.77277 0.477309
0.471197 -0.734963 0.487651
0.52027 -0.694411 0.497104
0.567019 -0.65114 0.504486
0.60973 -0.605656 0.511282
0.649263 -0.558462 0.516312
0.686214 -0.509827 0.518832
0.720867 -0.459981 0.518429
0.753355 -0.409158 0.514827
0.783705 -0.357575 0.507885
0.811819 -0.305387 0.497683
0.837453 -0.252564 0.484649
0.860233 -0.198675 0.469604
0.87986 -0.1429 0.45324
0.89605 -0.0836283 0.436006
0.878468 -0.0455273 0.475628
0.939964 0.0262445 0.340264
0.915535 0.0431231 0.39992
0.929803 0.0865311 0.357742
0.916016 0.144323 0.374279
0.898689 0.200319 0.390167
0.878001 0.255014 0.405071
0.854097 0.308673 0.418615
0.827125 0.36149 0.430337
0.797259 0.413678 0.439601
0.764647 0.465193 0.445994
0.72937 0.515781 0.449432
0.691438 0.565144 0.450028
0.650746 0.613011 0.448048
0.606999 0.659096 0.444011
0.559851 0.702957 0.438655
0.510304 0.744044 0.431263
0.4576 0.78227 0.422676
0.402344 0.817379 0.412324
0.340433 0.847952 0.406304
0.290165 0.876154 0.384913
0.231865 0.888308 0.396417
0.168451 0.899484 0.403179
0.106304 0.905136 0.411617
0.0447423 0.906725 0.419342
-0.0164684 0.904603 0.425938
-0.0774628 0.899147 0.430738
-0.138203 0.890618 0.433242
-0.198541 0.879139 0.43324
-0.258305 0.864723 0.430735
-0.31735 0.847316 0.425846
-0.375582 0.826781 0.418775
-0.433016 0.802721 0.410044
-0.489618 0.774153 0.401201
-0.543462 0.743121 0.390411
-0.595328 0.70767 0.380511
-0.640961 0.672737 0.369585
-0.686096 0.640269 0.345439
-0.71951 0.59488 0.358362
-0.750639 0.54616 0.371821
-0.779771 0.494647 0.383773
-0.806427 0.440736 0.394242
-0.830323 0.384782 0.403121
-0.815904 0.353876 0.457245
-0.835548 0.295156 0.463402
-0.85214 0.235302 0.467429
-0.865728 0.174429 0.469136
-0.876214 0.112546 0.468595
-0.882912 0.0492789 0.466945
-0.885187 -0.014945 0.464995
-0.882939 -0.078823 0.462823
-0.876527 -0.141348 0.460133
-0.866784 -0.202595 0.455677
-0.854106 -0.262721 0.448866
-0.838543 -0.32166 0.439751
-0.820072 -0.37931 0.428493
-0.798617 -0.435595 0.415292
-0.774039 -0.490503 0.400338
-0.746118 -0.544127 0.383709
-0.714516 -0.596724 0.365223
-0.673037 -0.620841 0.401968
-0.639155 -0.670258 0.377141
-0.590249 -0.715895 0.372963
-0.535225 -0.750921 0.386849
-0.477753 -0.783871 0.396608
-0.420459 -0.810271 0.408259
-0.362598 -0.832618 0.418653
-0.303909 -0.851656 0.426991
-0.244396 -0.86762 0.43302
-0.184164 -0.880591 0.436626
-0.123376 -0.890587 0.437759
-0.0622217 -0.897573 0.436452
-0.000878682 -0.901447 0.432888
0.0605513 -0.902016 0.427436
0.122079 -0.899005 0.420579
0.183749 -0.892172 0.412632
0.245883 -0.880335 0.40565
0.303252 -0.867002 0.395406
0.353152 -0.837851 0.416281
0.412244 -0.80585 0.425042
0.465816 -0.769953 0.436104
0.516955 -0.731105 0.445246
0.564845 -0.689588 0.453231
0.609989 -0.64553 0.45957
0.651652 -0.59939 0.464845
0.690324 -0.551571 0.468212
0.726421 -0.502349 0.468996
0.760159 -0.451984 0.466763
0.791622 -0.400742 0.461238
0.820772 -0.348873 0.45235
0.847427 -0.296492 0.440409
0.871219 -0.243282 0.42637
0.891704 -0.188468 0.411513
0.908508 -0.131284 0.396709
0.920368 -0.0706691 0.384614
0.924589 -0.0137861 0.380717
0.958263 0.0149001 0.285499
0.951414 0.0744314 0.298782
0.940114 0.132159 0.314196
0.925117 0.188592 0.329532
0.906568 0.243702 0.344591
0.88465 0.297685 0.358856
0.859509 0.350707 0.371818
0.831269 0.402919 0.382947
0.800087 0.454572 0.391441
0.766089 0.50555 0.396896
0.729337 0.555496 0.399363
0.689809 0.604042 0.399121
0.647375 0.650842 0.396624
0.601955 0.695472 0.39239
0.554169 0.737401 0.386182
0.504134 0.776285 0.378458
0.452662 0.81163 0.369262
0.399901 0.843002 0.359759
0.348863 0.869491 0.349684
0.299535 0.895541 0.329067
0.244211 0.908309 0.33961
0.18739 0.918385 0.348503
0.128236 0.925662 0.355957
0.0684417 0.929058 0.363548
0.00832474 0.928788 0.370517
-0.0519572 0.925057 0.376258
-0.112289 0.918135 0.380025
-0.172459 0.908186 0.381388
-0.232228 0.895249 0.380264
-0.291391 0.879283 0.376767
-0.349801 0.860179 0.371121
-0.407366 0.837695 0.363757
-0.463917 0.811413 0.355515
-0.518489 0.78211 0.345649
-0.571177 0.749272 0.335184
-0.620839 0.714253 0.32311
-0.667884 0.678324 0.30628
-0.719283 0.628111 0.296831
-0.755374 0.576281 0.311946
-0.787257 0.523839 0.325298
-0.815807 0.470071 0.336886
-0.841254 0.414745 0.346812
-0.863652 0.357844 0.35504
-0.851293 0.327083 0.410265
-0.869253 0.267908 0.415482
-0.884187 0.207438 0.418549
-0.912437 0.178417 0.368275
-0.895995 0.145763 0.419459
-0.904257 0.082768 0.41889
-0.908515 0.018741 0.417431
-0.908607 -0.0455059 0.415165
-0.904583 -0.109096 0.412102
-0.896766 -0.171419 0.407954
-0.885681 -0.232443 0.40192
-0.871584 -0.29219 0.393658
-0.854513 -0.350589 0.383268
-0.834421 -0.407573 0.370979
-0.811188 -0.463108 0.357078
-0.78461 -0.517224 0.341857
-0.754399 -0.570044 0.325472
-0.720254 -0.621757 0.307656
-0.679375 -0.648855 0.342691
-0.629066 -0.705377 0.326678
-0.567793 -0.75257 0.333542
-0.511546 -0.787556 0.343624
-0.453685 -0.818335 0.352842
-0.39571 -0.843628 0.362912
-0.337211 -0.8649 0.371802
-0.27802 -0.882761 0.378731
-0.218174 -0.897444 0.383399
-0.157815 -0.909044 0.385659
-0.0971596 -0.917596 0.385457
-0.036472 -0.923075 0.382887
0.0239848 -0.925379 0.378285
0.0839971 -0.92435 0.372184
0.143304 -0.919903 0.365023
0.201608 -0.911875 0.357544
0.257777 -0.901029 0.348851
0.312319 -0.887394 0.339099
0.360872 -0.860532 0.359523
0.410776 -0.832424 0.371931
0.462426 -0.799981 0.382351
0.5127 -0.763818 0.392072
0.561344 -0.724397 0.400177
0.607497 -0.682161 0.406944
0.651001 -0.637422 0.412177
0.691453 -0.590633 0.415986
0.729099 -0.542174 0.417687
0.764195 -0.492347 0.416654
0.796878 -0.441448 0.412442
0.827173 -0.389778 0.404794
0.854973 -0.337549 0.393804
0.879969 -0.284523 0.380396
0.9017 -0.229733 0.366278
0.919805 -0.172128 0.352605
0.933722 -0.110176 0.340623
0.942975 -0.043655 0.329988
0.974427 -0.0076866 0.224574
0.969573 0.0541935 0.238727
0.960769 0.114715 0.252514
0.947981 0.172834 0.267321
0.931568 0.229221 0.282204
0.911678 0.284104 0.296864
0.888466 0.337738 0.310742
0.862052 0.390318 0.323293
0.832517 0.44201 0.33398
0.799981 0.493174 0.341773
0.76456 0.543601 0.346331
0.726315 0.592816 0.347903
0.685243 0.640369 0.346943
0.641397 0.685823 0.343886
0.595211 0.728703 0.338698
0.547025 0.76865 0.331575
0.497305 0.80532 0.322718
0.445938 0.838603 0.312865
0.393311 0.868454 0.301819
0.340185 0.895557 0.286795
0.275661 0.919848 0.279088
0.214342 0.932712 0.290009
0.153965 0.941999 0.298216
0.0937849 0.94753 0.3056
0.0338458 0.949199 0.31285
-0.0260186 0.947261 0.319406
-0.0859267 0.941988 0.32446
-0.145817 0.933616 0.32726
-0.205466 0.92222 0.327558
-0.264633 0.907775 0.325444
-0.32312 0.890199 0.321154
-0.38076 0.869348 0.315049
-0.437331 0.845037 0.307658
-0.492236 0.817595 0.298734
-0.545243 0.787018 0.288638
-0.595661 0.753911 0.277139
-0.64335 0.718905 0.263205
-0.689583 0.679125 0.251527
-0.730124 0.6401 0.239146
-0.762912 0.594701 0.253565
-0.794246 0.546124 0.266311
-0.823149 0.495028 0.278159
-0.849433 0.441698 0.288733
-0.872922 0.386388 0.297845
-0.893485 0.329301 0.30536
-0.882996 0.299435 0.361463
-0.899279 0.239602 0.365908
-0.925501 0.210294 0.314999
-0.922206 0.115906 0.368921
-0.928243 0.0523204 0.368278
-0.930358 -0.0117598 0.366463
-0.928518 -0.0756773 0.363493
-0.922828 -0.138792 0.35934
-0.913572 -0.200657 0.353726
-0.901092 -0.261159 0.346165
-0.885538 -0.320263 0.336533
-0.866903 -0.37794 0.325024
-0.845095 -0.434172 0.311945
-0.819912 -0.489004 0.297692
-0.791008 -0.54259 0.28267
-0.757836 -0.595307 0.267011
-0.718108 -0.648449 0.252657
-0.67909 -0.674705 0.289155
-0.64345 -0.71632 0.269923
-0.596498 -0.750982 0.283224
-0.542152 -0.788803 0.289587
-0.485863 -0.821472 0.29853
-0.427934 -0.850067 0.307017
-0.369545 -0.873963 0.315634
-0.310632 -0.893959 0.323026
-0.251145 -0.910504 0.328495
-0.191165 -0.923807 0.331718
-0.130866 -0.933974 0.332515
-0.0704775 -0.941053 0.330836
-0.0102243 -0.945007 0.326891
0.0498015 -0.945692 0.321227
0.109659 -0.942933 0.314406
0.169517 -0.936501 0.306968
0.229504 -0.92632 0.298763
0.290256 -0.912581 0.288008
0.353121 -0.887337 0.296544
0.405301 -0.858903 0.313077
0.456704 -0.827847 0.325716
0.507164 -0.793565 0.336214
0.555947 -0.756121 0.345259
0.602894 -0.715695 0.352562
0.647499 -0.672575 0.358313
0.689512 -0.627064 0.362441
0.728711 -0.579565 0.364809
0.765207 -0.530453 0.364799
0.79913 -0.480085 0.361815
0.83052 -0.428847 0.355425
0.859316 -0.377095 0.345508
0.885297 -0.324788 0.332809
0.908045 -0.271017 0.319381
0.927198 -0.215034 0.3067
0.942383 -0.15675 0.29554
0.953434 -0.0978471 0.285288
0.960854 -0.0413542 0.273952
0.983172 0.0307919 0.180071
0.976778 0.0943332 0.192371
0.966388 0.154806 0.205255
0.952207 0.212671 0.219258
0.934482 0.268632 0.233623
0.913364 0.323018 0.247842
0.888974 0.376092 0.261305
0.861392 0.428051 0.273451
0.830651 0.479057 0.283766
0.796807 0.529624 0.290854
0.759988 0.579387 0.294499
0.720308 0.627714 0.295181
0.677924 0.674054 0.293379
0.633239 0.717894 0.289199
0.58676 0.758807 0.28271
0.538986 0.79644 0.274184
0.489877 0.830695 0.264513
0.439648 0.861505 0.254003
0.388822 0.889018 0.241794
0.335669 0.913277 0.230761
0.2833 0.933071 0.221631
0.228605 0.945566 0.231614
0.172463 0.955531 0.239199
0.115283 0.962294 0.246374
0.0573277 0.965656 0.253421
-0.00105827 0.965523 0.260315
-0.0597623 0.961991 0.26646
-0.118812 0.955277 0.270793
-0.178013 0.9455 0.272654
-0.237033 0.932647 0.272003
-0.295564 0.916648 0.269071
-0.353354 0.897409 0.264192
-0.410146 0.874836 0.257764
-0.465533 0.849055 0.249767
-0.519248 0.820142 0.24031
-0.570908 0.788354 0.229264
-0.620393 0.753844 0.216406
-0.668621 0.715034 0.204138
-0.714832 0.672938 0.190182
-0.759388 0.622413 0.189555
-0.79423 0.572288 0.204169
-0.825498 0.52108 0.21686
-0.85349 0.468388 0.228401
-0.878448 0.414058 0.238505
-0.900394 0.358097 0.247099
-0.919293 0.300533 0.254126
-0.911032 0.270578 0.31114
-0.935088 0.241391 0.259501
-0.947724 0.180652 0.26303
-0.936724 0.14854 0.316994
-0.944427 0.0855935 0.317381
-0.9484 0.021944 0.316315
-0.948553 -0.0418582 0.313839
-0.94491 -0.105254 0.309947
-0.937614 -0.167705 0.304559
-0.926908 -0.228825 0.297458
-0.913002 -0.288484 0.288451
-0.895953 -0.346679 0.277635
-0.875724 -0.403401 0.265281
-0.852176 -0.458677 0.251817
-0.825042 -0.5126 0.237796
-0.793942 -0.565323 0.223754
-0.75836 -0.616976 0.210312
-0.719614 -0.66572 0.197415
-0.676227 -0.702208 0.222758
-0.623258 -0.749184 0.224214
-0.571328 -0.786173 0.235618
-0.515839 -0.821375 0.24342
-0.458883 -0.852129 0.2516
-0.400682 -0.878775 0.259246
-0.341953 -0.901144 0.266472
-0.282758 -0.919714 0.27235
-0.223149 -0.934813 0.276277
-0.163295 -0.946627 0.277907
-0.103464 -0.95527 0.277044
-0.0439652 -0.960798 0.273741
0.015005 -0.963156 0.268524
0.0734169 -0.962225 0.262169
0.131155 -0.957959 0.255173
0.187973 -0.950391 0.247837
0.243671 -0.939629 0.240255
0.297856 -0.926451 0.230155
0.349558 -0.905599 0.240207
0.401778 -0.880229 0.252529
0.451453 -0.851606 0.266379
0.500677 -0.819778 0.278004
0.549058 -0.784602 0.287985
0.596115 -0.746222 0.29631
0.641459 -0.704862 0.302819
0.6846 -0.660828 0.307618
0.725232 -0.614461 0.310606
0.76318 -0.566161 0.311478
0.798462 -0.516337 0.309603
0.831106 -0.465431 0.304365
0.861059 -0.413911 0.295389
0.888155 -0.361928 0.283177
0.912072 -0.308561 0.270028
0.932528 -0.252922 0.257724
0.949311 -0.194828 0.246678
0.96231 -0.134754 0.236221
0.971827 -0.0734482 0.223958
0.992159 0.019729 0.123414
0.98797 0.0787194 0.133111
0.979931 0.137611 0.144215
0.968136 0.195552 0.156438
0.952727 0.251933 0.169829
0.93387 0.306812 0.183718
0.911686 0.360308 0.197501
0.886257 0.412565 0.210568
0.857621 0.463721 0.222373
0.825751 0.5139 0.232469
0.790598 0.563826 0.238861
0.752339 0.612891 0.24156
0.711232 0.660277 0.241212
0.667689 0.705337 0.238098
0.622308 0.747538 0.232207
0.575659 0.786479 0.223758
0.527512 0.822156 0.213986
0.477863 0.854573 0.203352
0.426858 0.883797 0.19156
0.373636 0.909908 0.180177
0.318201 0.932724 0.169632
0.258448 0.951242 0.168357
0.20105 0.963454 0.177018
0.143358 0.972343 0.184383
0.0853714 0.97775 0.191615
0.0271349 0.979668 0.198784
-0.0312701 0.978117 0.205692
-0.089858 0.973191 0.21172
-0.148796 0.965095 0.215526
-0.207846 0.953876 0.216613
-0.266614 0.939478 0.215168
-0.324743 0.921839 0.211554
-0.381904 0.900917 0.206149
-0.437701 0.876802 0.199088
-0.491759 0.849652 0.190433
-0.54364 0.81976 0.180134
-0.593023 0.787415 0.168231
-0.640082 0.752239 0.156304
-0.684191 0.714875 0.144346
-0.725389 0.675499 0.132334
-0.762795 0.633194 0.131186
-0.796329 0.587774 0.142768
-0.827011 0.540393 0.155014
-0.855244 0.490695 0.166664
-0.880903 0.438802 0.177375
-0.903871 0.38486 0.186816
-0.923981 0.329033 0.194928
-0.941105 0.271427 0.201618
-0.955107 0.212121 0.206823
-0.96593 0.151116 0.210102
-0.957024 0.118521 0.264686
-0.962763 0.0554555 0.264598
-0.964797 -0.00802088 0.262873
-0.963093 -0.0713817 0.25953
-0.957731 -0.134083 0.254507
-0.948881 -0.195608 0.247713
-0.936731 -0.255648 0.239123
-0.921371 -0.314166 0.228855
-0.902843 -0.37114 0.217096
-0.881116 -0.426532 0.204216
-0.856099 -0.48031 0.19078
-0.827711 -0.532385 0.177373
-0.796048 -0.582466 0.164441
-0.762078 -0.629643 0.150951
-0.72592 -0.67358 0.13903
-0.684593 -0.710656 0.162176
-0.641358 -0.748367 0.169135
-0.592491 -0.785672 0.177971
-0.541234 -0.819694 0.187529
-0.486566 -0.851498 0.195458
-0.429772 -0.879835 0.202944
-0.371547 -0.904429 0.209668
-0.312583 -0.925114 0.215538
-0.253118 -0.942119 0.219869
-0.193341 -0.955662 0.222104
-0.133527 -0.965894 0.221854
-0.0740144 -0.972923 0.218957
-0.0150062 -0.976754 0.213839
0.0436059 -0.97726 0.207511
0.101811 -0.974404 0.200428
0.159569 -0.968149 0.192939
0.216925 -0.95842 0.185404
0.273859 -0.945423 0.176569
0.333021 -0.925891 0.178388
0.387555 -0.902049 0.190025
0.439708 -0.874925 0.202885
0.489532 -0.844716 0.216365
0.53833 -0.811319 0.227954
0.585952 -0.77468 0.237764
0.632124 -0.734922 0.24558
0.676429 -0.692285 0.251368
0.71843 -0.64709 0.255212
0.757847 -0.599705 0.256948
0.794532 -0.550562 0.256126
0.828446 -0.50015 0.252047
0.859532 -0.449032 0.244082
0.887666 -0.397534 0.232415
0.912656 -0.344782 0.219511
0.934315 -0.289778 0.207566
0.952485 -0.232345 0.196945
0.967023 -0.172567 0.187315
0.977879 -0.11007 0.17787
0.984153 -0.0397934 0.172798
0.998053 -0.00425322 0.0622332
0.995853 0.0562507 0.0715026
0.989897 0.115843 0.0817545
0.980272 0.17441 0.0929931
0.967077 0.231718 0.105209
0.950432 0.287489 0.118445
0.930444 0.341778 0.132141
0.907188 0.394695 0.145691
0.880705 0.446343 0.158542
0.850991 0.496835 0.170202
0.817966 0.546263 0.180359
0.78137 0.59568 0.186079
0.741531 0.644125 0.18771
0.698974 0.690553 0.185938
0.654436 0.734184 0.180793
0.608725 0.774432 0.172362
0.561382 0.81144 0.162528
0.512343 0.845251 0.151839
0.461535 0.875934 0.140447
0.408501 0.903564 0.129224
0.35297 0.928035 0.119011
0.293464 0.949148 0.114008
0.233183 0.965663 0.114549
0.17482 0.97703 0.121862
0.116426 0.984808 0.128837
0.0579517 0.989016 0.135975
-0.00059285 0.989696 0.143182
-0.0591943 0.986897 0.150099
-0.117906 0.980684 0.156067
-0.177013 0.971217 0.159385
-0.236187 0.958486 0.159748
-0.294948 0.942435 0.157548
-0.352873 0.923039 0.153229
-0.409547 0.900362 0.147038
-0.464558 0.874559 0.13904
-0.517454 0.845909 0.129152
-0.567893 0.814685 0.117414
-0.616052 0.780656 0.105148
-0.661857 0.743866 0.0927837
-0.705464 0.704144 0.0806375
-0.747902 0.659657 0.0741308
-0.786896 0.612166 0.0777697
-0.820474 0.564699 0.0890876
-0.850586 0.515933 0.101568
-0.87791 0.465208 0.113386
-0.90248 0.412482 0.124048
-0.924205 0.357849 0.133373
-0.94294 0.301443 0.14141
-0.958574 0.24333 0.148077
-0.970966 0.183595 0.153352
-0.980116 0.122145 0.156379
-0.973381 0.0887849 0.211297
-0.977244 0.0257181 0.210553
-0.977415 -0.0375018 0.207974
-0.973922 -0.100293 0.203511
-0.966907 -0.16205 0.197055
-0.956534 -0.222343 0.188698
-0.942868 -0.281134 0.178783
-0.925979 -0.338412 0.167449
-0.905882 -0.39417 0.154944
-0.882504 -0.448436 0.141747
-0.855689 -0.501294 0.128456
-0.825243 -0.552843 0.115495
-0.791032 -0.603132 0.102469
-0.752327 -0.652835 0.088375
-0.704024 -0.703792 0.0950123
-0.660273 -0.74303 0.109294
-0.613136 -0.780984 0.118859
-0.563326 -0.8162 0.128384
-0.511192 -0.84836 0.137722
-0.456293 -0.877823 0.145682
-0.399292 -0.904032 0.152615
-0.340827 -0.926679 0.158436
-0.281507 -0.945617 0.162979
-0.221685 -0.960941 0.165673
-0.161705 -0.972788 0.165939
-0.10198 -0.981279 0.163375
-0.0427782 -0.986469 0.158269
0.016125 -0.988255 0.151958
0.0747444 -0.986622 0.144879
0.133069 -0.981533 0.137423
0.191175 -0.972893 0.130122
0.249109 -0.960694 0.122525
0.308878 -0.94321 0.122265
0.367658 -0.921125 0.127894
0.42222 -0.895712 0.139389
0.474167 -0.867165 0.152286
0.523885 -0.835567 0.165448
0.572255 -0.800747 0.176996
0.61931 -0.762656 0.186576
0.664813 -0.721431 0.193805
0.708263 -0.677396 0.198743
0.749221 -0.630945 0.201436
0.787412 -0.582531 0.201595
0.822668 -0.532711 0.198588
0.854877 -0.48215 0.191617
0.883948 -0.431335 0.180516
0.909855 -0.379477 0.16781
0.932539 -0.325585 0.156097
0.951858 -0.269675 0.145749
0.967649 -0.21212 0.136603
0.97979 -0.15343 0.128338
0.98807 -0.0938386 0.122113
0.99264 -0.0368365 0.115364
0.999513 0.0293514 0.0106089
0.995721 0.0903406 0.0194595
0.988248 0.149969 0.0295844
0.977216 0.208297 0.0407497
0.962737 0.265209 0.0529272
0.944924 0.320553 0.066066
0.923846 0.37439 0.0796297
0.89954 0.426821 0.0930114
0.87202 0.477913 0.105738
0.841247 0.527753 0.117389
0.807104 0.576392 0.12789
0.768939 0.625371 0.132832
0.727446 0.673153 0.132996
0.683709 0.718281 0.128896
0.639012 0.759714 0.12041
0.592558 0.797906 0.110545
0.544325 0.832917 0.099799
0.494038 0.864895 0.0887886
0.4415 0.893876 0.0778725
0.386419 0.919816 0.0679551
0.328038 0.942657 0.061547
0.267865 0.961674 0.0585766
0.207611 0.976379 0.059843
0.148746 0.986658 0.066192
0.0899651 0.993277 0.0728521
0.0312036 0.996314 0.0799077
-0.0275376 0.995815 0.087141
-0.0862809 0.99182 0.0940652
-0.145098 0.984349 0.100021
-0.204422 0.973465 0.102851
-0.26379 0.959121 0.102481
-0.322602 0.941292 0.0994894
-0.380341 0.920027 0.0942923
-0.436518 0.895477 0.0870227
-0.490599 0.867926 0.0775719
-0.542146 0.837692 0.0659503
-0.591375 0.80462 0.0534985
-0.6384 0.76861 0.0410391
-0.683444 0.729419 0.0291837
-0.727346 0.685936 0.0214256
-0.769301 0.638586 0.0195682
-0.807039 0.590005 0.024113
-0.840008 0.541448 0.034941
-0.869424 0.491778 0.0474924
-0.895936 0.4402 0.0593555
-0.919564 0.386663 0.0699625
-0.940196 0.331289 0.0792393
-0.957693 0.274231 0.0873059
-0.971954 0.215548 0.0940427
-0.982836 0.155348 0.099498
-0.990379 0.0933198 0.102179
-0.985811 0.0594754 0.156972
-0.987849 -0.00367207 0.155373
-0.986192 -0.0665934 0.151629
-0.98096 -0.12854 0.145583
-0.97234 -0.188927 0.137341
-0.960376 -0.247778 0.127609
-0.94517 -0.305058 0.116587
-0.926816 -0.3607 0.104439
-0.905365 -0.41465 0.0915441
-0.880825 -0.466887 0.0785062
-0.853251 -0.517325 0.0658624
-0.822851 -0.565711 0.0537306
-0.789847 -0.61185 0.042209
-0.754987 -0.655089 0.02922
-0.716759 -0.696295 0.03781
-0.67412 -0.737142 0.046727
-0.63 -0.774418 0.0581093
-0.582781 -0.809793 0.0678422
-0.532862 -0.842636 0.0775999
-0.480351 -0.872765 0.0868576
-0.4251 -0.900185 0.094645
-0.367684 -0.924452 0.100985
-0.308778 -0.945227 0.105838
-0.249007 -0.962354 0.108948
-0.188889 -0.975852 0.109695
-0.128984 -0.98581 0.107434
-0.0696812 -0.992314 0.102263
-0.0106171 -0.995329 0.095955
0.0482388 -0.994871 0.0889089
0.106883 -0.990924 0.0815185
0.165393 -0.983417 0.0743992
0.223847 -0.972275 0.0676322
0.283619 -0.956633 0.0664255
0.343151 -0.936686 0.0697626
0.40076 -0.912944 0.0769718
0.454877 -0.886156 0.0883963
0.506392 -0.856344 0.101206
0.555738 -0.823491 0.114097
0.603529 -0.787384 0.125614
0.649973 -0.747892 0.134885
0.694804 -0.705169 0.141366
0.737388 -0.659677 0.145209
0.777241 -0.611943 0.146363
0.814041 -0.562599 0.144292
0.847545 -0.512444 0.138091
0.877637 -0.462099 0.12735
0.904479 -0.410809 0.11469
0.928195 -0.35756 0.102981
0.948686 -0.302354 0.0926089
0.965811 -0.245456 0.083424
0.979448 -0.18718 0.0751338
0.989479 -0.127557 0.0682614
0.995846 -0.0673029 0.0613256
-0.998927 0.000448065 0.0463022
-0.997187 -0.0625064 0.041355
-0.991814 -0.123392 0.032861
-0.982881 -0.182807 0.0229393
-0.970502 -0.240799 0.0118831
0.954789 0.297284 0.000243376
0.935842 0.35217 0.0132901
0.913699 0.405513 0.0267143
0.888369 0.457391 0.0399246
0.859855 0.507827 0.0525544
0.828102 0.55688 0.0642794
0.793001 0.604532 0.0754397
0.753179 0.653029 0.0792107
0.710322 0.69968 0.0767495
0.666859 0.74207 0.0680628
0.621456 0.781283 0.0582225
0.574254 0.817306 0.0473645
0.524752 0.850463 0.0367177
0.472946 0.880703 0.0261511
0.418614 0.908014 0.0164831
0.361374 0.932374 0.00932849
0.30212 0.953258 0.00469555
0.241862 0.970307 0.00276518
0.181705 0.983343 0.00443663
0.122558 0.992409 0.0101594
0.0635572 0.99784 0.0166151
0.00464298 0.99971 0.0236322
-0.0541847 0.998053 0.0309048
-0.112974 0.992877 0.0378535
-0.171808 0.984152 0.0438893
-0.231325 0.971778 0.0462292
-0.290863 0.955702 0.0450783
-0.349643 0.935978 0.0411595
-0.407012 0.91276 0.0347981
-0.46228 0.886356 0.0258928
-0.514831 0.857171 0.0143763
-0.564975 0.825106 0.00179671
0.612968 -0.790034 0.0107521
0.659119 -0.751705 0.0223898
0.704032 -0.7095 0.0308066
0.747228 -0.663649 0.0349367
0.787457 -0.615377 0.0349682
0.823782 -0.566118 0.029892
0.855896 -0.516788 0.0193141
0.884517 -0.466459 0.0067075
-0.910161 0.414223 0.00512922
-0.932806 0.360039 0.0156551
-0.952326 0.304064 0.0248925
-0.968585 0.246481 0.0330218
-0.981487 0.187335 0.0398489
-0.990882 0.126783 0.0456044
-0.996799 0.0641083 0.047775
-0.994332 0.0301683 0.101948
-0.994525 -0.0330909 0.0991174
-0.99103 -0.0954439 0.0935411
-0.984062 -0.15606 0.0852492
-0.973657 -0.215164 0.0754813
-0.959918 -0.272757 0.0644993
-0.942957 -0.328765 0.0524071
-0.922852 -0.383128 0.0394583
-0.899621 -0.435883 0.0262136
-0.873265 -0.487066 0.0132283
-0.843818 -0.536629 0.000736128
0.811251 0.584593 0.0110666
0.775581 0.630821 0.023238
0.734316 0.678367 0.0244727
0.692479 0.721275 0.015331
0.648367 0.761306 0.00569255
-0.602499 -0.798102 0.00535549
-0.55404 -0.832344 0.0156095
-0.50316 -0.863808 0.0257946
-0.449749 -0.89246 0.0352381
-0.393603 -0.918284 0.0428048
-0.33535 -0.940847 0.0484471
-0.275752 -0.959815 0.0521219
-0.215541 -0.975034 0.053385
-0.1555 -0.986497 0.0514104
-0.0962153 -0.994295 0.0460545
-0.0371222 -0.998522 0.0397079
0.0218247 -0.999227 0.0326891
0.0806249 -0.996422 0.0253629
0.139345 -0.990074 0.0183558
0.198071 -0.980113 0.0120779
0.257741 -0.96616 0.010252
0.317367 -0.948223 0.0123223
0.375886 -0.926501 0.0174734
0.432324 -0.901353 0.0256697
0.485742 -0.873314 0.0371113
0.53665 -0.842334 0.0498069
0.585415 -0.808322 0.0624943
0.63247 -0.771039 0.0740291
0.678209 -0.730176 0.0829186
0.722296 -0.685909 0.0884214
0.763879 -0.638945 0.0907688
0.802355 -0.590076 0.0896433
0.837254 -0.540316 0.084049
0.868385 -0.490415 0.0734855
0.896142 -0.439577 0.060842
0.920851 -0.386815 0.0490698
0.942451 -0.332106 0.0386288
0.960808 -0.275651 0.0294195
0.975791 -0.217673 0.0212044
0.987304 -0.158198 0.0142955
0.995201 -0.0975211 0.00805445
0.999392 -0.0342196 0.00674489