-0.77598671 +0.56167011 +0.28700403
+0.95004254 -0.13686053 +0.28051446
-0.23771323 +0.21399153 +0.94747034
-0.41577981 -0.58237807 +0.69854344
+0.79892653 -0.55803261 +0.22431228
-0.55488103 -0.81990358 +0.14094384
+0.67202792 +0.44520517 +0.59175234
+0.75794430 +0.65038038 +0.05025731
+0.12761117 -0.89852276 +0.41996694
-0.75775867 +0.62653793 +0.18235137
+0.60031664 -0.25433753 +0.75824293
-0.02071454 -0.01486627 +0.99967490
+0.21330471 -0.05030357 +0.97568983
-0.49376248 -0.49186295 +0.71712583
+0.01390584 -0.99920562 +0.03734647
+0.62242579 -0.52652397 +0.57910159
-0.61430215 +0.73949903 +0.27527086
+0.51565599 -0.85486546 +0.05748000
+0.81032145 +0.52336825 +0.26356180
+0.36837697 +0.75491493 +0.54258812
+0.32971237 -0.83331838 +0.44370060
-0.65049214 -0.74450551 +0.15023819
+0.44820486 +0.67334377 +0.58798008
+0.09836809 +0.68439029 +0.72244975
+0.40567602 -0.76278213 +0.50357758
-0.16318457 +0.30858711 +0.93709380
+0.07167927 -0.96899900 +0.23643819
+0.99526005 +0.09677208 +0.00962291
+0.29970116 -0.27052430 +0.91487476
+0.67153470 +0.73833684 +0.06244885
+0.60985539 -0.79210836 +0.02531302
+0.21351329 -0.97280897 +0.08974839
+0.46582380 +0.12406456 +0.87613708
-0.04738740 -0.96298946 +0.26534080
-0.48137896 -0.84373169 +0.23746816
+0.66705989 +0.65309317 +0.35846955
+0.36463742 -0.71112376 +0.60111775
-0.94485408 +0.04003841 +0.32503490
+0.79207851 +0.58958897 +0.15810276
-0.09006585 -0.10892905 +0.98996091
+0.86082369 +0.05535251 +0.50588406
-0.60947171 -0.64920579 +0.45505612
+0.68207289 +0.25494636 +0.68540421
-0.54710616 +0.83473647 +0.06236891
+0.07219182 -0.24147648 +0.96771765
+0.72509438 -0.63662827 +0.26256921
+0.43146325 -0.08372511 +0.89823692
-0.65218147 +0.23762047 +0.71985821
+0.26541170 +0.35085714 +0.89802889
+0.32813895 +0.44053962 +0.83561335
-0.07066918 +0.09486918 +0.99297820
-0.51804999 -0.57573077 +0.63258066
-0.80396126 +0.58895064 +0.08236157
+0.24670783 -0.89024727 +0.38287731
-0.21149957 -0.09469876 +0.97277956
+0.26343673 -0.46944361 +0.84274776
-0.52530141 +0.12648125 +0.84146356
-0.21972096 +0.91582254 +0.33614249
-0.99372022 -0.04770709 +0.10121345
-0.86966491 +0.48566341 +0.08839676
+0.66305559 -0.72363735 +0.19158883
-0.38532029 +0.91000482 +0.15303431
-0.08760419 -0.41673184 +0.90479836
-0.20339121 +0.40837165 +0.88986775
-0.92385060 +0.15317665 +0.35076628
+0.02789507 -0.12876387 +0.99128287
-0.90382968 -0.22609757 +0.36327923
+0.16881366 +0.06285702 +0.98364167
-0.94420658 -0.18889739 +0.26979938
-0.96405395 +0.11429148 +0.23986964
+0.12645590 -0.99195991 +0.00494468
+0.80123131 +0.28955261 +0.52362932
+0.88178275 -0.33912464 +0.32780125
-0.48553129 +0.01897603 +0.87401332
-0.83335950 +0.30104043 +0.46355863
+0.14957791 -0.45789926 +0.87633026
+0.66741365 -0.57002957 +0.47919235
-0.95498221 -0.24400824 +0.16872749
-0.42306724 -0.80102055 +0.42353298
+0.41143519 -0.27724682 +0.86824840
-0.86205377 -0.03737361 +0.50543695
+0.82491276 +0.36306642 +0.43324555
+0.90258522 -0.36848542 +0.22261721
-0.04148128 -0.51911835 +0.85369517
-0.73619885 -0.37615300 +0.56260126
+0.09530426 -0.84713575 +0.52276010
-0.86503365 -0.33799950 +0.37077368
+0.54016353 +0.40120872 +0.73976680
-0.71250340 -0.28214196 +0.64244441
-0.01597119 -0.98791278 +0.15418582
-0.93700402 +0.23107988 +0.26196481
-0.44211516 +0.52859263 +0.72465441
+0.78474330 -0.38651391 +0.48454612
-0.72819208 +0.68164070 +0.07143008
+0.94878886 -0.28214824 +0.14209881
+0.49548365 +0.77891222 +0.38443688
+0.93986215 +0.33948596 +0.03752892
+0.19435112 +0.26472539 +0.94453592
+0.87058817 -0.06505758 +0.48769226
+0.15985611 -0.93600440 +0.31359495
-0.10510270 +0.94290070 +0.31605646
-0.82803360 +0.52829659 +0.18778463
-0.30471690 +0.92000436 +0.24645403
+0.82213662 -0.42447724 +0.37935532
-0.73535485 +0.23580612 +0.63533355
-0.68146446 +0.33668114 +0.64980921
+0.14525282 -0.14676809 +0.97844813
-0.38352666 +0.67509258 +0.63020418
+0.76746965 -0.64059208 +0.02514206
-0.80553113 -0.36113584 +0.46978772
+0.32533944 -0.06673972 +0.94323913
-0.13639603 -0.80969290 +0.57078327
+0.52546629 -0.09983551 +0.84493672
-0.17426913 -0.73185654 +0.65879911
+0.82959656 +0.55602879 +0.05100524
+0.52649245 -0.57998184 +0.62163234
-0.16658523 -0.94255221 +0.28955948
-0.64037628 +0.60157490 +0.47752054
-0.46246748 +0.22875198 +0.85661915
+0.00096552 +0.18986528 +0.98180968
-0.04624248 +0.57982257 +0.81342942
+0.58919572 +0.29091501 +0.75380160
+0.59865434 -0.02009901 +0.80075527
+0.47535027 -0.67916537 +0.55926426
-0.24244851 +0.58924815 +0.77071742
+0.25271901 +0.76520382 +0.59211165
-0.58959036 -0.19177138 +0.78460623
+0.81572578 -0.14758485 +0.55929434
+0.89647508 -0.44266443 +0.01950985
-0.58204575 -0.77484018 +0.24666868
-0.71313968 +0.58598995 +0.38476951
+0.86322879 -0.48264123 +0.14796454
+0.72306512 +0.33055313 +0.60655706
-0.59097820 -0.48525523 +0.64441611
-0.18045922 +0.76676677 +0.61603830
-0.01615263 +0.91693992 +0.39869823
-0.34948187 -0.72606703 +0.59219008
-0.56397602 -0.39587976 +0.72471392
-0.33697379 -0.93412267 +0.11774340
+0.55170772 +0.64567950 +0.52793615
+0.49804635 -0.20577137 +0.84238232
-0.00103793 -0.61757406 +0.78651205
+0.37877455 +0.52619898 +0.76134386
-0.46245255 +0.75933813 +0.45775893
+0.41880711 -0.90277794 +0.09794182
+0.71933586 +0.13759032 +0.68090001
-0.89079100 +0.26709909 +0.36762682
+0.39558226 +0.02966429 +0.91795136
+0.22894143 +0.94847103 +0.21906285
-0.56150556 +0.23465541 +0.79350384
+0.95605166 +0.26225145 +0.13110836
-0.81548039 -0.44290048 +0.37260019
+0.57543612 -0.62860003 +0.52319716
-0.60695808 -0.57080968 +0.55297215
+0.84805638 -0.45720079 +0.26789517
+0.43016730 -0.62527300 +0.65114497
+0.83748418 +0.17377220 +0.51809600
-0.76376586 +0.32316139 +0.55877404
+0.30472528 +0.62014088 +0.72288851
-0.60154623 -0.71767125 +0.35084201
-0.81597001 -0.51183909 +0.26872605
+0.04684937 +0.81839048 +0.57274965
-0.58642999 +0.79219278 +0.16890963
+0.77830862 -0.53240472 +0.33283766
+0.70712504 -0.45875229 +0.53807110
-0.98198906 -0.17075167 +0.08087866
-0.15678983 +0.98098098 +0.11442580
-0.67805270 +0.71290519 +0.17891540
+0.51427519 -0.72293850 +0.46139024
+0.61261526 -0.66992952 +0.41940073
+0.13195105 +0.76071012 +0.63553838
-0.83876639 +0.07046908 +0.53991207
-0.44904406 +0.89297095 +0.03102126
-0.62681292 -0.29298766 +0.72198601
-0.22437213 -0.39649356 +0.89019661
-0.48597118 +0.86011988 +0.15500258
-0.67622395 -0.47708626 +0.56134648
-0.53348221 -0.29782699 +0.79164121
+0.18818796 +0.62423947 +0.75822844
+0.84193991 -0.53931895 +0.01650050
+0.93328898 -0.25392756 +0.25395370
+0.80925489 -0.57622011 +0.11435430
-0.89639460 +0.34563019 +0.27751845
-0.24486421 +0.86487686 +0.43821176
+0.18901727 -0.96068737 +0.20335253
+0.55712840 -0.48588215 +0.67344375
+0.41604052 +0.84873374 +0.32643732
+0.36390217 -0.86905944 +0.33512820
-0.46629861 +0.60464174 +0.64573522
+0.69899921 +0.51491707 +0.49624644
+0.49175307 -0.44122903 +0.75066361
-0.38724310 -0.19416693 +0.90130016
-0.27741958 -0.19081369 +0.94160953
+0.66345730 +0.05897983 +0.74588591
+0.04056134 -0.93756373 +0.34544033
-0.52015239 -0.85343203 +0.03309469
-0.55751353 +0.68586158 +0.46773128
-0.15857827 -0.20106777 +0.96665645
-0.55867347 +0.60726197 +0.56490429
+0.30412174 +0.86744558 +0.39376152
+0.51475552 +0.81329622 +0.27124898
-0.97042639 +0.18729626 +0.15229160
+0.11959124 +0.95940485 +0.25542176
+0.79578197 +0.09553431 +0.59800021
+0.12246202 +0.17346034 +0.97719730
-0.35333694 +0.22251025 +0.90864856
+0.90615256 -0.22090297 +0.36067911
-0.28501249 -0.47781514 +0.83093957
-0.64810682 +0.75811882 +0.07220394
+0.97067032 -0.17061636 +0.16937882
-0.04789228 +0.29780713 +0.95342396
-0.34513348 +0.51859821 +0.78226516
+0.32369352 +0.90131513 +0.28784291
+0.53270332 +0.83016792 +0.16446397
+0.57148866 -0.78242480 +0.24741086
-0.15545931 +0.83853781 +0.52219417
+0.07341957 +0.28029282 +0.95710266
+0.51559279 -0.31274914 +0.79771678
-0.98915092 +0.06720083 +0.13063121
+0.66847992 +0.69943407 +0.25283707
-0.80123562 -0.05812403 +0.59551917
+0.14375711 +0.36878653 +0.91833022
-0.43219394 -0.65667456 +0.61805090
-0.49208647 -0.19335073 +0.84880292
+0.43402049 +0.87740502 +0.20441781
-0.13662065 +0.62610603 +0.76767574
-0.27029620 +0.95255045 +0.13995574
-0.98931852 +0.14030369 +0.03954413
-0.11646660 -0.31599238 +0.94158608
+0.03629038 +0.98461423 +0.17093220
-0.52414287 -0.72961669 +0.43924223
+0.63081055 +0.17661101 +0.75557038
-0.31760469 -0.58184123 +0.74872428
-0.31116836 -0.85858768 +0.40743276
-0.92313154 +0.37647362 +0.07807542
+0.54610946 -0.75776573 +0.35714921
+0.58414625 -0.37265203 +0.72104342
+0.91654244 -0.10192981 +0.38673022
-0.35626737 +0.81991047 +0.44812987
-0.33281593 +0.87566159 +0.34992904
-0.72310640 -0.07711778 +0.68641823
-0.24818612 -0.77001342 +0.58777800
+0.37584532 +0.92334045 +0.07863020
+0.74971707 -0.22909983 +0.62083620
+0.81286123 -0.02523271 +0.58191059
-0.93667405 +0.30554588 +0.17112406
-0.04462832 +0.99552969 +0.08324036
-0.91036655 -0.40959385 +0.05886954
+0.09742255 -0.03286876 +0.99470020
-0.95347262 -0.29414825 +0.06608157
-0.76260427 -0.17168395 +0.62366606
+0.35651369 +0.14014412 +0.92371944
-0.50633791 -0.79277569 +0.33930609
-0.42159481 +0.12330659 +0.89836145
+0.60529965 -0.14516415 +0.78264915
-0.63324172 +0.67539700 +0.37794685
+0.58143689 +0.47937765 +0.65736459
+0.37922521 +0.33858698 +0.86113129
-0.67995294 -0.18568642 +0.70935503
+0.58927197 +0.74440899 +0.31402834
+0.03307192 -0.44006931 +0.89735458
-0.71468250 +0.50881499 +0.47993356
-0.13447746 +0.51429995 +0.84700140
+0.63605077 +0.36985927 +0.67723226
+0.30483927 -0.93796243 +0.16522560
-0.47396827 +0.68601868 +0.55202577
+0.82957297 +0.44357871 +0.33918523
-0.52267473 +0.43634850 +0.73240093
-0.89269026 -0.13795365 +0.42903718
+0.32578211 -0.94383800 +0.05509844
+0.21137591 +0.91950197 +0.33141569
-0.06925447 +0.79744535 +0.59940365
+0.21198941 -0.84731721 +0.48694357
-0.25319015 -0.94575267 +0.20358447
+0.70076875 -0.60767740 +0.37369953
+0.73992110 +0.56158492 +0.37032302
-0.78184261 +0.13192873 +0.60935781
+0.06773690 +0.99645564 +0.04987847
+0.68442359 -0.18547795 +0.70509736
-0.54252252 +0.75509514 +0.36810410
-0.05550415 -0.76358301 +0.64331973
-0.35623131 -0.39406806 +0.84723646
+0.85697900 +0.49146812 +0.15506797
-0.96409578 +0.25788708 +0.06335282
-0.26269559 +0.01105978 +0.96481537
+0.86674229 -0.18553869 +0.46296134
-0.28075878 +0.31725043 +0.90582927
-0.63641870 -0.08378633 +0.76677969
-0.67688533 +0.02444187 +0.73568257
+0.86708929 +0.25125678 +0.43014671
-0.91837223 -0.36003600 +0.16421490
-0.78728204 -0.26822346 +0.55519651
+0.64138664 -0.70215743 +0.30918946
+0.09828863 +0.92472442 +0.36772829
-0.76077819 +0.03015287 +0.64831115
+0.43616025 -0.53975770 +0.72001797
+0.09083727 +0.47071525 +0.87759657
+0.77186358 +0.47171345 +0.42627812
+0.75329894 +0.40255053 +0.52009016
+0.44158428 -0.80301871 +0.40020529
+0.64970391 -0.41897368 +0.63430740
-0.19171465 +0.10734369 +0.97556283
+0.68024723 -0.06500894 +0.73009420
+0.32865689 -0.37523087 +0.86671013
+0.97603795 -0.21138680 +0.05162892
-0.29965303 -0.95400013 +0.00958179
-0.42501321 +0.42942660 +0.79684162
-0.37501602 +0.75293961 +0.54078177
+0.57570798 +0.69883425 +0.42448912
-0.61840987 +0.43293018 +0.65585112
+0.18947345 +0.87839263 +0.43877807
+0.74841269 -0.49840462 +0.43757431
+0.53204981 +0.20909926 +0.82048797
-0.70080196 +0.65464069 +0.28341167
-0.89504236 +0.07399010 +0.43980068
-0.33395013 -0.79777458 +0.50202892
-0.88910070 +0.41879293 +0.18469550
-0.41480147 -0.90946851 +0.02840362
+0.75400261 -0.10610279 +0.64824553
+0.84977746 -0.30493647 +0.42999073
-0.10693187 +0.71624448 +0.68960817
-0.99963389 +0.02439699 +0.01169946
+0.76555583 +0.21465097 +0.60650575
-0.45099206 -0.88248605 +0.13350856
-0.59207364 +0.33925194 +0.73099721
-0.07574076 +0.97631678 +0.20265457
-0.54656775 +0.52311399 +0.65392312
+0.59495900 -0.79251307 +0.13396572
-0.07840655 -0.92489597 +0.37204820
-0.94587459 -0.08718683 +0.31260153
+0.74321283 +0.01581410 +0.66886815
-0.97493492 -0.11876258 +0.18814181
+0.07511003 -0.54087938 +0.83773980
+0.28040302 +0.82169306 +0.49618008
+0.19077639 -0.55496058 +0.80970558
+0.50068464 +0.01373029 +0.86552087
+0.02853662 -0.70552530 +0.70810995
-0.70504890 +0.13230708 +0.69670717
-0.85523516 -0.51515213 +0.05648981
+0.41458793 +0.60517431 +0.67961820
+0.14273591 -0.71830909 +0.68092475
-0.34964060 +0.93550507 +0.05081066
-0.81300236 +0.21350828 +0.54170230
-0.24188277 +0.49846171 +0.83248342
-0.62021472 -0.78319274 +0.04407758
+0.11075035 -0.63453159 +0.76492093
+0.95307373 -0.01827257 +0.30218633
+0.56999740 +0.09634097 +0.81597879
-0.91361460 -0.03218170 +0.40530569
+0.00817356 +0.95745720 +0.28845953
+0.73906292 -0.65762103 +0.14601567
+0.22151573 +0.69916254 +0.67978123
-0.13102883 +0.89697578 +0.42221545
-0.22390691 +0.67771408 +0.70040654
-0.32983187 -0.08761686 +0.93996501
+0.11063625 -0.35235520 +0.92930373
-0.10773117 -0.87383411 +0.47413916
+0.17722173 -0.78943934 +0.58768868
+0.00953775 -0.89278430 +0.45038343
-0.39434226 +0.32508202 +0.85954398
+0.73340428 -0.34738385 +0.58433092
+0.80524368 -0.26868213 +0.52857595
-0.87105223 -0.41072258 +0.26939742
-0.21880345 -0.97108978 +0.09544474
+0.01359581 +0.74763202 +0.66397403
+0.91349199 -0.39014330 +0.11541483
+0.49678124 -0.84996960 +0.17538553
-0.39914004 -0.85735778 +0.32499980
+0.87754669 +0.41388759 +0.24209269
-0.91440339 -0.30376246 +0.26757207
+0.74349732 +0.61425109 +0.26439994
+0.30728035 -0.55946583 +0.76979008
+0.25557099 -0.72010203 +0.64508646
-0.09173895 +0.40800177 +0.90836035
-0.28739350 +0.72622551 +0.62450099
+0.15729451 +0.54104193 +0.82615499
+0.09984341 -0.98740282 +0.12274755
-0.32133184 +0.41558269 +0.85090356
+0.22178818 -0.64248536 +0.73350021
-0.02114894 -0.83469437 +0.55030721
-0.44209771 +0.82147810 +0.36017128
-0.68557742 -0.56035643 +0.46474108
+0.89674965 +0.13566916 +0.42122908
-0.75504724 -0.54174258 +0.36934894
-0.22004501 -0.56221156 +0.79718151
-0.65573732 -0.38733865 +0.64805658
+0.47637730 +0.87583732 +0.07728949
+0.37746411 -0.17822409 +0.90871174
-0.01689778 +0.66770019 +0.74423848
+0.31306644 +0.24754028 +0.91690415
-0.18941458 +0.95487207 +0.22878251
-0.22288455 -0.84107721 +0.49286064
+0.21416341 +0.44908725 +0.86744145
+0.47132165 -0.83268522 +0.29067375
+0.94253559 +0.10041703 +0.31865825
-0.39086236 -0.49138923 +0.77830793
+0.25874679 +0.96068308 +0.10068820
+0.94523154 -0.32535764 +0.02607192
-0.43370310 -0.29777887 +0.85042893
+0.61316080 +0.55117216 +0.56590024
+0.68981312 -0.72168090 +0.05774545
+0.47542885 +0.73100171 +0.48949352
+0.95691065 +0.18264902 +0.22574621
-0.51858727 +0.81322610 +0.26406545
+0.91439596 +0.37955182 +0.14078509
+0.39409065 -0.89237427 +0.21991070
-0.00235545 -0.33427543 +0.94247249
-0.43970780 -0.73298460 +0.51902853
-0.86898440 -0.46702298 +0.16357157
+0.98267366 +0.14246838 +0.11855478
+0.16334198 +0.82531825 +0.54052677
+0.39330667 +0.80757616 +0.43946628
-0.67188713 -0.69489987 +0.25628472
+0.97537604 +0.21908050 +0.02540318
+0.27817591 -0.92027069 +0.27517270
-0.83356484 -0.15474697 +0.53030466
-0.68356851 -0.63353009 +0.36245511
+0.06126443 -0.78240090 +0.61975439
-0.01678292 +0.49048249 +0.87128942
+0.97522366 +0.06397187 +0.21176973
+0.99459775 +0.02196517 +0.10145363
-0.19623524 -0.89818811 +0.39338258
-0.11910724 +0.20241374 +0.97202991
+0.89002729 +0.45340339 +0.04771560
+0.26992335 +0.53752154 +0.79888170
+0.48761609 +0.31889794 +0.81273283
-0.30950603 +0.11732020 +0.94363234
+0.33105676 -0.63795461 +0.69528076
-0.46415418 -0.39844598 +0.79107629
+0.97968849 -0.05453239 +0.19296807
+0.42995332 -0.37911055 +0.81939937
+0.33855080 +0.69246896 +0.63707934
-0.70863627 -0.70399176 +0.04722538
-0.61968803 +0.13007233 +0.77399479
+0.33675604 +0.92406955 +0.18080606
+0.71692130 +0.68006132 +0.15342898
-0.78830292 -0.61278120 +0.05547712
-0.22258365 -0.29352015 +0.92967868
+0.18129628 +0.98328821 +0.01661211
+0.02377493 +0.38445488 +0.92283758
+0.22142390 -0.36636324 +0.90374191
-0.52637342 -0.65619490 +0.54068408
+0.91852330 +0.21772045 +0.33001932
+0.05012234 +0.08027926 +0.99551142
+0.07430402 +0.87759785 +0.47360418
-0.26705118 +0.80199778 +0.53430630
+0.62093310 +0.76401461 +0.17528196
-0.78367870 +0.48833588 +0.38389552
-0.54171407 -0.08646283 +0.83610409
-0.85059083 -0.25183854 +0.46159786
-0.10063724 -0.99252093 +0.06909663
+0.99216080 -0.09681596 +0.07901657
+0.37507015 -0.47544476 +0.79578557
-0.73455004 -0.66044329 +0.15572699
-0.74943720 -0.60728339 +0.26372478
+0.91334234 +0.01738729 +0.40682116
-0.97507600 -0.00800859 +0.22172653
-0.49696085 +0.33477595 +0.80059664
+0.42518779 +0.23269921 +0.87468075
-0.04142113 +0.86376466 +0.50219010
-0.23759495 +0.97100725 +0.02633553
+0.64777598 +0.60736511 +0.45988467
-0.41570558 +0.87197565 +0.25854852
-0.04363658 -0.22309128 +0.97382038
+0.51798132 +0.58222823 +0.62666230
-0.63590491 +0.51981989 +0.57044914
-0.14204276 -0.00004652 +0.98986052
+0.26141092 -0.16339910 +0.95129652
+0.29139375 -0.78517113 +0.54643936
-0.15910766 -0.48806897 +0.85818030
-0.13445063 -0.97414786 +0.18154609
+0.28435870 +0.04627331 +0.95760060
-0.37814034 +0.01744950 +0.92558382
+0.48324367 +0.50684871 +0.71384868
-0.34100540 +0.61423195 +0.71164207
+0.06401237 +0.59327093 +0.80245375
-0.75064478 -0.46409509 +0.47026393
+0.92457588 +0.29971244 +0.23522734
-0.43911227 -0.08804095 +0.89410805
-0.28423365 -0.90806006 +0.30763314
+0.18664962 -0.25801396 +0.94794025
+0.43708738 +0.42502950 +0.79265664
-0.08708649 -0.68285612 +0.72534368
+0.67153101 -0.30447904 +0.67552840
+0.88113037 +0.33225804 +0.33647269
-0.80765302 -0.56688813 +0.16227894
-0.77942630 +0.40875014 +0.47478202
-0.30547444 -0.67117441 +0.67543340
-0.84375199 +0.38211443 +0.37692327
-0.20606547 -0.65221125 +0.72949126
+0.14750359 +0.97963085 +0.13625740
-0.84196182 +0.45815530 +0.28494565
+0.24124965 +0.15704071 +0.95767261
-0.32685997 -0.29871486 +0.89662255
-0.37050049 -0.90171748 +0.22278908
-0.11251335 -0.59325298 +0.79711458
-0.70443263 +0.42480881 +0.56860544
-0.87161635 +0.18192325 +0.45518004
+0.58159323 +0.81111904 +0.06192912
-0.58537518 +0.02136679 +0.81048094