+0.59860346 -0.79973852 +0.04574050
+0.81019324 +0.16312826 +0.56300629
-0.93500572 +0.24364108 +0.25768842
-0.63842233 -0.49864932 +0.58631543
-0.80282630 -0.48985943 +0.33986420
-0.74335548 -0.66155274 +0.09884634
+0.75200197 -0.62163358 +0.21923671
-0.79724518 +0.47995063 +0.36612501
-0.71947744 +0.65760149 +0.22341103
+0.72081035 -0.68959529 +0.06993412
+0.34598742 +0.89655520 +0.27655285
+0.85018178 -0.47871502 +0.21914120
+0.12762148 -0.26214335 +0.95655299
-0.51426723 -0.84850112 +0.12480009
+0.99570080 -0.08578572 +0.03493879
+0.85061584 -0.38889450 +0.35385557
-0.37567150 -0.89854459 +0.22691088
-0.16205875 +0.43516727 +0.88564463
+0.49033027 +0.84477399 +0.21432016
-0.15141345 +0.28468711 +0.94658714
-0.88601486 -0.39856744 +0.23690010
-0.82869240 -0.53425927 +0.16684109
-0.40966245 +0.45640504 +0.78985513
+0.69786817 +0.25839262 +0.66799197
-0.70203738 +0.51941627 +0.48718607
-0.21717478 -0.92291889 +0.31789282
-0.63598343 -0.77120153 +0.02780791
+0.03975979 +0.07646897 +0.99627890
+0.35054535 -0.02212003 +0.93628450
+0.23299431 +0.97246656 +0.00473830
-0.29723419 +0.73874886 +0.60489831
-0.78228257 +0.61905582 +0.06930997
+0.07375094 -0.98051562 +0.18207120
-0.35240361 -0.85299510 +0.38498189
+0.05621722 -0.51362033 +0.85617392
+0.24564259 -0.68743047 +0.68344646
-0.44561946 -0.34577835 +0.82574853
+0.55856460 -0.19159124 +0.80703059
-0.04131545 +0.70165126 +0.71132169
+0.96858355 -0.15806523 +0.19199296
+0.37651786 +0.92028323 +0.10636294
-0.07780040 -0.04029104 +0.99615447
-0.79995402 -0.26448557 +0.53862877
-0.33798262 -0.64147230 +0.68868065
+0.73507804 +0.67421924 +0.07133512
-0.54533347 +0.72110099 +0.42734619
+0.42610108 +0.40482369 +0.80904614
-0.23501454 +0.02099437 +0.97176510
-0.93917752 +0.33064779 +0.09283120
+0.48609681 -0.47587342 +0.73297638
+0.29121076 -0.30838126 +0.90559223
-0.32633806 +0.94447792 +0.03827454
+0.36435196 -0.92174846 +0.13276832
+0.94488517 +0.11517744 +0.30647378
+0.75134145 -0.44295250 +0.48916164
-0.36025786 +0.61212807 +0.70392720
+0.60661306 +0.56579776 +0.55847425
+0.24312762 -0.14719549 +0.95876089
-0.19428454 -0.86276054 +0.46679521
-0.81399699 +0.53739144 +0.22049795
-0.39563309 +0.79103009 +0.46663246
-0.06607147 -0.59796071 +0.79879756
+0.47821737 +0.09476945 +0.87311334
-0.01372762 +0.39902446 +0.91683752
+0.91262045 -0.22485142 +0.34141727
-0.81057429 +0.22679030 +0.53994026
+0.77873899 +0.32343675 +0.53754466
+0.57069934 +0.33620166 +0.74918002
-0.04843932 -0.91077618 +0.41004924
+0.52568787 -0.78186971 +0.33515969
+0.39906861 -0.79877992 +0.45021648
-0.26318819 +0.52910588 +0.80670871
+0.38599958 +0.75336790 +0.53239189
+0.58840397 +0.74500938 +0.31423206
-0.11786175 -0.46078148 +0.87965279
+0.39779044 -0.19068414 +0.89744210
+0.17342416 +0.18478736 +0.96735603
-0.44908895 +0.68110924 +0.57828134
+0.09462593 -0.64984583 +0.75415272
-0.32522527 -0.77928193 +0.53567545
-0.62119213 -0.10547970 +0.77652712
+0.87829552 -0.11557770 +0.46393832
-0.55309808 -0.41987964 +0.71957182
-0.06804843 +0.86982690 +0.48864156
+0.98460199 +0.01092376 +0.17446945
+0.77683643 +0.53549019 +0.33132374
+0.51288390 +0.85738285 +0.04295071
+0.83265264 +0.55378487 +0.00344974
+0.81329563 -0.00460842 +0.58183244
-0.90564069 -0.00280306 +0.42403665
-0.63523863 +0.45564916 +0.62358298
+0.91085974 -0.40700953 +0.06839431
-0.88974102 -0.16813969 +0.42437007
+0.92334795 -0.32230771 +0.20867753
+0.00686128 +0.93327998 +0.35908412
-0.13988223 +0.78063669 +0.60912997
+0.51671751 -0.59506476 +0.61554931
-0.72851714 +0.14705400 +0.66905747
+0.14891433 +0.34008981 +0.92852757
+0.08055480 +0.97118828 +0.22428608
-0.99206611 +0.01586571 +0.12471215
+0.17632086 -0.41649864 +0.89187434
-0.97832722 +0.17514563 +0.11045297
-0.08562811 +0.56022242 +0.82390453
+0.34140301 -0.45040697 +0.82497124
-0.93026332 -0.23607856 +0.28085061
-0.23508718 +0.84405561 +0.48197940
-0.87426025 +0.47948964 +0.07588606
+0.11327350 +0.87367246 +0.47314432
-0.94609199 -0.29700947 +0.12921033
-0.86144602 +0.32289381 +0.39198259
+0.46599411 +0.63116951 +0.62006011
-0.23746024 -0.95797792 +0.16090664
+0.83024733 -0.28663376 +0.47804860
+0.81901198 +0.55140859 +0.15864409
+0.59844688 +0.17308785 +0.78224160
+0.39345794 -0.70334532 +0.59202720
-0.32075546 +0.88265684 +0.34355906
+0.61008555 +0.00277429 +0.79233069
-0.43972411 -0.68597407 +0.57972604
+0.96690212 -0.24978736 +0.05202459
-0.18767375 -0.66895252 +0.71922256
-0.48171135 -0.18747584 +0.85604146
-0.95650624 -0.07504579 +0.28189351
+0.58857809 -0.35096252 +0.72828644
-0.54087770 +0.83012105 +0.13546348
+0.05194933 -0.99848776 +0.01798522
+0.82806187 -0.55533176 +0.07694263
-0.68116330 +0.62885477 +0.37491098
-0.63362903 -0.74839825 +0.19599570
-0.66655418 +0.73990962 +0.09077052
-0.68712092 -0.34775482 +0.63791177
-0.82416275 -0.09833322 +0.55775115
+0.78876647 -0.17397609 +0.58955897
-0.85541103 -0.33506916 +0.39496915
+0.11244783 -0.77120783 +0.62657320
+0.71173612 -0.06670558 +0.69927252
-0.24117446 -0.54347422 +0.80403398
+0.08282062 -0.09597157 +0.99193256
-0.57718700 -0.63573964 +0.51253319
-0.58347645 +0.60690980 +0.53964406
-0.30414221 +0.36121625 +0.88148757
+0.44861318 +0.80911861 +0.37956988
+0.92150548 +0.28317621 +0.26577977
+0.67419455 -0.21603748 +0.70625032
+0.29350760 +0.85109137 +0.43531226
-0.37841777 +0.07520219 +0.92257500
+0.23143485 +0.95829932 +0.16763151
+0.66460645 +0.62595248 +0.40802176
+0.21215782 -0.97322860 +0.08840331
+0.53374805 +0.69900954 +0.47591877
-0.50447840 -0.02379339 +0.86309641
+0.18880389 +0.92308136 +0.33507297
+0.14094316 +0.71092596 +0.68899877
+0.46835609 -0.88353450 +0.00305806
-0.44203097 +0.28991160 +0.84885799
-0.73179635 -0.62673385 +0.26772894
+0.23725831 -0.93920878 +0.24818412
+0.45480022 -0.32955001 +0.82737751
+0.71222222 +0.65968119 +0.23991715
-0.12320461 +0.13112711 +0.98367998
+0.03650076 +0.80009823 +0.59875748
+0.52863066 +0.48965037 +0.69339176
-0.32775535 -0.25051611 +0.91094353
-0.18657167 -0.77297479 +0.60638353
-0.09088644 -0.99091664 +0.09911545
-0.72086672 -0.18703267 +0.66736044
-0.20185484 -0.14885204 +0.96803807
-0.69465881 +0.30758871 +0.65026020
-0.90298319 -0.42660140 +0.05130900
+0.22417500 +0.58857091 +0.77674311
+0.10696876 +0.48623338 +0.86725704
+0.05971083 +0.61009047 +0.79007863
-0.03482936 -0.72718116 +0.68556143
-0.40194036 +0.89831027 +0.17743338
+0.07703691 +0.99448954 +0.07110457
+0.37069789 -0.58845310 +0.71854438
-0.15566520 +0.92466981 +0.34749688
+0.00648424 -0.36743546 +0.93002642
+0.87873119 +0.22336873 +0.42182688
-0.82946427 +0.06631455 +0.55460924
-0.03845461 -0.83141431 +0.55432074
+0.89129486 +0.05518992 +0.45005283
-0.61479982 -0.70244284 +0.35860177
-0.60200850 +0.75170503 +0.26930525
+0.73073051 +0.48156375 +0.48386907
-0.50023638 -0.56094443 +0.65962482
+0.83580138 +0.38025642 +0.39603170
-0.19778494 +0.65889021 +0.72577187
+0.63461905 -0.74454462 +0.20715202
+0.38708839 -0.87286123 +0.29711252
+0.94437102 -0.05480649 +0.32428324
-0.24868446 +0.94541580 +0.21058254
+0.25399431 -0.87917909 +0.40315136
+0.33005463 +0.14118780 +0.93334342
+0.01151458 +0.24075524 +0.97051756
-0.03800261 -0.20845936 +0.97729243
-0.73595027 -0.01972834 +0.67674810
+0.09717280 -0.93603394 +0.33822759
-0.95796800 +0.08587618 +0.27371992
+0.21857993 +0.79194473 +0.57012836
-0.29423483 +0.20363982 +0.93378621
-0.39800624 -0.49721757 +0.77095118
-0.54812375 +0.38040619 +0.74488353
+0.30910472 +0.68163667 +0.66319358
-0.49920501 +0.14588470 +0.85411476
-0.50333854 +0.53869119 +0.67561980
+0.91576958 +0.38779797 +0.10477982
+0.62095998 +0.77023269 +0.14543143
-0.47798969 -0.76090082 +0.43881180
-0.07409554 +0.97744344 +0.19777304
+0.50397265 -0.84548458 +0.17654287
+0.38056133 +0.54899815 +0.74416000
+0.65156457 -0.66964316 +0.35642901
-0.62684610 +0.06287981 +0.77660163
-0.76764439 +0.37903293 +0.51677474
+0.99632149 +0.08298410 +0.02138051
+0.53059761 -0.69727379 +0.48194963
+0.25926046 -0.79485345 +0.54862738
-0.46882222 +0.82632378 +0.31208131
+0.62734815 -0.47197987 +0.61941044
-0.98098692 -0.14392684 +0.13019112
+0.22052558 -0.55708849 +0.80063780
+0.76161897 -0.53905899 +0.35965533
-0.59388732 -0.26700772 +0.75894975
+0.45899766 +0.25187291 +0.85198661
+0.96601013 +0.25755000 +0.02219058
-0.75720553 -0.42362998 +0.49716941
+0.66164785 +0.41634281 +0.62360307
+0.49149577 -0.06488063 +0.86845979
-0.28787119 -0.40244901 +0.86900228
-0.07095906 -0.96341660 +0.25844394
-0.35896343 -0.09085442 +0.92891912
-0.38000723 -0.92302078 +0.06022580
-0.88706160 +0.39542766 +0.23824081
-0.16319888 -0.31006416 +0.93660362
+0.86848925 +0.43035555 +0.24600919
-0.50409138 -0.81453600 +0.28709403
+0.19896677 +0.02216656 +0.97975551
+0.97074473 +0.18189491 +0.15674472
-0.17293278 +0.98207028 +0.07504805
+0.11011171 -0.86591604 +0.48791886
-0.60351981 +0.23049415 +0.76330616
+0.64900434 -0.57813145 +0.49452746
+0.27114763 +0.44927978 +0.85125004
-0.89660165 +0.16164724 +0.41228104
+0.30792975 +0.29865113 +0.90331986
+0.71853025 +0.09773553 +0.68859426
-0.69896776 -0.56990157 +0.43203734
+0.72203972 -0.33500287 +0.60533604