-0.05314306 +0.90067871 +0.43122347
+0.22269083 +0.65060592 +0.72603080
-0.75770382 -0.50906770 +0.40833197
+0.60475132 +0.37125090 +0.70459110
+0.65285794 -0.75398358 +0.07269990
-0.82525327 +0.42479963 +0.37215900
-0.92041948 -0.19238722 +0.34031624
+0.64207076 -0.00013223 +0.76664537
-0.94721553 +0.25289248 +0.19704855
+0.36397428 +0.82487813 +0.43254918
-0.63639529 +0.71909985 +0.27909935
+0.41733883 +0.84030469 +0.34600047
+0.81818122 -0.54916598 +0.17028274
+0.02259055 -0.84514225 +0.53406389
-0.15999122 -0.96846804 +0.19097764
+0.81780819 +0.54470191 +0.18571374
+0.00401610 +0.93681307 +0.34980730
-0.60911084 +0.76753304 +0.19969233
+0.41939879 -0.80585673 +0.41797079
+0.47354381 +0.05550265 +0.87901975
+0.50367920 -0.46316032 +0.72923918
+0.16267347 +0.94879959 +0.27077054
+0.48380836 -0.21855634 +0.84744475
-0.32096544 -0.37300148 +0.87054643
-0.47080111 -0.73491307 +0.48810766
+0.25628959 -0.81811783 +0.51478040
-0.88696554 +0.46164128 +0.01339618
-0.29165517 +0.94633863 +0.13921374
+0.76991214 -0.58337177 +0.25867485
+0.16001602 +0.42927876 +0.88888392
+0.81541291 +0.45928091 +0.35236747
+0.54021457 -0.80512032 +0.24484584
+0.98270344 -0.05891197 +0.17556576
-0.41033947 +0.34203195 +0.84536126
-0.45571337 -0.13050148 +0.88050820
-0.99871373 -0.05055830 +0.00383853
+0.97156583 -0.16668658 +0.16815298
-0.60459962 -0.60861612 +0.51385379
+0.94806406 -0.26873974 +0.17015727
-0.84805289 -0.51168512 +0.13778477
+0.37981097 -0.92350799 +0.05363407
+0.25833956 +0.85876943 +0.44246552
-0.62754299 -0.38966178 +0.67405749
-0.88973853 -0.15385808 +0.42975928
+0.10705743 +0.92806367 +0.35670231
-0.18376219 -0.82657925 +0.53197575
+0.07586919 +0.99390762 +0.07994687
+0.73646166 +0.32889473 +0.59114507
-0.77235068 +0.51812033 +0.36745850
+0.43067605 -0.30752660 +0.84849604
-0.44600130 +0.56969122 +0.69031497
+0.82657283 -0.49744150 +0.26330459
-0.69023299 +0.69699681 +0.19435502
+0.92782910 +0.10956131 +0.35655223
-0.66778425 +0.42861274 +0.60856825
-0.21276064 -0.63587866 +0.74188357
-0.25053661 -0.55383205 +0.79404122
+0.21489799 +0.33893673 +0.91593709
-0.24909774 +0.59835915 +0.76152258
+0.46534903 +0.84808588 +0.25337842
+0.10708347 -0.68268753 +0.72282147
-0.07501837 -0.26908348 +0.96019078
+0.70696788 +0.51475359 +0.48500016
+0.16177177 +0.58832775 +0.79227543
+0.53094840 -0.12533910 +0.83808347
-0.73331926 +0.07331042 +0.67592045
-0.74029408 -0.66980064 +0.05772162
-0.13833502 -0.99034056 +0.00943376
-0.25278363 +0.09727167 +0.96262072
-0.37847618 -0.77315884 +0.50890194
+0.91436509 -0.36649714 +0.17209398
+0.94191300 -0.21346607 +0.25929160
+0.26378463 +0.41382822 +0.87130011
-0.43750888 -0.23033744 +0.86921266
-0.12979409 -0.88183134 +0.45335084
+0.72902917 +0.12552488 +0.67287441
-0.75769043 +0.62195373 +0.19768351
-0.83860944 -0.21878489 +0.49886609
+0.32726937 -0.75187594 +0.57234372
+0.88447776 +0.29018255 +0.36536720
-0.23025850 +0.73247314 +0.64067475
+0.81261530 -0.37871001 +0.44298431
-0.44970173 -0.48274907 +0.75147967
-0.17931625 -0.24895837 +0.95176962
+0.72609396 +0.42452457 +0.54089412
-0.59332461 -0.71526471 +0.36927267
+0.21038499 -0.69083069 +0.69173052
+0.34489488 -0.12593962 +0.93015414
+0.92069762 +0.01919722 +0.38980425
+0.50903320 +0.52445195 +0.68252132
-0.36276161 -0.91677095 +0.16713779
-0.76758765 +0.45227246 +0.45415728
-0.30487105 +0.89696993 +0.32015401
+0.51066614 -0.84559190 +0.15554562
+0.75559836 -0.63368886 +0.16586003
-0.28683129 -0.46605748 +0.83696967
-0.56987778 -0.34044070 +0.74789000
-0.92695701 -0.37514307 +0.00428637
+0.00444005 +0.18334349 +0.98303889
+0.38780627 -0.22159703 +0.89470725
-0.75019826 +0.23825381 +0.61679631
-0.45760650 +0.24573818 +0.85452270
-0.85144816 -0.35905894 +0.38224692
-0.02778900 +0.99698611 +0.07243252
-0.34979887 +0.58645378 +0.73055645
+0.09179790 -0.19840506 +0.97581175
-0.49344988 +0.13752100 +0.85883362
-0.31623690 +0.00749040 +0.94865068
+0.72420931 -0.33620231 +0.60207049
-0.52784361 +0.84901231 +0.02364784
+0.29129742 -0.21592217 +0.93194604
-0.74362710 -0.03266201 +0.66779632
+0.20034680 +0.82917035 +0.52185984
+0.19513899 -0.93377881 +0.29996317
-0.54298407 -0.07651474 +0.83624984
-0.13216916 -0.78014596 +0.61147656
-0.69031607 +0.61226821 +0.38547550
+0.59439799 +0.46640698 +0.65509966
-0.40626590 +0.17071523 +0.89766605
+0.41981271 -0.89527621 +0.14912342
+0.90582768 -0.41611309 +0.07953683
-0.79211101 -0.41738650 +0.44536352
+0.15461433 -0.96536927 +0.21013469
-0.13208523 +0.98920002 +0.06353586
+0.04768167 -0.09922237 +0.99392222
+0.26146979 +0.57079592 +0.77834797
-0.42947879 +0.70410022 +0.56550053
-0.11807434 -0.95177878 +0.28315298
+0.32475774 +0.62479435 +0.71004538
-0.84799145 +0.26472855 +0.45916151
-0.65745615 +0.74583249 +0.10716951
-0.25731909 +0.44435674 +0.85809905
+0.59498930 +0.17423696 +0.78462043
+0.52366345 +0.85044164 +0.05025536
-0.08224610 -0.84054761 +0.53545802
+0.15368071 +0.88314213 +0.44321803
+0.45079218 +0.22303453 +0.86431592
-0.16729599 +0.79739959 +0.57979820
-0.71564396 +0.54016435 +0.44280492
-0.77081351 +0.63691703 +0.01353651
+0.60750531 +0.27308696 +0.74589598
-0.38718739 -0.43053709 +0.81530592
+0.14858337 -0.10989349 +0.98277485
+0.36948432 +0.40839236 +0.83468378
-0.89005000 +0.05940941 +0.45197512
+0.68226143 -0.71288736 +0.16220654
+0.26234701 +0.06815075 +0.96256404
-0.26272160 -0.94752733 +0.18212449
-0.51596777 -0.65607959 +0.55076023
+0.13130962 -0.29426086 +0.94666168
-0.66811973 -0.70835359 +0.22770865
+0.90196223 -0.08450512 +0.42346550
+0.82426605 -0.44114702 +0.35492927
-0.08779649 +0.98323628 +0.15980675
+0.00377398 +0.36018650 +0.93287268
-0.95567744 -0.12327300 +0.26736568
-0.50715031 -0.53018821 +0.67948438
+0.76053018 -0.05659582 +0.64683132
+0.43822901 -0.13255374 +0.88903590
-0.11104017 -0.17281669 +0.97867486
-0.71267755 +0.33458755 +0.61655646
-0.56622401 +0.60974277 +0.55462070
+0.31261561 +0.48383374 +0.81742057
-0.09888060 +0.93526816 +0.33984716
+0.19224525 -0.20842650 +0.95895785
-0.03033682 -0.79107960 +0.61096051
+0.71480772 +0.02349909 +0.69892611
+0.67589494 +0.30224217 +0.67217238
-0.07511621 -0.51729435 +0.85250461
+0.67938726 +0.59830957 +0.42480420
+0.24519393 +0.76800893 +0.59164366
+0.57495104 -0.20581976 +0.79187722
-0.60563981 -0.13144260 +0.78480779
+0.31488767 +0.15339964 +0.93665058
+0.39085704 +0.66153897 +0.63999763
+0.44103527 -0.54630076 +0.71206978
+0.06560141 -0.37529432 +0.92458133
-0.20282423 +0.52700845 +0.82530263
-0.45566889 -0.87725271 +0.15097529
+0.99182719 +0.09870181 +0.08085034
+0.31820390 -0.85382864 +0.41197443
-0.70712789 +0.17247671 +0.68572730
+0.24775916 -0.11927263 +0.96145173
+0.45222309 -0.85694649 +0.24725896
+0.52550547 -0.29923329 +0.79643169
+0.97594689 +0.13628000 +0.17016296
+0.41035298 +0.76234001 +0.50044794
+0.06027177 +0.60008354 +0.79766350
+0.41117490 +0.89284174 +0.18376299
-0.06588540 +0.80290517 +0.59245455
-0.42371374 -0.80354502 +0.41806945
-0.62389037 +0.68811635 +0.37048171
+0.65679483 -0.18459441 +0.73112616
+0.57700329 -0.70597000 +0.41069887
-0.35189525 -0.52179070 +0.77711273
-0.48305695 +0.63073843 +0.60730966
-0.91483817 +0.35231792 +0.19734035
+0.56274157 -0.75742665 +0.33109937
+0.16968018 -0.38519856 +0.90710016
+0.24470630 -0.54952521 +0.79883720
-0.30971499 +0.35740370 +0.88110114
-0.79494721 -0.57200408 +0.20216396
-0.90126301 -0.29650036 +0.31593119
+0.74824646 -0.40541275 +0.52513592
-0.96911050 +0.15090775 +0.19506843
-0.48481897 +0.86659504 +0.11816768
+0.37273031 -0.39298066 +0.84061782
-0.00360126 -0.45008520 +0.89297836
-0.00001590 -0.00008641 +1.00000000
+0.72103232 +0.61064893 +0.32744507
+0.05602742 +0.44091638 +0.89579779
+0.59947519 +0.80020387 +0.01741431
-0.89187944 -0.44666979 +0.07097293
-0.53998749 +0.73214188 +0.41518886
-0.80073544 -0.07404584 +0.59442406
-0.53598384 +0.54861546 +0.64167157
-0.20335298 +0.18995264 +0.96050276
-0.17775505 -0.91340290 +0.36619434
+0.71112019 +0.68520790 +0.15747445
+0.95737393 +0.11539324 +0.26480099
-0.57465575 +0.81113234 +0.10878919
+0.94438809 -0.31925710 +0.07877844
+0.59908542 +0.65908278 +0.45464992
+0.23376506 -0.89186045 +0.38721936
-0.70672996 -0.33689951 +0.62211855
-0.43433519 +0.90017051 +0.03234171
+0.00528712 +0.52647455 +0.85017445
-0.64529880 -0.52322810 +0.55661640
+0.53200173 -0.53323291 +0.65775134
+0.56192811 -0.37610349 +0.73673805
-0.31422074 -0.60788912 +0.72920240
-0.26788428 +0.78418836 +0.55972013
+0.79303075 +0.60909262 +0.01041182
-0.05453733 -0.08749362 +0.99467107
+0.71005297 -0.55339257 +0.43540951
-0.18930419 +0.67255330 +0.71542714
-0.55894530 -0.57236992 +0.59997736
+0.03656060 +0.79997559 +0.59891767
+0.61441987 -0.10382807 +0.78211761
+0.88074730 -0.18629105 +0.43540766
+0.91524649 +0.30266921 +0.26592333
-0.95876783 -0.28138893 +0.03980600
+0.87426570 -0.40698151 +0.26462337
-0.40967152 -0.90968536 +0.06813063
-0.87217530 +0.44802612 +0.19642514
-0.38918916 +0.91238118 +0.12685578
+0.57452377 +0.07428703 +0.81510973
+0.92588946 +0.20686158 +0.31612812
-0.49881631 +0.48403733 +0.71895073
-0.81202528 +0.36074272 +0.45878059
-0.14586635 +0.60475760 +0.78293758
+0.07366452 -0.79726722 +0.59911478
-0.79781262 -0.59486840 +0.09811529
+0.37920091 +0.92008658 +0.09822096
+0.64428426 +0.67477989 +0.35995818
-0.52995039 +0.03858743 +0.84715028
+0.96088456 -0.10933925 +0.25445193
-0.11097977 -0.43212377 +0.89495952
+0.63023765 +0.57921214 +0.51702399
-0.67940840 -0.43235066 +0.59285506
-0.14589626 -0.57862411 +0.80243905
-0.14574216 -0.34243427 +0.92816916
-0.54775958 +0.39252223 +0.73884081
+0.69337827 -0.26243492 +0.67108455
-0.59663115 -0.48352593 +0.64049508
-0.28254374 -0.21221915 +0.93548494
+0.64731267 -0.35851798 +0.67264491
+0.23287277 -0.30273673 +0.92418653
-0.28638697 -0.09025691 +0.95385334
+0.15359796 -0.82075951 +0.55023768
-0.12777386 +0.74141075 +0.65877458
+0.99029988 -0.11231210 +0.08180549
+0.28669585 +0.69978008 +0.65430370
-0.83953439 -0.48564911 +0.24357124
+0.87101152 -0.46006364 +0.17227997
+0.55034433 +0.80518252 +0.22091226
-0.61680952 +0.78691431 +0.01766008
+0.86996798 +0.38288465 +0.31073311
+0.79661266 -0.13646901 +0.58888410
+0.10278244 -0.01021380 +0.99465142
+0.41381383 +0.13732702 +0.89994411
-0.99129105 -0.09933088 +0.08646062
-0.15617661 +0.89450559 +0.41888974
-0.51527173 -0.82484110 +0.23266327
+0.21070678 +0.50277489 +0.83834364
-0.81872553 +0.53908250 +0.19768298
+0.03252010 -0.92378398 +0.38153060
-0.86699860 +0.32872357 +0.37450533
-0.25154499 -0.31227456 +0.91608390
+0.16068231 +0.25880592 +0.95247084
+0.00719076 -0.99381243 +0.11083836
+0.73122596 +0.68020038 +0.05134233
+0.30656662 +0.80087874 +0.51440271
-0.03962967 -0.36172431 +0.93144244
-0.33267516 +0.72020489 +0.60879566
-0.41757202 -0.33371197 +0.84514492
+0.37433213 -0.62330906 +0.68655755
+0.62597533 -0.73976889 +0.24677292
-0.66816968 -0.19109330 +0.71904981
-0.32999996 -0.73386361 +0.59375435
-0.43712186 +0.87418173 +0.21149654
-0.10101237 +0.36541193 +0.92534892
-0.07026649 -0.72732676 +0.68268471
+0.87232070 +0.46734101 +0.14369750
+0.26429840 +0.25021652 +0.93141723
-0.80034729 +0.59013881 +0.10573744
+0.75184446 +0.53127141 +0.39048765
-0.60088759 +0.65431657 +0.45913389
+0.27929584 +0.95581133 +0.09175260
-0.10534522 +0.00862839 +0.99439828
+0.01518453 +0.98552364 +0.16885670
-0.50666952 -0.28727737 +0.81287004
+0.98463004 +0.17409362 +0.01396783
-0.40477492 +0.50346024 +0.76333810
+0.09117682 -0.95105912 +0.29525131
+0.98310782 +0.03878470 +0.17887081
+0.12024712 +0.66644016 +0.73579762
+0.77493363 +0.44434737 +0.44948113
+0.85120911 -0.28440801 +0.44108404
-0.94422995 +0.31178417 +0.10592654
-0.73819711 -0.13545485 +0.66084568
+0.21002471 +0.90871734 +0.36072485
-0.73811661 -0.65455700 +0.16352066
-0.17360895 -0.71155707 +0.68084247
+0.34573511 -0.55054570 +0.75984648
+0.03575776 -0.73765647 +0.67422868
+0.97281117 -0.21809833 +0.07792011
+0.11270941 -0.98662891 +0.11772844
+0.46989618 -0.38755733 +0.79309324
+0.75427756 +0.61677500 +0.22506432
+0.87541230 -0.00506956 +0.48335040
+0.65432926 +0.49287222 +0.57352436
+0.35074526 +0.73507823 +0.58020494
+0.86697046 -0.34982523 +0.35494299
-0.36799809 +0.77041746 +0.52060958
-0.93899628 +0.19069823 +0.28621700
-0.30452474 +0.18795703 +0.93377558
-0.91816138 -0.33156845 +0.21689180
+0.68219679 +0.68287540 +0.26132113
+0.11718166 +0.97737272 +0.17609947
+0.52769827 +0.24875965 +0.81219035
+0.56653963 -0.65870415 +0.49511785
-0.09857198 +0.52983173 +0.84235498
-0.54034104 -0.83038218 +0.13600367
+0.48779593 +0.61263521 +0.62187880
-0.20206365 -0.97454642 +0.09710592
+0.51466935 +0.79395413 +0.32365461
+0.36391646 +0.89037913 +0.27347728
+0.58134286 +0.80416107 +0.12395746
+0.42804658 +0.31627152 +0.84660998
-0.24096356 -0.97053043 +0.00269324
-0.24704105 +0.93985116 +0.23590360
-0.54479826 +0.21601222 +0.81026759
+0.05617996 +0.26898248 +0.96150519
-0.20742107 +0.84443991 +0.49386004
+0.18247217 +0.72316960 +0.66613035
-0.61873235 +0.52270085 +0.58647600
+0.64745313 -0.63252861 +0.42510235
-0.39595453 +0.86326753 +0.31303224
+0.76535390 -0.46861142 +0.44117654
+0.55981936 +0.73079269 +0.39056923
-0.21787926 -0.40611751 +0.88746673
+0.91798062 +0.38371813 +0.10035920
+0.69115560 -0.08104108 +0.71814781
-0.55896526 +0.76685124 +0.31543148
-0.15288741 +0.44962203 +0.88003720
+0.83740878 +0.07340334 +0.54162578
-0.01266236 -0.95663723 +0.29100667
+0.52743291 +0.43583604 +0.72928833
+0.84447501 +0.17591109 +0.50588265
+0.10926932 +0.17415344 +0.97863721
+0.61766283 -0.51569775 +0.59375791
+0.51233656 +0.14424427 +0.84658422
+0.94098252 -0.05730333 +0.33356893
-0.66462084 -0.67563544 +0.31905468
+0.90066019 -0.25502934 +0.35181139
-0.35930013 +0.43255505 +0.82692173
-0.02479085 -0.88913740 +0.45696839
-0.46804639 -0.03046143 +0.88317873
+0.30168335 -0.02876791 +0.95297406
+0.17548023 -0.98394710 +0.03247761
+0.59285875 -0.44834000 +0.66896169
+0.49661602 -0.74545865 +0.44459412
+0.73074220 -0.67850764 +0.07512135
+0.14010854 +0.78860353 +0.59872705
+0.07018789 -0.61110664 +0.78843030
+0.78946592 +0.35139596 +0.50325385
-0.73361878 -0.62649569 +0.26326153
-0.59144499 -0.23895421 +0.77012578
-0.67763497 +0.00851447 +0.73534913
-0.82760486 +0.48372480 +0.28474639
+0.42551503 +0.57956038 +0.69501563
-0.35970324 +0.26636497 +0.89423894
+0.21827769 -0.96756765 +0.12715227
+0.67495447 -0.42877406 +0.60049086
+0.31522019 +0.93068579 +0.18563458
+0.73727026 +0.22824106 +0.63587623
-0.72356285 -0.47113462 +0.50446900
-0.19084350 +0.97007527 +0.15010908
-0.67548910 -0.73718210 +0.01664412
-0.10100926 +0.18728933 +0.97709766
-0.14480705 +0.95850895 +0.24554329
-0.62740484 +0.19899999 +0.75283609
-0.96091830 -0.01799938 +0.27624633
+0.57329038 +0.55502456 +0.60273201
+0.07043034 -0.99724507 +0.02327745
-0.21792399 +0.00075167 +0.97596545
-0.32947367 -0.83808786 +0.43480552
+0.65667288 +0.10026146 +0.74748135
-0.71614633 -0.59466125 +0.36539353
-0.09769828 -0.98971384 +0.10450631
-0.83375506 +0.55196292 +0.01376374
+0.95467523 +0.29232725 +0.05603562
+0.18710372 -0.86468667 +0.46616430
-0.98894485 +0.10795776 +0.10165236
-0.44939515 +0.76021732 +0.46916269
-0.60509085 -0.77341430 +0.18893221
+0.25997239 -0.94027255 +0.21977692
-0.64600046 +0.57814236 +0.49843236
+0.21744138 +0.95903321 +0.18158894
+0.83417948 +0.36937554 +0.40951960
-0.30602423 +0.82635201 +0.47274891
+0.53177568 +0.33849717 +0.77629523
-0.65654162 +0.10149048 +0.74743079
+0.49077052 +0.85965670 +0.14189665
+0.70391950 -0.66428330 +0.25144589
-0.53076830 +0.82268278 +0.20366163
-0.35020214 +0.09562518 +0.93178017
-0.69770755 +0.71621381 +0.01555487
-0.94130737 -0.23000743 +0.24705669
+0.20349242 -0.01994850 +0.97887328
+0.14296546 -0.74877441 +0.64722311
-0.26047715 +0.87718433 +0.40336001
-0.89490036 -0.04692413 +0.44379214
-0.99831083 +0.05757085 +0.00781511
-0.45679699 +0.41471063 +0.78698895
-0.00633642 +0.85509409 +0.51843413
-0.36451702 -0.16025485 +0.91730351
-0.15874281 -0.07543881 +0.98443370
-0.89861531 +0.22892153 +0.37427993
+0.64508091 -0.68745335 +0.33358434
-0.87426354 +0.16387593 +0.45695508
-0.22175699 -0.93536787 +0.27551912
+0.42430124 -0.74398172 +0.51619731
-0.69606917 +0.48611050 +0.52837892
-0.34468171 +0.91128850 +0.22527272
-0.79656129 +0.03316664 +0.60364732
+0.31052472 -0.47391160 +0.82400376
+0.32164576 -0.93678404 +0.13776670
+0.65967811 +0.74634067 +0.08831985
-0.27451696 -0.68790253 +0.67188581
+0.93982801 +0.30184618 +0.16003814
+0.66932764 +0.39991529 +0.62615355
-0.27975079 -0.89151162 +0.35629555
+0.20757495 -0.47055266 +0.85760879
+0.56317636 -0.02135123 +0.82606084
+0.83673022 +0.54199283 +0.07827071
-0.93041657 +0.36625855 +0.01340478
+0.27898899 -0.95932200 +0.04320238
+0.85749386 -0.50837923 +0.07908755
-0.91228019 +0.29186327 +0.28733376
-0.72669084 -0.23762152 +0.64455911
-0.82034161 -0.45418359 +0.34750096
-0.59033975 +0.29545823 +0.75113475
-0.95276561 -0.26464869 +0.14899251
-0.73403362 +0.67110411 +0.10398996
-0.46731031 -0.61706030 +0.63313321
-0.23222085 -0.76111288 +0.60562419
-0.93040106 +0.02075130 +0.36595527
-0.93012439 -0.08538068 +0.35718169
+0.26358377 +0.92466311 +0.27481216
+0.33238637 -0.30845127 +0.89127836
+0.10840693 +0.51732801 +0.84889320
+0.59961762 -0.78443864 +0.15847628
-0.77754610 -0.27968885 +0.56320174
+0.76465027 -0.23855385 +0.59866688
+0.91281831 -0.31228442 +0.26313718
+0.48307423 -0.04046034 +0.87464407
+0.85380996 -0.11070316 +0.50867805
+0.56668191 -0.82108402 +0.06850288
-0.75415204 -0.37775749 +0.53717221
-0.21275857 -0.15204346 +0.96520287
-0.39073520 +0.64872982 +0.65305101
-0.04867912 +0.09583363 +0.99420635
-0.47653869 -0.81778699 +0.32270003
-0.91977320 +0.12594809 +0.37169118
+0.77852139 +0.61616772 +0.11933892
-0.00150262 -0.67079136 +0.74164459
+0.45727545 +0.39674740 +0.79592127
-0.78205176 -0.54265698 +0.30646116
-0.10761592 +0.85419749 +0.50868996
+0.67150000 +0.20041685 +0.71338688
-0.67604224 -0.72652372 +0.12300475
-0.99526982 +0.00431848 +0.09705322
+0.84398889 +0.27422457 +0.46095948
-0.50469396 +0.31979556 +0.80188204
+0.21347628 +0.16478744 +0.96295014
+0.10279324 -0.46251144 +0.88063427
+0.97147902 +0.21176755 +0.10669118
+0.63481055 -0.57854551 +0.51215296
+0.27845071 -0.62328498 +0.73074006
+0.39688838 -0.03374904 +0.91724621
-0.32328899 -0.90892462 +0.26332540
-0.51521632 +0.68864332 +0.51021811
-0.60520084 -0.00698891 +0.79604214
-0.87486453 -0.25833567 +0.40972521
-0.02486120 +0.74307263 +0.66874882
-0.43245404 +0.05812971 +0.89978022
+0.78915912 +0.54133955 +0.29013681
-0.04827824 +0.44793324 +0.89276258
-0.04244697 +0.60567129 +0.79458199
+0.38939537 -0.85937133 +0.33143953
-0.07365026 -0.92516523 +0.37235057
+0.88627668 +0.46169631 +0.03674454
-0.30552002 -0.94815057 +0.08756718
-0.78554411 +0.30043800 +0.54097825
+0.92504753 -0.15744397 +0.34568551
-0.29195256 +0.66307976 +0.68926696
+0.05003192 +0.89695271 +0.43928652
-0.92797397 -0.35626052 +0.10928285
+0.50888951 +0.71442780 +0.48023368
-0.05539911 -0.97851757 +0.19858075
-0.03446345 -0.99927820 +0.01597988
+0.79224598 -0.31140951 +0.52475749
+0.17676580 -0.61981861 +0.76457749
-0.97763686 -0.19483956 +0.07914360
+0.77293530 -0.52828433 +0.35140673
-0.38301203 -0.05658336 +0.92200874
-0.42491021 -0.69890480 +0.57531156
+0.40974614 -0.47175794 +0.78073846
-0.37512613 +0.83291684 +0.40685369
+0.08712802 -0.87804503 +0.47058009
-0.90625728 +0.40934763 +0.10550951
-0.98140116 -0.05733273 +0.18320677
+0.60106860 +0.74377083 +0.29244056
+0.95098352 +0.21905934 +0.21827358
-0.87520682 +0.38975780 +0.28653424
-0.04207601 +0.96577273 +0.25595437
+0.71334516 -0.61052443 +0.34409097
-0.00949310 -0.18662886 +0.98238463
+0.07858441 +0.73692298 +0.67139333
-0.52668447 -0.18447981 +0.82980158
-0.81936243 -0.32021915 +0.47550489
-0.58666770 +0.45970004 +0.66670600
+0.13279037 -0.91364484 +0.38421325
+0.34218211 +0.93961756 +0.00550044
-0.97137064 -0.16058772 +0.17507334
-0.41241336 -0.57212966 +0.70893079
-0.67475676 -0.08828790 +0.73274045
-0.96370410 +0.26661935 +0.01373040
+0.45213879 +0.69166414 +0.56317958
-0.79287770 -0.17796234 +0.58281589
+0.36095793 -0.90324764 +0.23206266
-0.81796846 +0.20236697 +0.53849347
+0.36127026 +0.23859175 +0.90141987
-0.55827996 -0.68845731 +0.46297950
-0.25633364 +0.27812648 +0.92570985
-0.15459952 +0.09576503 +0.98332500
+0.30314813 -0.69406921 +0.65296948
-0.98657413 +0.16293019 +0.01119098
+0.63559771 +0.74743984 +0.19325949
+0.61374668 -0.28395026 +0.73667310
-0.63245707 +0.36500186 +0.68320692
-0.84663246 -0.53130047 +0.03054965
+0.79936174 -0.59581889 +0.07759295
-0.85028327 -0.00742851 +0.52627291
+0.48840671 -0.67797719 +0.54936856
-0.98042362 +0.04726318 +0.19114319
+0.79110620 +0.15182163 +0.59253791
-0.60718515 -0.79064995 +0.07873281
+0.35954059 +0.54264163 +0.75912490
+0.02855366 -0.28307766 +0.95867186
-0.20550399 +0.36551402 +0.90783678
-0.68641635 -0.55881361 +0.46536002
+0.82213549 -0.03112727 +0.56844026
-0.54206706 -0.43803835 +0.71713716
-0.37907432 -0.85987659 +0.34192822
+0.36434350 +0.05775617 +0.92947191
+0.06058596 +0.96247974 +0.26450349
-0.83984232 +0.09905641 +0.53371594
-0.48219352 -0.38793483 +0.78549091
-0.18247236 -0.49501592 +0.84950755
+0.03311061 -0.53343365 +0.84519360
-0.76697218 +0.57291420 +0.28900347
+0.39990934 -0.68750047 +0.60614818
-0.50879386 -0.85953127 +0.04831978
+0.84845680 +0.46669323 +0.24963672
+0.31308629 +0.87900037 +0.35963221
+0.54621432 +0.63884001 +0.54178719
-0.20173522 +0.92293689 +0.32785729
-0.95517232 +0.08714378 +0.28293426
-0.51332005 -0.76232553 +0.39416027
+0.82720800 -0.21305679 +0.51993628
-0.48529032 +0.82526314 +0.28884953
-0.57812063 -0.76374720 +0.28717025
-0.77943487 +0.13879969 +0.61091402
-0.87392289 -0.39492977 +0.28335360
+0.99639765 -0.00721255 +0.08449676
+0.78034993 +0.04807075 +0.62349274
-0.04898800 +0.27553617 +0.96004166
+0.46546196 +0.78160112 +0.41526481
-0.46741230 +0.79792727 +0.38057564
+0.05597395 +0.08753608 +0.99458753
-0.37267499 -0.65632941 +0.65600690
-0.58093865 +0.11259800 +0.80612156
-0.65165969 -0.29201697 +0.70004696
+0.29871030 -0.90215493 +0.31126940
-0.08614141 +0.67741522 +0.73053972
+0.46753070 -0.61453998 +0.63541771
+0.55401852 -0.59798927 +0.57919973
+0.34794882 -0.80083038 +0.48744469
-0.10848910 -0.65629322 +0.74666547
+0.48114758 -0.80767758 +0.34081364
-0.70411457 +0.64712126 +0.29232988
+0.73079865 -0.16131348 +0.66325809
-0.30550435 +0.51809528 +0.79890198
+0.89008848 +0.19374531 +0.41255939
+0.47541935 -0.87756605 +0.06208269
-0.03850248 -0.59711298 +0.80123258
-0.74457567 +0.39468831 +0.53835695
+0.27207663 -0.39180513 +0.87889877
+0.04931060 -0.97769951 +0.20413755
-0.97193608 +0.21074597 +0.10452943
+0.14006306 -0.54414849 +0.82721506
+0.23073232 -0.76363977 +0.60300654
+0.44167104 +0.89670169 +0.02920225
-0.23528022 +0.97046892 +0.05322872
-0.15292986 +0.27927580 +0.94795437
-0.35042263 -0.27340121 +0.89579895
+0.09621632 +0.84693215 +0.52292290
+0.17829490 +0.98019249 +0.08621840
+0.15988376 +0.07808782 +0.98404242
-0.33608145 +0.94091012 +0.04168216
-0.23133463 -0.86437044 +0.44648408
+0.01715426 +0.67543515 +0.73721984
-0.28265234 -0.80398248 +0.52318241
+0.69555510 -0.49454521 +0.52117956
-0.88833171 -0.42345257 +0.17763642
-0.67339652 +0.26973860 +0.68831549
+0.43586204 +0.48468566 +0.75835618
+0.88628188 +0.09639989 +0.45300275
+0.96145148 +0.01504165 +0.27456294
+0.32409678 +0.33068687 +0.88634501
+0.10915269 +0.35111567 +0.92994811
+0.79452395 +0.25366180 +0.55171314
+0.89870357 +0.38711636 +0.20608935
-0.42102689 -0.87243232 +0.24818986
-0.84964816 -0.11444260 +0.51478238
-0.64277165 -0.64008845 +0.42086979
-0.85793802 +0.50271126 +0.10594222