-0.15106872 +0.50357123 +0.85064344
-0.92043193 +0.13135757 +0.36817150
-0.42315212 +0.65753999 +0.62336462
+0.38779633 +0.75744237 +0.52525714
+0.69101873 -0.64417103 +0.32792804
+0.03206367 -0.57225794 +0.81944663
+0.20239729 +0.96600098 +0.16086469
-0.07689418 -0.61558606 +0.78430931
-0.90463958 -0.42477218 +0.03458061
+0.59365452 -0.67492678 +0.43823299
-0.03343525 -0.99045633 +0.13370990
-0.82022802 +0.56457719 +0.09207922
+0.13370905 +0.66384328 +0.73582198
+0.01030701 +0.01497595 +0.99983473
+0.20465636 +0.88164977 +0.42521696
+0.53853060 +0.50012848 +0.67812705
-0.00822209 -0.76034786 +0.64946403
-0.71545315 +0.44906453 +0.53522691
+0.48934665 +0.80810187 +0.32788906
+0.78985720 -0.32010490 +0.52312375
+0.88105738 +0.10987509 +0.46007103
-0.78984946 -0.57901662 +0.20218206
+0.45378757 -0.32498489 +0.82973590
+0.63806156 +0.48411639 +0.59875602
-0.43017883 -0.84489217 +0.31796761
+0.83958666 -0.51686168 +0.16717731
-0.99973919 +0.01423682 +0.01785692
+0.57716897 +0.72913571 +0.36774598
-0.38857043 +0.74539683 +0.54166096
-0.83544881 -0.14194693 +0.53092029
+0.31712244 -0.71101049 +0.62761249
+0.48438346 -0.74872529 +0.45252968
-0.27365496 -0.96074577 +0.04561281
+0.54866554 -0.24529102 +0.79924867
-0.84651586 -0.47264472 +0.24498544
-0.94770079 -0.31277255 +0.06353381
+0.23602635 -0.22849876 +0.94449980
-0.21821700 +0.65665738 +0.72192965
+0.91441747 +0.36098627 +0.18311090
-0.16170863 +0.91714028 +0.36428565
-0.24766969 +0.56073868 +0.79008345
+0.61011929 -0.58664071 +0.53254777
+0.97381248 +0.22492867 +0.03311125
+0.91047479 -0.12899988 +0.39293090
+0.31281507 +0.50498787 +0.80444638
-0.93524227 +0.00293502 +0.35399616
+0.86869171 +0.39058241 +0.30466389
+0.00600551 +0.64002001 +0.76833477
+0.18068940 +0.98299905 +0.03262211
+0.64141372 +0.18741909 +0.74395062
+0.57265569 +0.81173800 +0.11465987
-0.78856241 +0.36567623 +0.49441907
+0.11399729 -0.72598859 +0.67819259
+0.76026645 -0.53476592 +0.36880935
+0.90618948 +0.19743691 +0.37395092
-0.37234694 +0.91997468 +0.12249221
+0.22696226 -0.10323726 +0.96841634
+0.06553295 -0.99656181 +0.05069514
-0.86936084 +0.17214370 +0.46322594
-0.19619552 -0.89244578 +0.40626080
+0.67833852 -0.59410341 +0.43231700
-0.22127263 +0.94176422 +0.25321647
-0.08993083 -0.41153888 +0.90694443
-0.09620132 -0.17119544 +0.98052916
+0.95527455 +0.25049189 +0.15717619
+0.39705646 +0.82269968 +0.40683092
-0.63318398 -0.74360277 +0.21478589
-0.93688521 +0.28628466 +0.20071670
+0.34750819 -0.28094594 +0.89459904
+0.63169571 -0.48960882 +0.60103555
+0.88934734 +0.44889190 +0.08693320
-0.61625134 +0.03683914 +0.78668746
-0.27245514 +0.78647532 +0.55427860
-0.34753522 +0.82256057 +0.45012595
+0.84259652 +0.01723792 +0.53826941
-0.55661077 -0.62372683 +0.54877071
-0.97623546 -0.19693190 +0.09045526
+0.39437961 +0.90806378 +0.14101381
-0.21278475 -0.70052258 +0.68116868
+0.92748206 -0.28903254 +0.23714388
-0.52094096 +0.09409015 +0.84839116
-0.01645563 +0.91229209 +0.40920943
+0.08429616 -0.80808175 +0.58300775
-0.45360694 +0.55912977 +0.69398462
-0.07193719 -0.89260670 +0.44505991
+0.17550137 -0.84335139 +0.50789536
-0.33289012 -0.69455247 +0.63779388
-0.84616848 -0.53291439 +0.00107329
+0.01354892 -0.10963767 +0.99387927
-0.88482745 -0.19676053 +0.42233361
-0.80216476 +0.24357547 +0.54516299
-0.98959646 +0.04271975 +0.13738220
-0.55560780 +0.80621547 +0.20326481
-0.03939082 -0.83370314 +0.55080617
+0.40350070 -0.73574003 +0.54394282
-0.52228900 -0.15248379 +0.83902497
+0.48765093 +0.85071040 +0.19618459
+0.89402374 -0.44091562 +0.07946682
+0.29291168 -0.79619273 +0.52941467
-0.90149919 +0.27824268 +0.33148185
+0.72145119 -0.17767921 +0.66928191
-0.52570611 -0.02966461 +0.85014887
+0.53954101 +0.20908004 +0.81558631
-0.51436349 -0.76616630 +0.38525238
+0.79520134 -0.20159494 +0.57185165
-0.76624970 -0.20907282 +0.60757712
-0.61026623 -0.21322821 +0.76296058
-0.41795164 -0.21490905 +0.88268371
-0.30759045 +0.70499085 +0.63904305
-0.47262533 -0.87858314 +0.06868015
+0.55175175 -0.35979837 +0.75240624
-0.74670115 -0.50382409 +0.43427950
-0.42529278 +0.02827934 +0.90461391
+0.36839275 +0.68260651 +0.63113796
-0.66002632 +0.64820496 +0.37973093
-0.96304765 -0.16492704 +0.21292790
-0.28587743 +0.89095628 +0.35280449
+0.43044231 +0.50845802 +0.74578137
+0.99423478 +0.10700766 +0.00682418
+0.64096629 -0.27174226 +0.71785678
-0.38697811 -0.44465244 +0.80779462
-0.60774093 +0.16080738 +0.77768371
-0.79327116 -0.60403259 +0.07658655
+0.52583883 -0.84079371 +0.12868358
-0.61642112 -0.71387444 +0.33227743
-0.17964823 +0.39367417 +0.90152491
-0.56323685 +0.71700742 +0.41068798
-0.28441728 -0.62220297 +0.72936293
-0.48893940 +0.33964655 +0.80347899
-0.88596235 +0.04928779 +0.46113059
+0.90297388 -0.24796704 +0.35092809
-0.77234888 -0.08294693 +0.62975949
-0.25177414 -0.77346350 +0.58169063
+0.02188765 -0.92906464 +0.36926930
+0.37769275 -0.81402255 +0.44126576
-0.69202673 +0.11560311 +0.71255520
-0.16475029 -0.84150968 +0.51450831
-0.20345578 -0.23067773 +0.95152169
-0.70712283 +0.65800997 +0.25884394
-0.68262520 +0.72909983 +0.04935861
-0.31898518 +0.08464821 +0.94397200
-0.97061050 -0.04646018 +0.23612859
+0.73103935 +0.60598391 +0.31363190
+0.30629378 -0.94682208 +0.09854987
-0.92023682 -0.24215757 +0.30744742
+0.73412549 +0.53533505 +0.41770343
-0.69285349 +0.55450693 +0.46095130
+0.93887051 +0.33899633 +0.06003054
+0.47420232 +0.67739789 +0.56237377
-0.45140471 -0.87025031 +0.19722623
+0.71100163 -0.05798243 +0.70079577
+0.59344618 +0.08782359 +0.80006791
+0.30412433 +0.92687839 +0.22001101
+0.02193850 -0.67441811 +0.73802366
-0.37198327 -0.75599526 +0.53860896
-0.31604291 -0.87586598 +0.36465828
-0.33800160 +0.91016418 +0.23949131
+0.89088340 -0.40797255 +0.19971271
-0.99026876 -0.07803645 +0.11523061
+0.19084991 +0.49204414 +0.84939324
-0.61412648 +0.73255113 +0.29362819
-0.74849494 +0.18606460 +0.63650238
+0.23596944 -0.92035625 +0.31186983
+0.11593215 +0.09347592 +0.98884882
+0.63292713 -0.72555169 +0.27014439
+0.44662674 -0.20807335 +0.87018965
+0.58126622 +0.30471837 +0.75450401
+0.94906373 -0.04024906 +0.31250289
+0.63578802 -0.15440883 +0.75626153
+0.25556711 +0.67714845 +0.69004016
-0.19961454 -0.47823137 +0.85524779
+0.76984438 +0.03984024 +0.63698696
+0.16451729 +0.74631822 +0.64493657
+0.80577477 +0.49655298 +0.32274162
-0.72245509 -0.69032207 +0.03891133
+0.21042046 -0.95776736 +0.19597171
+0.51335030 -0.66629293 +0.54085598
-0.94371966 +0.18944618 +0.27111501
+0.22674414 -0.67473985 +0.70236261
+0.02648891 -0.46663377 +0.88405388
-0.05888723 -0.99818988 +0.01221744
+0.72683174 +0.45717508 +0.51254909
+0.34448139 +0.59729141 +0.72427587
+0.81261785 +0.13673531 +0.56652951
-0.82148539 +0.11401963 +0.55871395
-0.30503935 -0.52532048 +0.79434841
+0.10067358 +0.57249064 +0.81370713
+0.15468502 +0.38379247 +0.91037129
-0.77366747 -0.54615017 +0.32118320
+0.71157810 -0.67488402 +0.19541792
+0.52326967 -0.00907711 +0.85211880
-0.65415534 +0.73647424 +0.17229764
+0.43668688 -0.86953813 +0.23066861
+0.34892474 -0.50831910 +0.78731392
+0.10886161 +0.92419137 +0.36608668
-0.47737009 +0.45217792 +0.75342745
+0.27842439 +0.75791871 +0.58994837
+0.38321521 +0.92364053 +0.00585507
-0.21229916 +0.01733542 +0.97705094
-0.36550871 -0.92277753 +0.12200415
-0.82273443 +0.48417828 +0.29779096
-0.86229979 -0.31732950 +0.39464042
+0.22844824 +0.29550126 +0.92762622
+0.65707865 +0.73661120 +0.16016115
+0.56022765 -0.74788462 +0.35610894
-0.65572562 +0.40837211 +0.63502452
-0.39462887 -0.59733307 +0.69818426
+0.35679694 +0.31430461 +0.87972073
+0.73231530 +0.16184607 +0.66145305
-0.55988592 +0.49318714 +0.66580342
+0.84354295 +0.22709239 +0.48668711
+0.18458769 +0.82188638 +0.53891573
+0.96692160 -0.20043254 +0.15776378
-0.61484826 -0.51348568 +0.59857670
+0.82873151 -0.47738479 +0.29207506
-0.44961914 +0.86442741 +0.22496195
-0.25041348 -0.95307354 +0.17012911
-0.74510878 -0.33296012 +0.57788448
+0.04220971 +0.35956999 +0.93216295
+0.77267160 -0.58336867 +0.25031897
-0.13097557 -0.77736696 +0.61526093
+0.71049673 -0.49961163 +0.49556293
-0.48482239 -0.72063188 +0.49561774
+0.20457349 -0.76671472 +0.60852135
+0.08745490 +0.87363210 +0.47866335
+0.85661044 -0.10163077 +0.50585545
-0.84356382 +0.38669785 +0.37264575
+0.82335081 +0.55672299 +0.11024042
-0.98958740 +0.13761641 +0.04217231
+0.39693037 +0.41419248 +0.81907929
-0.15045627 +0.81645594 +0.55746086
+0.45330996 -0.43792471 +0.77635818
+0.46964781 +0.30853211 +0.82718733
+0.97327062 +0.04801453 +0.22458607
-0.88737984 +0.38420171 +0.25484518
+0.20963533 +0.93193948 +0.29587468
-0.30963295 +0.21257288 +0.92679027
+0.14519775 -0.90494642 +0.39998700
+0.01050535 +0.95261253 +0.30400495
+0.30543850 +0.88390586 +0.35414369
-0.58682962 +0.80538099 +0.08362091
-0.74273408 +0.65604262 +0.13399316
+0.01741235 -0.23388204 +0.97210905
-0.18515941 +0.74212023 +0.64418441
+0.93862118 -0.32393051 +0.11857196
-0.10369388 +0.20066980 +0.97415564
-0.57038738 -0.82128851 +0.01197597
-0.70857873 -0.45311315 +0.54092944
-0.40160038 +0.27883230 +0.87233577
+0.45596107 +0.59683686 +0.66021607
+0.72231040 -0.29454017 +0.62571062
-0.73083117 +0.32408641 +0.60071108
+0.87226223 -0.37254111 +0.31681496
-0.27320678 +0.45553882 +0.84725583
+0.67991358 +0.28249863 +0.67669199
+0.66223930 +0.74799953 +0.04399787
-0.67379967 +0.26539534 +0.68960809
-0.10036801 +0.95620531 +0.27495030
-0.69732353 -0.14895827 +0.70110722
+0.90326725 -0.00935358 +0.42897644
+0.61439212 +0.39687786 +0.68191663
-0.89243690 -0.07415745 +0.44503602
+0.14039952 -0.52059724 +0.84217960
-0.19569076 -0.35328174 +0.91482082
-0.09098369 -0.29319777 +0.95171268
+0.27549634 +0.40445859 +0.87207512
-0.08541958 -0.51772734 +0.85127075
-0.02098974 +0.84792400 +0.52970211
-0.44641918 -0.66418850 +0.59963618
+0.76720798 +0.25507242 +0.58849807
+0.01011666 +0.13892878 +0.99025070
+0.78021868 -0.61434674 +0.11763029
-0.76738759 +0.64112093 +0.00895748
-0.60081276 +0.62787310 +0.49477207
+0.65148341 +0.56550831 +0.50573681
-0.58576000 +0.27404288 +0.76274879
-0.51178190 +0.79689030 +0.32100644
-0.93490665 +0.35488918 +0.00179849
-0.10213195 +0.07693767 +0.99179114
+0.41652992 +0.03640525 +0.90839280
+0.95288727 +0.16617718 +0.25375379
-0.40194889 +0.85020826 +0.33997500
+0.24228172 -0.57183797 +0.78377350
+0.78965531 -0.08163697 +0.60809530
-0.68560804 -0.27339491 +0.67468277
+0.29716731 +0.82568948 +0.47950857
-0.56073101 -0.45388488 +0.69250939
+0.86030191 +0.46658163 +0.20538308
+0.24740055 -0.46166703 +0.85185475
+0.80437506 +0.42258242 +0.41761807
+0.26441558 -0.86632601 +0.42374951
+0.65544760 +0.63917489 +0.40229827
-0.53140803 +0.59846697 +0.59953548
+0.12311546 +0.24342965 +0.96207307
-0.94117294 -0.28159874 +0.18680376
+0.18786839 -0.97907918 +0.07816277
-0.25637016 +0.95682407 +0.13697461
+0.32521091 -0.03603394 +0.94495472
+0.94772537 -0.16259708 +0.27455201
+0.11587466 -0.95102712 +0.28656670
+0.39911539 +0.87410012 +0.27686799
-0.39849162 +0.91716141 +0.00440222
+0.53026656 -0.57174726 +0.62603710
+0.00876474 +0.25244533 +0.96757146
-0.49856668 +0.69242551 +0.52151528
-0.13532290 +0.97814327 +0.15787165
+0.76121674 +0.64573784 +0.05976390
+0.05320090 -0.87597295 +0.47941742
-0.79133324 -0.38723586 +0.47311741
+0.79140852 +0.34201006 +0.50665736
+0.13031183 -0.29305463 +0.94717359
-0.05443409 +0.43718704 +0.89772180
+0.79403341 +0.56540949 +0.22321077
+0.72039350 -0.40543642 +0.56272063
-0.21196297 +0.14300683 +0.96675785
+0.48649609 +0.74904463 +0.44972625
+0.42760035 -0.64630184 +0.63202205
-0.28658370 -0.83114548 +0.47651544
-0.42467058 -0.09443531 +0.90040928
-0.72026968 -0.67513034 +0.15940704
-0.63009826 +0.52679265 +0.57049600
-0.88374997 +0.46567177 +0.04621474
-0.65651912 -0.56724643 +0.49720633
-0.08975698 +0.69630887 +0.71210788
-0.15560101 -0.98352989 +0.09196344
-0.50402331 +0.21578743 +0.83629916
-0.30653025 -0.28417373 +0.90845170
+0.50734697 -0.86167052 +0.01108894
-0.68740516 -0.61297361 +0.38953497
+0.48180244 +0.87412187 +0.06146031
-0.59100532 -0.67362029 +0.44378870
-0.82106098 -0.26612564 +0.50501091
-0.86031485 +0.47887763 +0.17474147
-0.29332890 -0.40355495 +0.86666115
+0.32664843 -0.92019495 +0.21573608
-0.65811344 -0.39598032 +0.64037979
+0.62184860 -0.03450120 +0.78237714
+0.06800073 +0.47159767 +0.87918800
+0.60936810 -0.79207252 +0.03593927
-0.69872738 -0.02030536 +0.71509982
-0.89048773 -0.35973314 +0.27861023
-0.77383404 +0.47285709 +0.42141080
-0.61678030 -0.08946162 +0.78203496
-0.12261718 +0.60503100 +0.78670358
+0.03968289 +0.72639296 +0.68613303
+0.97160609 -0.23339819 +0.03881861
+0.24353322 -0.34777735 +0.90539631
+0.70207061 -0.70835570 +0.07300044
+0.50895833 +0.40775756 +0.75808653
+0.99131517 -0.10786715 +0.07522575
-0.48269523 +0.86920007 +0.10722202
-0.76641901 +0.04749435 +0.64058269
-0.23275638 +0.85693448 +0.45987798
+0.13296272 -0.62747726 +0.76719828
-0.22421385 -0.93005823 +0.29106673
+0.79126856 -0.43424858 +0.43049069
+0.12423305 -0.16941792 +0.97768283
+0.35079828 -0.87607084 +0.33081785
-0.90510497 -0.39484748 +0.15773540
+0.41927599 -0.90072085 +0.11362039
+0.12114307 -0.03920128 +0.99186068
-0.40425872 -0.80629169 +0.43182010
+0.66091716 +0.69628458 +0.27995765
+0.32455430 +0.09763485 +0.94081451
-0.00717411 -0.96733816 +0.25338789
-0.08600130 +0.32577087 +0.94152914
+0.54631467 -0.46904855 +0.69392632
+0.45885106 -0.81874674 +0.34512240
+0.57553689 +0.78014920 +0.24520300
+0.22507019 +0.58905378 +0.77611794
+0.33722002 -0.61459733 +0.71312887
-0.01145914 +0.98268010 +0.18495543
+0.98223367 +0.13524307 +0.13010121
+0.49159281 +0.11086774 +0.86373888
+0.20993498 +0.16007513 +0.96452230
+0.56949683 +0.66340905 +0.48534708
+0.93520853 +0.07999227 +0.34494382
+0.33781593 -0.16078720 +0.92737688
-0.70868875 -0.64907994 +0.27650586
-0.85402944 +0.28254704 +0.43680760
+0.68618907 +0.06400339 +0.72460205
-0.41548210 +0.15233231 +0.89675498
-0.02639197 +0.54378579 +0.83880896
+0.99459302 +0.01580998 +0.10263900
-0.91703662 +0.37863147 +0.12522797
-0.83498083 -0.01554276 +0.55005949
-0.51255437 -0.27245088 +0.81428406
-0.20991446 -0.10726920 +0.97181749
-0.20065251 +0.27157446 +0.94126823
-0.78925216 +0.57427386 +0.21746392
-0.96157225 +0.26251811 +0.08039305
-0.85521489 -0.50324804 +0.12389070
-0.05522092 +0.77729500 +0.62670817
-0.51123671 -0.56624582 +0.64653128
+0.22346548 +0.03008523 +0.97424743
-0.55199582 -0.82109828 +0.14525228
+0.85692173 -0.21799680 +0.46707873
+0.83783819 -0.54469992 +0.03645760
-0.82489576 -0.43442062 +0.36169837
-0.28365663 +0.95873043 +0.01936165
+0.13618313 -0.40984796 +0.90193060
+0.73491621 +0.65474921 +0.17663985
+0.31196423 +0.21230407 +0.92606981
-0.18866010 -0.58779517 +0.78670465
-0.45822481 +0.77565654 +0.43403566
+0.55866755 +0.58544475 +0.58749044
-0.53626565 -0.80015108 +0.26865852
+0.29380120 +0.95218042 +0.08386481
+0.08969502 -0.98145870 +0.16939193
+0.62480624 -0.76547085 +0.15385559
-0.74696302 +0.56997092 +0.34231478
-0.45279322 -0.50455166 +0.73512307
+0.70854958 +0.37271708 +0.59919902
+0.64083157 -0.38478599 +0.66428505
-0.96407893 +0.07206081 +0.25565419
+0.84420600 -0.33164600 +0.42110233
-0.49469224 -0.38909279 +0.77710127
-0.34127612 -0.90711183 +0.24633055
-0.64200505 -0.76129951 +0.09084362
-0.10163850 -0.69855736 +0.70829883
+0.53950302 -0.80567776 +0.24458095
+0.53958548 -0.12808847 +0.83213031
-0.97366533 +0.16467534 +0.15766375
-0.38528632 +0.40058303 +0.83131684
-0.13010363 -0.96812781 +0.21401304
-0.33936386 +0.61277341 +0.71368124
+0.02121720 -0.35407258 +0.93497724
-0.11387468 +0.87932903 +0.46239919
+0.35260916 -0.39661614 +0.84756263
-0.10055897 -0.04762370 +0.99379066
-0.29417836 +0.33839375 +0.89383934
+0.07168047 +0.80318403 +0.59140285
-0.31593205 -0.16299121 +0.93467685
+0.91783515 +0.28041543 +0.28097301
-0.58089400 +0.38171405 +0.71892736
-0.59463217 -0.33406927 +0.73130725
+0.42119867 +0.19957358 +0.88473842
+0.43430220 -0.08784527 +0.89647354
-0.10225550 -0.93757284 +0.33241689
+0.10820651 +0.96605737 +0.23457304
-0.03992129 +0.99689802 +0.06782788
-0.36669852 +0.51113757 +0.77734843
+0.44296614 -0.54556499 +0.71143506
-0.16361722 +0.98570722 +0.04013332
-0.32043603 -0.03982714 +0.94643254
-0.40565510 -0.33179419 +0.85167867
+0.86239233 +0.31158620 +0.39899061
+0.08573765 +0.99024685 +0.10981904
+0.97839010 -0.07376809 +0.19316078
-0.93523372 -0.12107151 +0.33268541