0.000550547 -1.83503e-005 1
-0.0365734 0.0714978 0.99677
-0.0495476 -0.0653721 0.99663
0.0813307 -0.00340269 0.996681
0.0436698 0.0689837 0.996662
0.00142505 0.140882 0.990025
-0.0804186 0.138926 0.987032
-0.117987 0.0669167 0.990758
-0.0811446 0.00322434 0.996697
-0.0160508 -0.135321 0.990672
0.0676978 -0.141804 0.987577
0.0341296 -0.0712942 0.996871
0.161847 -0.00663386 0.986794
0.12384 0.0655312 0.990136
0.0821502 0.137887 0.987035
0.0379427 0.20936 0.977102
-0.0438275 0.209004 0.976932
-0.125893 0.202801 0.971094
-0.161535 0.128136 0.978513
-0.185243 0.0382296 0.981949
-0.14037 -0.040232 0.989281
-0.102469 -0.118739 0.987624
-0.0661203 -0.194084 0.978754
0.0178066 -0.205753 0.978442
0.100842 -0.211536 0.972154
0.149982 -0.145446 0.977932
0.116125 -0.0749743 0.990401
0.241668 -0.00954858 0.970312
0.203759 0.0622486 0.97704
0.16258 0.134118 0.977538
0.118726 0.205681 0.97139
0.0735712 0.276653 0.95815
-0.00765848 0.277721 0.960631
-0.0893807 0.273973 0.957575
-0.170117 0.26646 0.948714
-0.205153 0.192527 0.959607
-0.23405 0.112934 0.965643
-0.261757 0.040252 0.964294
-0.216887 -0.0334444 0.975624
-0.180678 -0.108739 0.977513
-0.146159 -0.183933 0.972011
-0.111728 -0.257745 0.959731
-0.0312471 -0.267196 0.963136
0.0510512 -0.275706 0.959885
0.133086 -0.280182 0.950677
0.182839 -0.214731 0.959406
0.231206 -0.148306 0.961535
0.197241 -0.0780102 0.977246
0.320116 -0.0121574 0.9473
0.282749 0.0593676 0.957355
0.24245 0.13078 0.961309
0.199251 0.20161 0.958985
0.153998 0.272018 0.94989
0.108271 0.342468 0.93327
0.0278834 0.345028 0.938178
-0.0530421 0.343173 0.937773
-0.133705 0.337495 0.931783
-0.213496 0.3287 0.919987
-0.248934 0.256345 0.93398
-0.280796 0.181483 0.942453
-0.31058 0.108629 0.94432
-0.339488 0.0368373 0.939889
-0.293427 -0.0313731 0.955467
-0.258888 -0.103123 0.960387
-0.225567 -0.175218 0.958341
-0.191724 -0.247439 0.949745
-0.157907 -0.319688 0.934272
-0.0781151 -0.330113 0.940704
0.00206165 -0.338345 0.94102
0.0830969 -0.344427 0.935128
0.164041 -0.347317 0.923289
0.214453 -0.282568 0.934968
0.263819 -0.2173 0.939776
0.310946 -0.150897 0.938372
0.277141 -0.0807326 0.957431
0.396518 -0.014437 0.917913
0.360069 0.0568717 0.931191
0.320991 0.127981 0.938395
0.279042 0.198306 0.93958
0.234408 0.267615 0.934578
0.188017 0.336554 0.922703
0.14193 0.406468 0.902574
0.062632 0.410648 0.90964
-0.0172256 0.410568 0.911667
-0.0971665 0.406501 0.908469
-0.176761 0.399 0.899753
-0.255656 0.388402 0.885316
-0.292128 0.317123 0.902272
-0.326134 0.243878 0.913324
-0.358037 0.170061 0.91809
-0.388345 0.0952655 0.916577
-0.418604 0.0191207 0.907968
-0.368991 -0.0340338 0.92881
-0.337507 -0.100318 0.935962
-0.305781 -0.168194 0.937128
-0.272614 -0.237226 0.932419
-0.238043 -0.307151 0.921409
-0.20394 -0.378489 0.902859
-0.12483 -0.391163 0.911816
-0.0456614 -0.400734 0.915056
0.0338002 -0.407418 0.912616
0.113643 -0.411356 0.904363
0.193406 -0.412524 0.890179
0.244551 -0.348621 0.904797
0.294927 -0.28471 0.912117
0.343156 -0.219718 0.913218
0.388555 -0.153226 0.908596
0.355226 -0.0831872 0.931072
0.470254 -0.0163033 0.88238
0.435048 0.0547856 0.898739
0.397457 0.125649 0.908978
0.357142 0.195676 0.913324
0.313984 0.264411 0.911867
0.268148 0.331798 0.904437
0.220688 0.398921 0.890033
0.174456 0.468325 0.866162
0.096521 0.474238 0.87509
0.0179771 0.475951 0.879288
-0.0608621 0.473527 0.878674
-0.13965 0.467385 0.872954
-0.218072 0.457946 0.861818
-0.295696 0.445692 0.844939
-0.333414 0.375682 0.864695
-0.368998 0.30416 0.878252
-0.40207 0.231365 0.885895
-0.432751 0.157215 0.887699
-0.461457 0.0818148 0.883382
-0.485752 0.00311728 0.874091
-0.428765 -0.0693078 0.900753
-0.392495 -0.144604 0.908316
-0.357074 -0.218382 0.908189
-0.320726 -0.290499 0.901524
-0.283529 -0.361627 0.888165
-0.248089 -0.434018 0.866072
-0.170561 -0.449513 0.876839
-0.0926755 -0.461102 0.882494
-0.014496 -0.469248 0.882947
0.063917 -0.47418 0.878105
0.142465 -0.476071 0.86779
0.220904 -0.475442 0.851561
0.272858 -0.412546 0.869111
0.324298 -0.350242 0.878727
0.373609 -0.286892 0.882105
0.420079 -0.221888 0.879943
0.463407 -0.15519 0.872451
0.430884 -0.0853053 0.898366
0.540725 -0.0176296 0.841014
0.507063 0.0532348 0.860264
0.471176 0.123842 0.873302
0.432719 0.193626 0.88049
0.391469 0.262065 0.882085
0.347312 0.328804 0.878215
0.300385 0.393876 0.868695
0.251864 0.458748 0.852124
0.205941 0.527739 0.824063
0.129753 0.535434 0.834551
0.0528133 0.538977 0.840663
-0.0246371 0.538294 0.842397
-0.102277 0.53368 0.839479
-0.179799 0.525509 0.831572
-0.256857 0.514286 0.818251
-0.333048 0.500271 0.799254
-0.372383 0.431568 0.821633
-0.409686 0.361635 0.837482
-0.444159 0.289893 0.847753
-0.475809 0.216038 0.852604
-0.504842 0.13966 0.851839
-0.529841 0.0581683 0.8461
-0.556766 -0.0299943 0.830127
-0.497964 -0.0679427 0.864532
-0.465819 -0.137958 0.87406
-0.433243 -0.208461 0.876838
-0.398919 -0.278624 0.873632
-0.362661 -0.347926 0.864537
-0.324685 -0.416582 0.849141
-0.289744 -0.488304 0.823169
-0.214734 -0.505064 0.835942
-0.138698 -0.518809 0.843564
-0.0620504 -0.528794 0.846479
0.0149606 -0.535244 0.844565
0.0921358 -0.538333 0.837681
0.169286 -0.538215 0.825631
0.246271 -0.535752 0.807663
0.299086 -0.47401 0.828168
0.351667 -0.413628 0.839787
0.402042 -0.352165 0.845187
0.449554 -0.288879 0.845251
0.493898 -0.223691 0.840254
0.534909 -0.156722 0.830247
0.503535 -0.0869902 0.859584
0.607319 -0.0183 0.794248
0.575491 0.0524244 0.816126
0.541485 0.122798 0.831694
0.505001 0.192354 0.841412
0.465842 0.260582 0.845629
0.423793 0.327026 0.844661
0.378784 0.391396 0.838649
0.330906 0.453712 0.827434
0.281425 0.515717 0.809219
0.237569 0.584389 0.775919
0.163895 0.593687 0.787829
0.0887906 0.599081 0.79575
0.0127541 0.600274 0.799693
-0.0637699 0.597404 0.799401
-0.140399 0.590746 0.794549
-0.216782 0.580697 0.784727
-0.292568 0.567771 0.769441
-0.367253 0.551959 0.748643
-0.408386 0.484844 0.7734
-0.447541 0.416906 0.791137
-0.48343 0.346929 0.803701
-0.515991 0.274578 0.811394
-0.54526 0.199616 0.814153
-0.570455 0.121244 0.812331
-0.590676 0.0403717 0.805898
-0.620187 -0.0350832 0.783669
-0.541167 -0.119626 0.832363
-0.509366 -0.193916 0.838417
-0.475908 -0.265244 0.838545
-0.440757 -0.334632 0.832919
-0.403562 -0.402195 0.821813
-0.364039 -0.468279 0.805102
-0.331136 -0.539445 0.774176
-0.258548 -0.557899 0.788608
-0.184514 -0.573231 0.798349
-0.109402 -0.585222 0.803459
-0.0336762 -0.593517 0.804117
0.0423314 -0.598225 0.800209
0.118351 -0.599483 0.791589
0.194139 -0.597399 0.778091
0.269581 -0.593132 0.758631
0.322967 -0.532687 0.782264
0.376732 -0.47466 0.795469
0.428118 -0.41537 0.80261
0.476607 -0.354034 0.804678
0.521953 -0.290588 0.80195
0.563952 -0.225148 0.794523
0.602458 -0.15786 0.782384
0.572599 -0.0881697 0.815081
0.669421 -0.0183293 0.742657
0.6397 0.0525204 0.766828
0.607682 0.122849 0.784621
0.573149 0.192333 0.79656
0.536027 0.260526 0.802995
0.496078 0.326937 0.804375
0.453194 0.391158 0.801006
0.407423 0.452881 0.793035
0.358856 0.511939 0.780475
0.30902 0.570135 0.761218
0.291289 0.63004 0.719861
0.211036 0.64503 0.734438
0.132902 0.654048 0.744687
0.0554372 0.658061 0.750921
-0.0217228 0.65751 0.753133
-0.0985803 0.652787 0.7511
-0.174994 0.644282 0.744498
-0.250754 0.632467 0.732876
-0.325532 0.617973 0.715638
-0.398629 0.600294 0.693355
-0.441183 0.535187 0.720369
-0.482316 0.469799 0.739365
-0.519756 0.402229 0.753701
-0.553474 0.332231 0.763734
-0.58355 0.259873 0.769374
-0.609768 0.185329 0.770608
-0.632066 0.109749 0.767103
-0.65072 0.0346594 0.758527
-0.602138 -0.107482 0.791124
-0.577718 -0.184097 0.795205
-0.546876 -0.255989 0.797118
-0.51377 -0.325283 0.793872
-0.478602 -0.392071 0.785634
-0.441491 -0.456108 0.772691
-0.401679 -0.516753 0.756056
-0.385833 -0.579764 0.717639
-0.309523 -0.603735 0.734642
-0.234012 -0.622379 0.746916
-0.158428 -0.636971 0.754433
-0.0826194 -0.64768 0.757419
-0.00673649 -0.654479 0.75605
0.0690142 -0.65751 0.750278
0.144381 -0.656974 0.739959
0.218987 -0.652993 0.725014
0.292333 -0.647371 0.703884
0.344386 -0.58833 0.731619
0.399102 -0.533311 0.745853
0.451304 -0.476582 0.75445
0.50064 -0.417456 0.758347
0.546935 -0.355962 0.757729
0.589974 -0.292254 0.752674
0.629532 -0.226495 0.743229
0.66542 -0.158811 0.72938
0.637481 -0.0888644 0.765324
0.726526 -0.0180388 0.686903
0.69918 0.0533378 0.712953
0.669188 0.123983 0.732677
0.636427 0.193788 0.746597
0.601003 0.262435 0.754933
0.562614 0.329476 0.758228
0.521024 0.39455 0.756878
0.476075 0.457396 0.751093
0.427447 0.517866 0.741016
0.373561 0.575984 0.727114
0.316577 0.67631 0.66512
0.244824 0.691689 0.679432
0.170554 0.703695 0.689728
0.095119 0.710558 0.69718
0.0190486 0.712643 0.701269
-0.0572685 0.710248 0.701618
-0.133508 0.7037 0.697841
-0.209369 0.693365 0.6895
-0.284525 0.679794 0.675963
-0.358315 0.663954 0.656334
-0.428336 0.645092 0.63276
-0.47069 0.582381 0.662784
-0.513707 0.520112 0.68234
-0.552797 0.455384 0.697883
-0.587944 0.388106 0.709716
-0.619286 0.318539 0.717648
-0.646885 0.247105 0.721442
-0.670878 0.17461 0.720718
-0.69167 0.102234 0.714941
-0.681298 -0.0388753 0.730973
-0.661622 -0.110258 0.741687
-0.638744 -0.182195 0.747536
-0.610559 -0.254017 0.750129
-0.578422 -0.324521 0.748408
-0.543028 -0.393948 0.74157
-0.503941 -0.462372 0.729559
-0.459969 -0.53031 0.712179
-0.486147 -0.576014 0.657168
-0.425127 -0.615367 0.66377
-0.352692 -0.644164 0.67872
-0.278636 -0.666402 0.691571
-0.203745 -0.683804 0.700643
-0.128162 -0.696974 0.705551
-0.0520382 -0.706021 0.706277
0.0244597 -0.710956 0.702811
0.101283 -0.711803 0.695039
0.178645 -0.708625 0.682596
0.257391 -0.700905 0.665193
0.359854 -0.643171 0.675896
0.416121 -0.591361 0.69075
0.469485 -0.537234 0.700688
0.519951 -0.480278 0.706388
0.567444 -0.420671 0.707844
0.61177 -0.358647 0.705061
0.652677 -0.294417 0.698092
0.689901 -0.228142 0.687014
0.723203 -0.159921 0.671865
0.697597 -0.089279 0.710907
0.778357 -0.0180059 0.627563
0.753742 0.0541231 0.654938
0.725913 0.125261 0.676284
0.694899 0.195526 0.692016
0.661099 0.264712 0.702051
0.624196 0.332369 0.707043
0.583905 0.398122 0.707498
0.54003 0.461661 0.703731
0.492225 0.522692 0.696066
0.439266 0.580758 0.685395
0.374636 0.632344 0.678078
0.373325 0.693695 0.615968
0.295667 0.730448 0.615651
0.218221 0.746156 0.628992
0.140841 0.756973 0.638087
0.0634227 0.762238 0.644183
-0.0140341 0.762496 0.646841
-0.091436 0.758101 0.645696
-0.168704 0.749334 0.640342
-0.245901 0.73643 0.63024
-0.323583 0.719658 0.614318
-0.403952 0.699589 0.589405
-0.492266 0.630314 0.600314
-0.539095 0.569923 0.620133
-0.580964 0.506986 0.636746
-0.618475 0.441194 0.650259
-0.65194 0.372645 0.660387
-0.681582 0.301464 0.666757
-0.707626 0.227733 0.668882
-0.730535 0.151302 0.665902
-0.749835 0.0706442 0.657842
-0.707172 0.0299249 0.706408
-0.721095 -0.096571 0.686073
-0.699216 -0.170584 0.694261
-0.672974 -0.243265 0.698519
-0.642692 -0.314142 0.698757
-0.608947 -0.383102 0.694562
-0.571855 -0.450078 0.685866
-0.530979 -0.514645 0.673203
-0.54541 -0.573892 0.610881
-0.480248 -0.635607 0.604455
-0.402483 -0.674272 0.619164
-0.326071 -0.702866 0.632185
-0.250196 -0.724375 0.642403
-0.174226 -0.740585 0.648983
-0.0979925 -0.752174 0.651638
-0.0215751 -0.759342 0.650335
0.0548416 -0.762138 0.645087
0.131044 -0.76053 0.635942
0.206759 -0.754666 0.62268
0.281063 -0.743442 0.606876
0.340149 -0.698185 0.629949
0.418736 -0.65332 0.63074
0.477578 -0.600179 0.641641
0.531295 -0.544322 0.649184
0.581252 -0.48587 0.652745
0.627697 -0.425029 0.652185
0.670561 -0.362001 0.647536
0.709652 -0.296951 0.638916
0.744726 -0.229999 0.626485
0.775545 -0.16121 0.610362
0.752492 -0.0898026 0.65245
0.824824 -0.0185248 0.565086
0.803328 0.0541865 0.593066
0.777875 0.125752 0.615709
0.748656 0.196501 0.633167
0.716488 0.266293 0.644773
0.681026 0.334653 0.651315
0.64194 0.401218 0.653404
0.598985 0.465692 0.65142
0.551744 0.527778 0.645777
0.498979 0.587065 0.637475
0.497071 0.645757 0.579585
0.432567 0.698086 0.57058
0.351974 0.747981 0.562706
0.266116 0.779565 0.566975
0.186302 0.795685 0.576348
0.107815 0.805054 0.583322
0.0298291 0.808585 0.587622
-0.0478619 0.806952 0.588674
-0.12524 0.800532 0.586058
-0.202225 0.789548 0.579413
-0.278817 0.774069 0.568399
-0.355342 0.753888 0.552617
-0.432137 0.731965 0.526768
-0.48607 0.68108 0.547601
-0.552644 0.622235 0.554444
-0.60073 0.55952 0.571017
-0.642043 0.494733 0.585679
-0.678258 0.427605 0.597596
-0.710005 0.358224 0.606274
-0.73761 0.286867 0.61126
-0.761302 0.213969 0.612076
-0.781209 0.140135 0.608338
-0.797374 0.0671693 0.599736
-0.74246 -0.0228488 0.669501
-0.775548 -0.0836038 0.625728
-0.754901 -0.157359 0.636681
-0.730812 -0.230717 0.642405
-0.702359 -0.302652 0.644278
-0.66989 -0.372928 0.642007
-0.633476 -0.441496 0.635444
-0.592522 -0.508399 0.624859
-0.609865 -0.558282 0.562482
-0.559254 -0.618889 0.551553
-0.506689 -0.670079 0.542457
-0.43986 -0.70262 0.559328
-0.367592 -0.733797 0.571329
-0.293073 -0.759083 0.581292
-0.2176 -0.778535 0.588671
-0.141461 -0.792858 0.592761
-0.0647688 -0.802423 0.59323
0.0124149 -0.807314 0.589992
0.0901693 -0.807415 0.583053
0.168982 -0.802295 0.572511
0.250747 -0.791198 0.557791
0.341898 -0.750441 0.565636
0.407442 -0.707422 0.577534
0.477527 -0.659251 0.580823
0.536053 -0.605449 0.588285
0.589115 -0.548611 0.593271
0.638065 -0.48921 0.594597
0.683179 -0.427533 0.592015
0.724402 -0.36381 0.585563
0.761547 -0.298217 0.575424
0.794379 -0.230874 0.561836
0.822672 -0.161865 0.544987
0.802015 -0.0906412 0.590386
0.865995 -0.0191661 0.499685
0.848016 0.0530815 0.527306
0.825206 0.124479 0.550944
0.79791 0.195456 0.570207
0.767551 0.265685 0.583333
0.733729 0.334548 0.59137
0.696096 0.401674 0.59507
0.654403 0.466768 0.594882
0.608261 0.529529 0.591284
0.556616 0.589517 0.585362
0.555434 0.645503 0.524232
0.494912 0.697809 0.517808
0.429373 0.744227 0.51163
0.367678 0.784336 0.49963
0.298886 0.809073 0.506031
0.224519 0.828877 0.5124
0.148656 0.841589 0.519258
0.0720444 0.84847 0.524317
-0.00479559 0.8499 0.526922
-0.0815621 0.846279 0.52646
-0.157964 0.837885 0.522491
-0.233706 0.824872 0.51475
-0.308515 0.807234 0.503181
-0.382016 0.785347 0.487129
-0.508173 0.714756 0.480504
-0.562322 0.664294 0.49245
-0.615569 0.605499 0.504426
-0.660787 0.542839 0.51835
-0.700128 0.477329 0.531016
-0.734533 0.409157 0.541343
-0.76451 0.338469 0.548601
-0.790349 0.265342 0.552215
-0.812233 0.189574 0.55167
-0.830706 0.11036 0.545662
-0.835107 0.0217455 0.549657
-0.789311 -0.00537519 0.613971
-0.823339 -0.0593184 0.564442
-0.806828 -0.138048 0.574431
-0.784632 -0.213002 0.582222
-0.758283 -0.286242 0.585724
-0.72768 -0.357528 0.585367
-0.692978 -0.426762 0.581082
-0.653919 -0.493784 0.573209
-0.666847 -0.545173 0.508038
-0.616717 -0.609627 0.49801
-0.559615 -0.671743 0.485379
-0.484762 -0.723071 0.492112
-0.411028 -0.75765 0.506974
-0.336406 -0.786932 0.51727
-0.26099 -0.81008 0.525029
-0.185063 -0.827495 0.530097
-0.108804 -0.839718 0.532011
-0.0324117 -0.847014 0.530581
0.0438571 -0.849444 0.525853
0.119647 -0.84692 0.518085
0.194466 -0.83905 0.508113
0.267205 -0.827183 0.494337
0.332456 -0.79505 0.507316
0.404276 -0.756755 0.513695
0.469603 -0.712002 0.522041
0.534239 -0.662043 0.525631
0.59134 -0.607361 0.530499
0.643277 -0.549595 0.533049
0.690941 -0.489313 0.532139
0.734519 -0.426869 0.527509
0.773923 -0.362524 0.519248
0.808964 -0.296474 0.507623
0.839418 -0.228876 0.492943
0.865082 -0.159908 0.475461
0.846328 -0.0912555 0.524786
0.90202 -0.018522 0.431298
0.888187 0.0507628 0.45667
0.868297 0.119786 0.481365
0.842848 0.190849 0.503174
0.814415 0.261701 0.517919
0.78238 0.331203 0.527433
0.746367 0.398963 0.532696
0.706153 0.464693 0.534236
0.661454 0.528081 0.53255
0.611586 0.588655 0.528629
0.608224 0.643642 0.46453
0.54925 0.697994 0.459488
0.485268 0.747731 0.453226
0.419655 0.792883 0.441845
0.345301 0.829899 0.438217
0.270054 0.853903 0.444882
0.193542 0.871105 0.451351
0.116436 0.881672 0.457271
0.0391286 0.886479 0.461112
-0.0381 0.885846 0.462412
-0.115005 0.880126 0.460599
-0.191306 0.869544 0.455298
-0.26673 0.854152 0.446407
-0.341062 0.833946 0.433833
-0.414731 0.808739 0.41706
-0.454467 0.763172 0.459379
-0.566912 0.70673 0.423253
-0.622225 0.649697 0.436726
-0.672453 0.588658 0.448651
-0.715642 0.524741 0.460981
-0.753003 0.458362 0.472113
-0.785334 0.389762 0.480974
-0.813071 0.319256 0.486817
-0.836388 0.247245 0.489209
-0.855369 0.174255 0.487831
-0.869806 0.100676 0.483014
-0.87335 0.0278488 0.486297
-0.864893 -0.0459002 0.499852
-0.851483 -0.12048 0.510354
-0.832758 -0.195072 0.518132
-0.808863 -0.268244 0.523245
-0.780451 -0.340138 0.524597
-0.74754 -0.410379 0.522276
-0.709927 -0.47876 0.51652
-0.723239 -0.524185 0.449617
-0.678077 -0.587521 0.441623
-0.628867 -0.646692 0.431643
-0.577641 -0.700676 0.418789
-0.516521 -0.741815 0.427688
-0.447172 -0.778655 0.440152
-0.375315 -0.809805 0.450949
-0.301299 -0.835835 0.458911
-0.225893 -0.856284 0.464489
-0.149632 -0.871307 0.467369
-0.0728244 -0.881145 0.467204
0.00432683 -0.88588 0.463895
0.0816701 -0.885461 0.457481
0.159033 -0.879578 0.448388
0.236191 -0.868021 0.436753
0.317426 -0.841527 0.437119
0.388948 -0.8038 0.45014
0.460018 -0.761253 0.457031
0.525394 -0.713784 0.463114
0.587358 -0.661654 0.466074
0.643149 -0.605525 0.46872
0.693923 -0.546435 0.468913
0.740262 -0.484893 0.465715
0.782275 -0.421209 0.458943
0.819868 -0.355537 0.448787
0.852871 -0.287898 0.435575
0.881089 -0.218193 0.419611
0.904292 -0.146013 0.401167
0.885835 -0.0897622 0.455236
0.926137 0.0244361 0.376394
0.909342 0.101212 0.40355
0.917012 0.166331 0.362524
0.883941 0.177852 0.432455
0.857297 0.251708 0.449094
0.827073 0.322999 0.460023
0.792718 0.392078 0.466768
0.753999 0.458955 0.469942
0.710689 0.523463 0.470008
0.662319 0.585244 0.467785
0.657228 0.637735 0.401678
0.600051 0.693831 0.398167
0.537729 0.745795 0.393239
0.471428 0.793541 0.38477
0.39646 0.83671 0.377805
0.317682 0.870129 0.376766
0.23935 0.892394 0.382549
0.160633 0.907411 0.388332
0.0822391 0.915938 0.392802
0.00411228 0.918557 0.395268
-0.0736695 0.915658 0.39515
-0.150933 0.907554 0.391873
-0.227473 0.89436 0.385195
-0.303157 0.875975 0.375185
-0.378314 0.851817 0.362334
-0.455501 0.815835 0.356274
-0.507443 0.759853 0.406356
-0.577789 0.736261 0.352251
-0.631244 0.68368 0.366214
-0.68152 0.626584 0.378051
-0.727263 0.565288 0.389279
-0.767465 0.500726 0.400339
-0.802473 0.433416 0.410107
-0.832712 0.363689 0.417518
-0.858418 0.291832 0.421845
-0.879666 0.21808 0.422646
-0.896258 0.14232 0.420079
-0.905351 0.0625815 0.420027
-0.903205 -0.0178076 0.428841
-0.892487 -0.0945016 0.441063
-0.87646 -0.170203 0.450387
-0.855269 -0.244734 0.456749
-0.829154 -0.317607 0.460031
-0.798493 -0.388731 0.459672
-0.763269 -0.457725 0.455969
-0.773112 -0.502649 0.386835
-0.729965 -0.568062 0.380074
-0.681395 -0.630602 0.371539
-0.627191 -0.690752 0.35985
-0.559921 -0.747155 0.358118
-0.487888 -0.790181 0.370916
-0.415256 -0.825811 0.381574
-0.341553 -0.855023 0.390227
-0.266472 -0.878557 0.396397
-0.190286 -0.896488 0.400125
-0.113277 -0.908983 0.401147
-0.0356127 -0.916122 0.399314
0.0426972 -0.917821 0.394691
0.12185 -0.913833 0.387379
0.202053 -0.903607 0.377716
0.285974 -0.881374 0.376031
0.370576 -0.84621 0.382886
0.443609 -0.805874 0.392146
0.513096 -0.760821 0.397346
0.57734 -0.711083 0.401297
0.637175 -0.656965 0.402995
0.691457 -0.599272 0.403437
0.740755 -0.538807 0.401211
0.785389 -0.476043 0.395661
0.825387 -0.411223 0.386823
0.860638 -0.344426 0.375064
0.890967 -0.275671 0.360809
0.916126 -0.204872 0.344588
0.935641 -0.131596 0.327504
0.922011 -0.06958 0.380861
0.951908 0.018728 0.305812
0.940624 0.0896429 0.327399
0.94423 0.153196 0.291479
0.924658 0.227711 0.305214
0.893737 0.24096 0.378382
0.866169 0.312739 0.389802
0.834078 0.382341 0.397656
0.797352 0.449853 0.402322
0.755848 0.51516 0.404109
0.709274 0.577965 0.403593
0.702622 0.627338 0.335813
0.647562 0.684974 0.333877
0.587292 0.738789 0.330572
0.522022 0.788465 0.325294
0.44877 0.834169 0.320575
0.368008 0.874744 0.315266
0.285052 0.905201 0.315208
0.203573 0.925411 0.319645
0.123683 0.938176 0.323309
0.0447356 0.944291 0.326058
-0.0336726 0.944412 0.327034
-0.111587 0.938963 0.325417
-0.188896 0.928146 0.320722
-0.265495 0.911903 0.312962
-0.341571 0.889699 0.302927
-0.418242 0.859045 0.295154
-0.490229 0.824725 0.281967
-0.521991 0.78372 0.336614
-0.568738 0.774637 0.276539
-0.629161 0.72025 0.292228
-0.683606 0.663262 0.304575
-0.732587 0.603019 0.315729
-0.776077 0.539539 0.326499
-0.814058 0.473166 0.336784
-0.846934 0.404131 0.345516
-0.875027 0.332614 0.351703
-0.898432 0.258752 0.354778
-0.916952 0.182396 0.354866
-0.928992 0.102225 0.355703
-0.932535 0.0187917 0.360591
-0.927144 -0.0624976 0.369457
-0.914345 -0.140436 0.379805
-0.896016 -0.216746 0.387527
-0.872494 -0.291372 0.392247
-0.844092 -0.364026 0.393692
-0.811016 -0.43455 0.391688
-0.818604 -0.476381 0.320857
-0.779094 -0.541927 0.315163
-0.73517 -0.603833 0.308076
-0.687301 -0.66172 0.299572
-0.635842 -0.71535 0.289793
-0.579792 -0.7621 0.288176
-0.516913 -0.801578 0.300456
-0.449458 -0.837589 0.310537
-0.378674 -0.868769 0.319135
-0.305505 -0.89468 0.325906
-0.230502 -0.915253 0.330427
-0.154173 -0.930401 0.332542
-0.0768357 -0.940096 0.332138
0.00147482 -0.944191 0.329394
0.0811502 -0.942316 0.32474
0.163333 -0.933773 0.318419
0.250771 -0.915058 0.315883
0.340289 -0.88337 0.322274
0.422441 -0.845815 0.325792
0.494929 -0.803334 0.33121
0.562734 -0.75587 0.33465
0.625478 -0.703843 0.336724
0.683384 -0.647741 0.336777
0.735963 -0.5884 0.33488
0.783479 -0.526496 0.330096
0.82609 -0.462359 0.322179
0.863795 -0.396056 0.311445
0.896492 -0.327583 0.298315
0.923991 -0.256843 0.283324
0.94595 -0.183477 0.267424
0.961567 -0.106586 0.25304
0.947981 -0.0545473 0.313617
0.96882 0.0541052 0.241784
0.965758 0.125535 0.227052
0.951422 0.204807 0.229891
0.929887 0.27829 0.240551
0.90007 0.29943 0.316568
0.870585 0.369138 0.3253
0.836222 0.436952 0.33137
0.796901 0.502782 0.334903
0.752442 0.566397 0.336191
0.744601 0.611754 0.26707
0.691937 0.670895 0.26669
0.634323 0.726301 0.264805
0.572237 0.777319 0.261382
0.505753 0.823316 0.257611
0.437661 0.862989 0.252394
0.370901 0.895932 0.244413
0.302435 0.921349 0.244233
0.230665 0.94074 0.248601
0.156242 0.955054 0.251912
0.0802239 0.963714 0.254596
0.00339299 0.966589 0.256309
-0.0737992 0.963827 0.256106
-0.150932 0.955559 0.253233
-0.227608 0.941772 0.247508
-0.303563 0.922205 0.239555
-0.378686 0.895995 0.231928
-0.450155 0.865004 0.22165
-0.519378 0.827416 0.21361
-0.580959 0.78791 0.204168
-0.635531 0.740541 0.2184
-0.687716 0.688652 0.229793
-0.736348 0.632395 0.240559
-0.780826 0.572077 0.251077
-0.820664 0.508094 0.26144
-0.855669 0.440847 0.271082
-0.885918 0.370587 0.278951
-0.911438 0.297469 0.284241
-0.931993 0.221442 0.28697
-0.946646 0.141722 0.289441
-0.954056 0.0585255 0.293858
-0.953644 -0.0253832 0.299865
-0.945369 -0.106941 0.307962
-0.930335 -0.185446 0.316363
-0.909732 -0.26184 0.322222
-0.88402 -0.335998 0.324983
-0.853574 -0.407613 0.324443
-0.856362 -0.450616 0.25217
-0.819002 -0.517941 0.246928
-0.776939 -0.581944 0.240224
-0.730222 -0.64249 0.232342
-0.678699 -0.699588 0.223483
-0.620258 -0.753372 0.218426
-0.555015 -0.801088 0.224091
-0.487916 -0.840463 0.235711
-0.418035 -0.87472 0.245177
-0.345802 -0.903629 0.252735
-0.271768 -0.927085 0.258176
-0.196466 -0.945066 0.261249
-0.120432 -0.957544 0.261928
-0.0440862 -0.964481 0.260446
0.0322606 -0.965775 0.257368
0.108177 -0.961342 0.253216
0.182786 -0.951293 0.248256
0.25428 -0.935543 0.245154
0.323924 -0.910859 0.25575
0.397968 -0.879439 0.261167
0.472762 -0.840705 0.264027
0.542929 -0.796048 0.26746
0.608749 -0.746237 0.269359
0.669679 -0.69198 0.269617
0.725547 -0.633994 0.267644
0.776068 -0.573118 0.263161
0.821365 -0.509819 0.255819
0.861554 -0.444147 0.245884
0.896622 -0.37609 0.233722
0.92645 -0.305541 0.219853
0.950793 -0.232201 0.205122
0.96915 -0.155481 0.191244
0.970224 -0.0273363 0.240663
0.985046 0.00704612 0.172147
0.98298 0.0847902 0.162978
0.972841 0.16744 0.159825
0.955086 0.246873 0.163902
0.93116 0.321075 0.172779
0.903093 0.349231 0.249923
0.871213 0.418083 0.257283
0.834241 0.484892 0.26253
0.792073 0.549552 0.26573
0.782602 0.590936 0.195775
0.732212 0.651933 0.197102
0.676755 0.709483 0.196563
0.616678 0.762864 0.194286
0.552377 0.811463 0.19081
0.485112 0.854551 0.185498
0.415788 0.891985 0.177437
0.342729 0.923515 0.172211
0.268243 0.947572 0.173646
0.193491 0.964939 0.177351
0.117869 0.976498 0.18044
0.0414763 0.982251 0.182929
-0.0354866 0.982248 0.184202
-0.112807 0.976582 0.183201
-0.190077 0.96524 0.179393
-0.266857 0.94806 0.173117
-0.342797 0.924636 0.165948
-0.41633 0.895625 0.156602
-0.487714 0.860442 0.147559
-0.555469 0.820133 0.137245
-0.621507 0.77098 0.138992
-0.678083 0.719238 0.151327
-0.730063 0.663822 0.162323
-0.77739 0.604755 0.173021
-0.819934 0.542195 0.183664
-0.857576 0.47633 0.194097
-0.890325 0.407294 0.203552
-0.918222 0.335132 0.211079
-0.941119 0.259782 0.216354
-0.958387 0.180891 0.220846
-0.969142 0.098468 0.225982
-0.972717 0.0141879 0.231561
-0.968832 -0.0698963 0.237652
-0.957692 -0.151615 0.244622
-0.9639 -0.196537 0.179637
-0.940183 -0.230385 0.250955
-0.917156 -0.306607 0.254592
-0.889099 -0.38011 0.254987
-0.887492 -0.423252 0.182249
-0.852119 -0.492392 0.17732
-0.811826 -0.558302 0.170989
-0.766543 -0.620949 0.163812
-0.716067 -0.68033 0.156202
-0.659081 -0.736683 0.151362
-0.594936 -0.789139 0.152678
-0.527157 -0.834632 0.159671
-0.45772 -0.872725 0.169835
-0.385916 -0.905175 0.178119
-0.312181 -0.931971 0.18432
-0.237077 -0.953091 0.188179
-0.161161 -0.968555 0.189549
-0.08489 -0.978367 0.188659
-0.00847754 -0.982488 0.186133
0.0679776 -0.980835 0.182598
0.144446 -0.973301 0.178381
0.221357 -0.959371 0.17495
0.29902 -0.937167 0.179734
0.372377 -0.908376 0.190232
0.4458 -0.873353 0.196255
0.518184 -0.831715 0.19934
0.586638 -0.784376 0.201519
0.65061 -0.732088 0.201876
0.709505 -0.675705 0.200064
0.762995 -0.616116 0.195548
0.810969 -0.553935 0.188376
0.853624 -0.489174 0.178982
0.891045 -0.421828 0.167633
0.923189 -0.351794 0.154803
0.949907 -0.2788 0.141238
0.970874 -0.202419 0.128177
0.985587 -0.122854 0.1163
0.980941 -0.0758346 0.178894
0.999399 -0.00378885 0.0344687
0.994315 0.0414291 0.0980874
0.987717 0.125059 0.0936743
0.973717 0.207996 0.092806
0.953081 0.286879 0.0966267
0.926772 0.360984 0.103848
0.901901 0.392238 0.180901
0.867421 0.46089 0.187514
0.827684 0.527143 0.192508
0.815787 0.56531 0.122131
0.76798 0.62805 0.125538
0.71477 0.687778 0.12675
0.656534 0.743732 0.125801
0.593753 0.795176 0.123096
0.527269 0.841404 0.118433
0.457819 0.882048 0.111324
0.384827 0.917036 0.104657
0.309301 0.945541 0.101415
0.233479 0.966956 0.102386
0.157551 0.981895 0.10517
0.081091 0.990846 0.107928
0.00410763 0.993895 0.110253
-0.0733637 0.991084 0.111225
-0.151251 0.982401 0.1096
-0.229094 0.967705 0.105183
-0.30633 0.946765 0.0989876
-0.381745 0.919807 0.0906949
-0.45505 0.886715 0.0816449
-0.525355 0.847836 0.071942
-0.594702 0.800942 0.0694395
-0.658745 0.748761 0.0735618
-0.714873 0.6942 0.0839156
-0.765746 0.636208 0.0941939
-0.811543 0.574839 0.104676
-0.85226 0.51023 0.115404
-0.887895 0.442461 0.125977
-0.918498 0.371487 0.135493
-0.944012 0.297176 0.143273
-0.964088 0.219302 0.149807
-0.977994 0.138089 0.156393
-0.985181 0.0542734 0.162703
-0.985219 -0.0306353 0.168541
-0.977998 -0.114826 0.174168
-0.981048 -0.159882 0.109464
-0.963913 -0.241106 0.112868
-0.943702 -0.275175 0.18359
-0.918072 -0.350819 0.184579
-0.912583 -0.393296 0.111853
-0.879309 -0.464076 0.106997
-0.84095 -0.53162 0.10091
-0.79741 -0.596021 0.0943187
-0.748513 -0.657291 0.0877306
-0.693506 -0.715611 0.0833619
-0.632036 -0.770444 0.0833425
-0.56562 -0.820055 0.0870819
-0.496169 -0.863083 0.0943574
-0.424801 -0.899396 0.103105
-0.351271 -0.929795 0.109952
-0.27614 -0.954277 0.114466
-0.200067 -0.972845 0.116383
-0.123588 -0.985547 0.115855
-0.0468833 -0.99241 0.113683
0.0300435 -0.993401 0.110687
0.107243 -0.988408 0.107462
0.185125 -0.97706 0.105269
0.264308 -0.95839 0.107845
0.341825 -0.932706 0.114959
0.415648 -0.900933 0.124723
0.488574 -0.862704 0.130529
0.559443 -0.8181 0.133177
0.626229 -0.768044 0.13396
0.688108 -0.713441 0.132321
0.744403 -0.655397 0.127747
0.794922 -0.594657 0.120343
0.839969 -0.531125 0.11117
0.879691 -0.464823 0.100415
0.914114 -0.395686 0.0884719
0.943178 -0.323472 0.0760371
0.966691 -0.247815 0.064007
0.984233 -0.168784 0.0528884
0.99528 -0.0866806 0.043635
0.993391 -0.0402104 0.107502
-0.99872 -0.0358772 0.0356653
0.996303 0.0810794 0.0283976
0.985912 0.165318 0.0254399
0.968641 0.247203 0.025001
0.945328 0.324911 0.0280855
0.916635 0.398275 0.0340104
0.895114 0.431818 0.110925
0.858138 0.499889 0.117092
0.84329 0.535449 0.0464356
0.798524 0.599734 0.0517531
0.748155 0.661209 0.0553809
0.692183 0.719518 0.056359
0.631117 0.773741 0.0549195
0.565742 0.822989 0.0512315
0.496869 0.866653 0.0450962
0.424803 0.904488 0.0379897
0.350204 0.936117 0.0322803
0.274152 0.961231 0.0295964
0.197801 0.979779 0.0301298
0.121266 0.992092 0.0323671
0.0443272 0.998405 0.0349721
-0.0330341 0.998758 0.0372973
-0.110916 0.993095 0.038218
-0.189417 0.981228 0.0362287
-0.267856 0.962941 0.0315894
-0.344975 0.938291 0.0245215
-0.419937 0.907415 0.0158411
-0.492014 0.870563 0.00645157
-0.562941 0.826494 0.00225155
-0.630344 0.776312 0.00249517
-0.691916 0.721942 0.00713823
-0.746661 0.665011 0.0160638
-0.795912 0.604865 0.0257313
-0.839887 0.54156 0.0360875
-0.878634 0.475177 0.0469995
-0.912183 0.405674 0.0578834
-0.940539 0.332841 0.0678489
-0.963512 0.25645 0.0766622
-0.980646 0.176531 0.0846835
-0.991258 0.0940459 0.0925413
-0.995014 0.00940845 0.0992873
-0.991591 -0.0758465 0.104854
-0.991826 -0.121041 0.0403797
-0.977956 -0.204294 0.0431966
-0.957701 -0.284387 0.0439628
-0.940878 -0.318983 0.11401
-0.931836 -0.360492 0.0415577
-0.900803 -0.432699 0.0364098
0.882634 0.468322 0.0403963
-0.864552 -0.501627 0.0303333
-0.823007 -0.567518 0.0241378
-0.776042 -0.630415 0.0183075
-0.723267 -0.690419 0.0143665
-0.66454 -0.747127 0.0137146
-0.60072 -0.799299 0.0160181
-0.532863 -0.845938 0.021113
-0.462002 -0.886424 0.0283851
-0.388902 -0.920586 0.0357245
-0.313861 -0.948591 0.0408204
-0.237704 -0.970378 0.0431538
-0.161166 -0.986 0.0427641
-0.0843921 -0.995601 0.0407077
-0.00730058 -0.99925 0.0380276
0.0701507 -0.996907 0.035433
0.148214 -0.988366 0.0341458
0.227236 -0.973165 0.0362392
0.305775 -0.951192 0.0416586
0.382167 -0.922754 0.0497417
0.455443 -0.888298 0.0591453
0.527536 -0.847092 0.0643419
0.596873 -0.799621 0.0659456
0.661604 -0.747052 0.0647481
0.720599 -0.690746 0.0600656
0.773409 -0.631763 0.052102
0.820685 -0.569774 0.0428188
0.862613 -0.504826 0.0323926
0.89925 -0.436926 0.021094
0.9306 -0.365911 0.00960162
-0.956585 0.291452 0.00129885
-0.976889 0.213446 0.011381
-0.991015 0.132198 0.020319
-0.998371 0.049155 0.0289678
0.436699 0.641958 0.630225