+0.97839409 -0.14639879 +0.14598764 
-0.87977634 +0.04407579 +0.47334017 
+0.12307718 -0.81751851 +0.56259710 
+0.01360933 +0.99016188 +0.13926319 
+0.54971944 +0.38469787 +0.74149584 
-0.77308427 +0.24636481 +0.58450414 
+0.44263395 -0.36434406 +0.81934644 
+0.81249112 -0.55409755 +0.18120179 
+0.94779529 -0.09604897 +0.30407020 
+0.34605285 +0.87906994 +0.32784671 
-0.40897034 +0.87857243 +0.24668553 
+0.33668051 +0.84296254 +0.41959551 
-0.10070061 -0.99024119 +0.09634196 
-0.66163823 -0.67596365 +0.32451193 
-0.65350230 +0.58835012 +0.47621307 
-0.35068285 +0.67442197 +0.64975114 
+0.26125481 +0.88801977 +0.37837392 
-0.34843236 +0.54070387 +0.76565933 
-0.37071238 -0.55823092 +0.74226044 
+0.39544203 -0.91746700 +0.04335783 
+0.46696987 -0.87854884 +0.10045435 
+0.68124542 -0.59121381 +0.43170697 
+0.18098699 +0.92501273 +0.33405860 
-0.75999658 -0.64879393 +0.03836198 
-0.16096838 +0.93473436 +0.31679783 
-0.45904835 -0.66358329 +0.59070453 
-0.31183557 +0.62405514 +0.71645918 
-0.99397713 +0.10116271 +0.04213745 
+0.76957996 +0.12697112 +0.62579950 
+0.14949304 +0.78811995 +0.59709193 
-0.76964613 -0.56118706 +0.30448961 
-0.99756403 -0.06964507 +0.00394635 
-0.15958369 +0.37097084 +0.91482987 
+0.12725942 -0.50163894 +0.85566548 
+0.79449910 -0.50139137 +0.34260455 
+0.08823186 +0.88037627 +0.46599652 
-0.38144019 +0.45564360 +0.80429614 
+0.58543786 +0.21884535 +0.78062105 
-0.50873275 -0.75169290 +0.41970081 
-0.40693336 +0.84802600 +0.33949542 
-0.89819410 +0.43797003 +0.03781029 
+0.15842349 +0.52352885 +0.83714966 
+0.10077211 +0.99490908 +0.00094840 
+0.70541422 +0.13017665 +0.69673870 
-0.84447087 -0.38759473 +0.36964752 
+0.65393524 -0.67073985 +0.34996678 
-0.48435196 +0.82634462 +0.28732864 
+0.91058931 -0.11295494 +0.39757802 
+0.06807139 -0.57075599 +0.81829328 
+0.70338641 +0.63912633 +0.31107089 
-0.58608500 -0.18263380 +0.78939804 
-0.98575097 -0.16535776 +0.03085175 
+0.50521628 +0.22205380 +0.83393562 
-0.23264008 -0.65477351 +0.71913159 
-0.07707011 -0.23985186 +0.96774546 
-0.68873794 +0.72464581 +0.02298910 
-0.93357021 +0.35269712 +0.06365058 
-0.94141403 -0.06488931 +0.33095166 
-0.62642268 +0.77550135 +0.07869100 
+0.43485746 -0.12224338 +0.89216341 
+0.47499488 -0.87998770 +0.00123373 
-0.87191855 -0.44856238 +0.19634112 
+0.84737496 -0.42251271 +0.32161884 
+0.20296918 -0.92798078 +0.31249830 
-0.40708228 +0.90065524 +0.15200053 
-0.16188096 +0.89741513 +0.41041521 
+0.92373736 -0.18526838 +0.33523859 
+0.63380083 -0.21061281 +0.74427062 
-0.30856400 +0.74230582 +0.59478595 
-0.28343535 -0.70274948 +0.65253933 
+0.40533612 +0.46891638 +0.78474204 
-0.27625280 -0.58077444 +0.76575808 
+0.10946212 -0.93254197 +0.34406906 
+0.14309712 -0.10036388 +0.98460668 
+0.25345091 -0.35385483 +0.90030517 
+0.27181194 +0.95762094 +0.09529118 
-0.07344533 -0.93502597 +0.34688933 
-0.14290979 -0.95003151 +0.27751921 
-0.61657905 -0.60369727 +0.50535124 
-0.04858449 +0.14506302 +0.98822885 
-0.08555676 +0.88605340 +0.45561982 
+0.02799969 -0.81636294 +0.57686009 
+0.35424563 +0.05060099 +0.93378240 
-0.43505142 +0.27565193 +0.85717342 
-0.52663056 -0.12162797 +0.84134826 
-0.62305819 -0.47421160 +0.62203043 
+0.22550844 -0.96622654 +0.12470855 
+0.27205285 +0.61135314 +0.74312488 
-0.69701816 +0.68655759 +0.20689216 
+0.18978711 -0.42894985 +0.88316639 
-0.12088665 +0.79011098 +0.60092517 
-0.34658969 +0.31099286 +0.88496273 
-0.83714267 -0.00395533 +0.54697030 
+0.29705303 -0.64241480 +0.70644372 
+0.71188807 +0.66670602 +0.22072257 
+0.40223933 -0.78364756 +0.47339205 
-0.55541730 +0.76898705 +0.31649730 
-0.48965706 -0.71045658 +0.50545763 
-0.26022196 -0.44238818 +0.85824078 
-0.27930907 -0.85126859 +0.44421643 
+0.23842216 +0.21874141 +0.94620667 
-0.16308941 -0.46244349 +0.87152043 
+0.57006515 -0.72338314 +0.38954148 
+0.33182381 +0.22356555 +0.91646680 
+0.29133263 -0.91574793 +0.27664240 
+0.61679097 -0.78697346 +0.01554582 
+0.88139052 -0.19886845 +0.42848814 
+0.18519514 +0.95264487 +0.24118562 
+0.44686628 +0.30786727 +0.83995730 
+0.58043653 +0.79887224 +0.15778649 
-0.46007347 -0.53452953 +0.70895034 
-0.06241216 +0.39833227 +0.91511536 
-0.44186667 +0.63577916 +0.63288127 
-0.74403940 -0.65186504 +0.14655151 
-0.63081126 +0.75680992 +0.17121886 
-0.97858740 +0.17234848 +0.11252867 
+0.89102183 -0.27088911 +0.36427899 
-0.89914227 +0.41658979 +0.13414963 
+0.34143017 -0.68884450 +0.63946751 
+0.28199573 -0.75444595 +0.59269698 
-0.36577947 +0.77042485 +0.52215986 
-0.69158968 +0.65821529 +0.29741613 
-0.47733450 -0.30604620 +0.82370353 
+0.18196057 +0.60135672 +0.77798486 
+0.93851054 +0.28826387 +0.19000503 
-0.89691465 +0.27238105 +0.34835712 
+0.92831317 -0.25613278 +0.26950075 
-0.15056448 +0.72801948 +0.66881834 
+0.59673725 -0.74320207 +0.30258113 
+0.37904629 -0.43597356 +0.81624198 
-0.38992145 -0.08110984 +0.91726902 
-0.18423385 -0.97295972 +0.13930998 
-0.37508292 -0.86978010 +0.32061718 
+0.09027060 +0.58502399 +0.80597652 
-0.71119798 -0.19858301 +0.67436061 
+0.39021743 +0.13808217 +0.91030966 
-0.96717789 +0.14832297 +0.20631828 
+0.03893345 +0.71281944 +0.70026612 
+0.50305959 +0.54020364 +0.67461921 
-0.91476512 -0.00949536 +0.40387450 
+0.45919184 +0.67771800 +0.57431800 
-0.32249006 -0.02248894 +0.94630566 
+0.64900038 +0.73643151 +0.19096371 
-0.81083918 +0.57963789 +0.08099219 
+0.66083256 +0.21670375 +0.71856789 
-0.67909188 +0.05762728 +0.73178775 
-0.39740507 -0.89029586 +0.22235669 
-0.38929492 -0.33168623 +0.85932165 
+0.42771005 -0.67223237 +0.60429112 
+0.74642890 -0.12951147 +0.65274090 
+0.57680491 +0.81452446 +0.06201608 
-0.70763492 +0.29557054 +0.64178725 
+0.42828655 +0.86116945 +0.27378423 
-0.53165981 -0.36569931 +0.76393839 
-0.62595340 -0.77442820 +0.09188747 
+0.90851059 +0.14545724 +0.39172785 
+0.12424024 -0.95789304 +0.25885379 
-0.15841709 +0.97920550 +0.12673049 
+0.52167572 -0.12382485 +0.84411009 
-0.80119765 -0.59036513 +0.09773098 
-0.32003857 +0.40046497 +0.85860534 
-0.93647230 +0.21409849 +0.27781554 
+0.01155743 -0.63505303 +0.77238208 
+0.00100630 +0.86437400 +0.50284847 
+0.10671097 -0.64347978 +0.75798848 
-0.09128401 +0.31002435 +0.94633616 
-0.86734259 +0.23558538 +0.43842487 
-0.48689364 +0.55519892 +0.67430612 
+0.68701372 -0.44836118 +0.57182549 
-0.85778258 -0.51082140 +0.05718870 
+0.26740448 +0.92016368 +0.28599587 
-0.18607450 -0.98155703 +0.04384144 
+0.93740179 +0.16830061 +0.30488160 
-0.23457635 -0.94929131 +0.20933212 
-0.00307856 +0.56308857 +0.82639082 
-0.31716761 -0.50213102 +0.80453039 
+0.55197129 -0.52254071 +0.64982990 
+0.80595185 +0.35837304 +0.47117977 
-0.04419295 -0.69413553 +0.71848650 
-0.07746841 +0.92707923 +0.36677341 
+0.17122960 +0.28919054 +0.94183292 
-0.48166912 +0.87101117 +0.09661467 
-0.63959251 -0.23962494 +0.73041174 
+0.27086341 +0.94337020 +0.19153507 
-0.20992539 +0.18597972 +0.95986607 
-0.07366856 +0.98077385 +0.18070863 
-0.40220736 +0.02214560 +0.91528073 
+0.36180331 -0.87067597 +0.33319921 
-0.80385072 +0.53059870 +0.26886622 
+0.95821040 -0.28596794 +0.00742729 
+0.97299889 -0.21732575 +0.07773469 
+0.73266372 -0.57808431 +0.35919688 
+0.10003812 +0.97626164 +0.19210827 
-0.09994488 +0.53877717 +0.83649876 
-0.82293421 -0.51088365 +0.24855016 
-0.16193432 +0.03291465 +0.98625245 
-0.40985654 -0.47830803 +0.77668465 
+0.44133020 +0.04984266 +0.89595946 
+0.79745603 +0.47753256 +0.36881776 
-0.76261085 -0.39330240 +0.51355420 
-0.07188000 +0.04078741 +0.99657897 
+0.77994899 -0.56401660 +0.27122840 
-0.52400243 +0.47151402 +0.70929259 
-0.94318407 -0.14768329 +0.29764653 
-0.41876621 -0.61215022 +0.67075105 
+0.63224847 +0.67953683 +0.37214455 
-0.90918177 -0.11160779 +0.40116357 
+0.83606587 -0.48793993 +0.25081566 
-0.25867570 +0.56972301 +0.78006575 
-0.46798562 -0.03649516 +0.88298220 
+0.50145165 -0.28763974 +0.81597158 
+0.16456503 +0.84225018 +0.51335463 
-0.81481213 +0.28799034 +0.50313295 
+0.80269231 -0.59623208 +0.01386927 
+0.54112010 -0.45122979 +0.70963421 
+0.99164374 -0.05124149 +0.11839344 
-0.19681576 +0.51363415 +0.83513084 
+0.71389208 +0.68835639 +0.12854407 
+0.03557214 +0.42167244 +0.90605020 
+0.85501966 +0.29301757 +0.42788092 
-0.61224693 -0.76745918 +0.19015810 
-0.11207533 -0.14973232 +0.98235399 
-0.99772711 +0.00495040 +0.06720206 
-0.04874073 +0.75414682 +0.65489458 
+0.01007837 +0.94497772 +0.32697940 
-0.24472227 +0.93349150 +0.26211569 
-0.84875560 +0.32659891 +0.41586907 
-0.46010452 -0.84293723 +0.27885597 
+0.20662998 +0.13338880 +0.96928400 
+0.85395623 +0.42157963 +0.30500716 
-0.57866049 +0.29499242 +0.76034960 
-0.85449821 +0.51931817 +0.01189308 
+0.75479498 +0.56008865 +0.34144581 
+0.23842339 +0.79648511 +0.55566695 
-0.22102198 -0.52397837 +0.82255453 
-0.61109003 +0.10786665 +0.78417712 
+0.56659361 -0.03946873 +0.82305158 
+0.86587246 -0.47508692 +0.15670772 
+0.17516595 +0.88823603 +0.42468063 
+0.03162982 -0.49245799 +0.86976128 
-0.91121558 +0.18078255 +0.37014029 
+0.74675913 +0.29417055 +0.59650188 
+0.18729365 +0.98094514 +0.05165002 
+0.98087534 +0.11997271 +0.15326483 
-0.03701645 -0.86453679 +0.50120447 
-0.31977755 +0.94739839 +0.01336459 
+0.48453440 -0.59847746 +0.63800560 
+0.80810572 -0.12961929 +0.57459898 
+0.79885720 -0.36444039 +0.47855029 
-0.20987256 +0.76939906 +0.60330639 
-0.77445396 -0.15303604 +0.61384122 
+0.90033742 +0.35574761 +0.25067143 
-0.47729281 -0.86020046 +0.17957380 
+0.88774276 -0.45650004 +0.05933382 
-0.16584298 +0.59235348 +0.78842467 
+0.15423203 -0.86082287 +0.48497059 
+0.18234150 -0.18828677 +0.96503869 
-0.46960005 +0.42224813 +0.77535947 
+0.94254661 +0.33403915 +0.00487262 
-0.87422035 +0.36144089 +0.32419016 
-0.14085613 -0.05470771 +0.98851738 
-0.22941318 -0.92642846 +0.29849605 
+0.42967513 -0.81651062 +0.38560302 
-0.60316378 -0.74551231 +0.28355749 
+0.14683004 -0.98670116 +0.06972634 
-0.51787475 +0.24246021 +0.82037722 
+0.82330476 +0.53573119 +0.18751362 
+0.67804376 +0.04433714 +0.73368309 
+0.06854608 -0.99754446 +0.01436963 
-0.60680983 +0.43061620 +0.66809544 
-0.89274281 -0.33788373 +0.29806856 
+0.00892551 -0.00652661 +0.99993887 
+0.81437301 +0.50889448 +0.27896776 
+0.08447272 -0.18068367 +0.97990702 
+0.89759025 +0.23312326 +0.37414608 
+0.56754876 +0.46017347 +0.68273625 
+0.28497292 -0.43185858 +0.85573863 
-0.62165373 +0.70021864 +0.35105625 
-0.47713759 +0.79118328 +0.38258168 
-0.16012473 +0.96167154 +0.22259360 
-0.85557510 +0.47623773 +0.20295042 
+0.21552667 -0.95142409 +0.21986465 
-0.24377651 +0.95529071 +0.16731008 
-0.97421194 -0.11419868 +0.19460156 
-0.37394819 -0.68445372 +0.62584811 
+0.13968085 +0.20140647 +0.96949714 
-0.09822539 -0.74803537 +0.65634964 
-0.72853702 -0.09918347 +0.67778790 
+0.94595885 -0.30708261 +0.10422152 
-0.15305102 -0.79345885 +0.58906573 
-0.58056089 -0.42174610 +0.69647633 
+0.02129361 +0.64118870 +0.76708776 
+0.88196534 +0.32663387 +0.33977559 
+0.35017088 -0.35962438 +0.86489922 
-0.96415885 -0.25958030 +0.05491616 
+0.87158364 +0.47357925 +0.12674644 
-0.31673487 +0.82472724 +0.46851254 
-0.83672248 +0.09766836 +0.53884727 
+0.10085314 +0.99015406 +0.09707510 
-0.96775424 -0.04215888 +0.24834324 
-0.02641765 -0.98695113 +0.15883821 
+0.56340265 -0.58672246 +0.58166503 
+0.04323256 +0.17993444 +0.98272811 
+0.53388639 -0.83075861 +0.15749748 
+0.72997306 +0.21377465 +0.64918389 
+0.30281299 -0.93564393 +0.18131388 
-0.67084644 +0.15602177 +0.72499811 
-0.32775135 +0.89672558 +0.29742609 
-0.23577209 +0.86248892 +0.44779949 
+0.51319355 -0.78645233 +0.34369335 
-0.73662137 +0.00312010 +0.67629818 
-0.75364890 +0.33771629 +0.56388034 
-0.69595750 +0.70876279 +0.11531901 
+0.78553220 -0.60902050 +0.10969596 
+0.42033577 +0.83003368 +0.36655413 
+0.60572221 -0.78755267 +0.11340810 
+0.10729987 +0.10888017 +0.98824685 
-0.69356214 +0.50897209 +0.50982250 
-0.06542711 -0.47892672 +0.87541332 
-0.96043795 +0.26398847 +0.08870760 
-0.64187168 -0.64390017 +0.41640523 
-0.72410554 +0.54579029 +0.42164456 
-0.75790478 +0.63563325 +0.14680160 
-0.42481116 -0.77954619 +0.46026429 
+0.92711954 -0.37328083 +0.03332831 
-0.50366403 -0.58781651 +0.63308317 
+0.47542009 +0.73118022 +0.48923535 
+0.71541187 -0.04365184 +0.69733806 
+0.95609503 -0.16761857 +0.24038783 
-0.23575948 -0.02297277 +0.97153987 
+0.10079108 -0.00684716 +0.99488405 
+0.18705820 +0.97130700 +0.14687390 
-0.75443352 -0.25113658 +0.60643259 
-0.42507657 -0.90495971 +0.01891630 
+0.50733733 +0.85317749 +0.12123124 
+0.57805883 +0.53165838 +0.61902129 
-0.39877306 +0.59114044 +0.70109416 
+0.71197809 +0.46099953 +0.52968541 
-0.40229025 +0.91385395 +0.05507739 
+0.13576188 -0.97658812 +0.16686628 
-0.18890885 -0.72521816 +0.66209672 
+0.48859413 +0.46654475 +0.73730033 
+0.40812835 +0.79052017 +0.45662798 
+0.80132495 -0.43401087 +0.41171944 
-0.34670808 -0.93596207 +0.06138823 
+0.14591867 -0.70844797 +0.69051373 
-0.56137844 -0.27570476 +0.78028272 
+0.51059890 -0.65394185 +0.55825516 
-0.08712605 +0.84105091 +0.53389364 
-0.06319397 -0.81172386 +0.58061251 
+0.64885242 +0.51739432 +0.55793697 
-0.79022250 +0.05048871 +0.61073667 
-0.84327600 +0.44757441 +0.29759491 
+0.34332166 -0.12080601 +0.93141620 
-0.87754715 +0.14153061 +0.45812672 
-0.53116874 +0.59641588 +0.60178722 
-0.01626889 +0.80994495 +0.58628022 
-0.95003547 -0.27644386 +0.14495307 
+0.89197073 -0.34089234 +0.29695225 
+0.84039518 -0.53531816 +0.08467826 
+0.80597717 +0.28167194 +0.52063589 
+0.77056984 +0.44272419 +0.45849472 
-0.87551082 -0.29508451 +0.38263030 
+0.60419664 +0.04638719 +0.79548391 
+0.71528956 -0.63473771 +0.29235060 
-0.75503922 +0.61056764 +0.23900405 
-0.65758715 -0.38612521 +0.64690529 
-0.93040021 +0.32989557 +0.15976342 
+0.37946413 -0.20386548 +0.90246653 
+0.24997738 -0.85305962 +0.45803995 
+0.98772849 +0.14349627 +0.06165429 
+0.20855321 -0.03533885 +0.97737236 
+0.68117339 +0.29822363 +0.66862955 
-0.52699074 +0.70000593 +0.48194652 
+0.63452975 +0.13243899 +0.76146695 
-0.74456850 +0.57997374 +0.33052717 
+0.76724161 +0.59064477 +0.24995815 
-0.48670085 +0.67243447 +0.55763264 
+0.59520642 +0.59423216 +0.54094127 
-0.31745067 +0.06660707 +0.94593265 
+0.24207235 -0.70607757 +0.66547384 
+0.30053612 +0.13755178 +0.94379953 
+0.52433571 -0.81252686 +0.25470014 
+0.31813769 -0.28085391 +0.90548854 
-0.91693995 +0.08704203 +0.38941598 
+0.22042778 -0.81169667 +0.54088826 
-0.68201416 -0.71662884 +0.14594448 
+0.29251677 +0.68064205 +0.67168471 
-0.56562517 -0.82389873 +0.03548314 
+0.65751805 -0.29442053 +0.69353195 
-0.35493411 -0.41902699 +0.83572613 
+0.35322320 +0.92529482 +0.13806834 
+0.91187985 +0.40435305 +0.07052487 
+0.68468041 -0.52656349 +0.50392819 
+0.05881890 -0.99141577 +0.11676950 
+0.21919709 -0.27261477 +0.93682113 
-0.67619835 -0.04438414 +0.73538142 
+0.74456066 -0.51211672 +0.42821244 
-0.45492772 +0.17918346 +0.87231534 
-0.13693677 -0.67596170 +0.72410227 
-0.60651076 +0.66352638 +0.43803817 
+0.08515075 -0.90153995 +0.42423469 
-0.92878223 -0.28865398 +0.23247031 
-0.03233650 +0.48242976 +0.87533758 
+0.39621430 -0.03669388 +0.91742454 
-0.81046746 -0.47668738 +0.34045798 
+0.79305282 +0.20822843 +0.57245798 
-0.78648681 -0.05150303 +0.61545588 
-0.49781433 -0.45215911 +0.74008988 
-0.13643636 +0.66668364 +0.73274691 
-0.72823648 -0.34543884 +0.59189834 
+0.83780630 -0.04598364 +0.54402768 
+0.74785763 -0.63098632 +0.20631345 
-0.09757142 -0.89594871 +0.43330789 
-0.89270931 -0.43717179 +0.10932025 
+0.78023968 -0.04498748 +0.62386070 
+0.59640656 -0.77375499 +0.21354726 
-0.54460616 -0.03168911 +0.83809303 
+0.74574800 -0.44504249 +0.49577928 
+0.42064081 +0.22405782 +0.87912422 
+0.01237510 +0.97213246 +0.23410540 
-0.55821157 +0.81877774 +0.13417475 
-0.28276431 -0.88839670 +0.36165681 
+0.46701730 -0.44309089 +0.76522239 
-0.48957501 -0.86838037 +0.07894200 
-0.40077915 +0.80885565 +0.43026574 
-0.07048900 +0.61647076 +0.78421624 
-0.17453016 +0.83914767 +0.51514115 
+0.50685371 +0.83430953 +0.21685692 
-0.08301108 -0.62016583 +0.78006635 
+0.05494128 -0.86381257 +0.50080865 
+0.77006366 +0.63505555 +0.06088031 
+0.72637784 -0.29362147 +0.62141908 
-0.54491714 +0.73541466 +0.40277859 
+0.61702484 +0.63943269 +0.45870054 
-0.81714510 -0.57643149 +0.00078852 
+0.61862284 -0.65599036 +0.43241465 
+0.99492649 +0.04624872 +0.08934392 
+0.66803769 -0.70029764 +0.25161252 
+0.05016632 -0.70430865 +0.70811910 
+0.44148987 +0.61465009 +0.65367573 
-0.04108404 -0.32698237 +0.94413698 
+0.13274664 +0.72761831 +0.67301554 
-0.02404845 +0.24423565 +0.96941767 
+0.27407851 -0.88793565 +0.36939308 
+0.17187656 +0.04705708 +0.98399394 
-0.75251004 -0.52428155 +0.39856931 
-0.60672189 -0.08833132 +0.78999122 
-0.02707379 -0.55872750 +0.82890928 
+0.67572706 -0.73379777 +0.07024078 
+0.22303599 +0.73834937 +0.63647087 
-0.32972245 -0.26770205 +0.90532796 
-0.05261281 -0.07262953 +0.99597030 
+0.66276954 -0.72985750 +0.16746513 
+0.38380878 +0.38992742 +0.83704685 
-0.55968627 +0.79712756 +0.22658094 
-0.67485149 -0.70006859 +0.23340828 
-0.10305619 -0.39613019 +0.91239262 
-0.86571815 -0.15706634 +0.47524967 
-0.69870359 -0.71309030 +0.05758053 
-0.78941757 -0.43790573 +0.43018424 
-0.16990361 -0.91453555 +0.36709330 
+0.35959001 +0.30785172 +0.88086454 
-0.62934687 +0.73158777 +0.26211039 
+0.24681895 -0.11786114 +0.96186754 
+0.52491279 +0.04815089 +0.84979295 
-0.55311074 -0.82204035 +0.13534466 
+0.64346488 +0.71137046 +0.28267476 
+0.26781089 +0.30303313 +0.91457545 
+0.43071129 +0.89878598 +0.08167952 
+0.50161306 +0.86478229 +0.02315008 
-0.79207295 -0.29997336 +0.53163562 
+0.07339023 +0.27069241 +0.95986431 
+0.91013844 +0.38179252 +0.16088035 
-0.40485564 +0.70960667 +0.57667173 
-0.29657857 -0.35692081 +0.88580398 
-0.22409320 +0.64829242 +0.72766694 
-0.85928397 +0.50002492 +0.10773181 
+0.96509068 +0.09562359 +0.24383623 
-0.19285692 -0.87494499 +0.44415929 
+0.22660679 +0.45702423 +0.86010361 
-0.15481245 +0.98751312 +0.02917086 
+0.12103602 -0.26590207 +0.95637146 
+0.37601575 -0.89538890 +0.23851807 
-0.44802322 -0.14452721 +0.88226248 
+0.74303882 -0.66810450 +0.03911124 
-0.68411121 +0.38509114 +0.61943253 
-0.97484195 -0.18502875 +0.12428811 
+0.82428649 +0.55827033 +0.09426569 
-0.36993092 +0.21839605 +0.90302507 
-0.69607390 -0.43626310 +0.57022420 
-0.38961169 +0.12205647 +0.91285538 
+0.48366958 -0.03790504 +0.87442950 
+0.25556112 -0.57840031 +0.77468806 
+0.33858406 +0.54327372 +0.76825419 
+0.04793805 -0.09317999 +0.99449456 
+0.73542954 +0.52188898 +0.43217505 
+0.88414497 -0.40832931 +0.22705694 
-0.55436214 +0.38477492 +0.73799111 
+0.55763357 +0.13439246 +0.81913580 
-0.36385744 -0.83713853 +0.40841995 
+0.18255032 -0.89737736 +0.40173281 
+0.20185522 -0.64624794 +0.73594706 
+0.45804877 -0.72140198 +0.51939436 
-0.32846087 -0.63318349 +0.70085100 
-0.11636967 +0.21706118 +0.96919685 
+0.86863561 +0.49420319 +0.03514792 
-0.98713432 -0.01766088 +0.15891487 
+0.20403456 +0.67302665 +0.71091844 
-0.78524376 -0.58598140 +0.20004507 
+0.09313994 -0.42199934 +0.90179904 
+0.40437816 -0.51044596 +0.75889606 
+0.15636118 -0.34873252 +0.92408702 
+0.92409374 -0.32509420 +0.20090926 
+0.38682922 -0.91120994 +0.14163190 
+0.60300649 -0.12569134 +0.78777209 
+0.64409815 -0.04131771 +0.76382617 
-0.32397798 +0.86382860 +0.38579582 
-0.32601204 -0.93039266 +0.16758774 
+0.52975585 +0.30485694 +0.79146761 
-0.81427512 -0.20487800 +0.54312157 
-0.83934833 -0.52269381 +0.14928348 
+0.09328226 +0.92129406 +0.37751249 
+0.32445075 +0.79752298 +0.50861459 
+0.22163128 -0.50593483 +0.83361233 
-0.58379381 -0.55782542 +0.58992846 
-0.82209828 +0.41442890 +0.39038841 
+0.90596203 +0.04866209 +0.42055297 
-0.18599045 +0.28018343 +0.94175623 
-0.43726657 +0.50788589 +0.74219261 
-0.25965912 +0.80322815 +0.53609858 
+0.55525672 -0.20802232 +0.80524325 
+0.74563286 +0.04163438 +0.66505504 
-0.29031144 +0.48673016 +0.82390110 
-0.82932450 -0.10530977 +0.54875379 
+0.04418619 -0.97427925 +0.22096952 
-0.91993463 -0.23846804 +0.31121259 
-0.48549336 +0.85278653 +0.19248722 
+0.77243318 +0.61548399 +0.15660919 
+0.50095626 +0.80793427 +0.31029831 
+0.54656023 -0.68519936 +0.48142886 
+0.83010967 -0.20767724 +0.51748246 
-0.63420320 +0.34236476 +0.69323349 
+0.91021735 -0.39289705 +0.13090562 
-0.32766104 +0.92217174 +0.20551769 
-0.01644316 -0.99829048 +0.05608686 
-0.50505954 -0.21510513 +0.83584965 
+0.37226056 -0.74020111 +0.55993249 
+0.49046668 -0.75516594 +0.43493315 
-0.13039553 +0.45716066 +0.87977334 
+0.64255783 +0.45129424 +0.61923577 
-0.54491948 +0.05738782 +0.83652221 
-0.00459358 -0.41108837 +0.91158393 
+0.97018269 +0.23971747 +0.03579212 
-0.61700031 +0.55214814 +0.56075222 
+0.30468841 -0.03620785 +0.95176361 
+0.68924296 +0.60478158 +0.39897792 
-0.84913013 -0.25166908 +0.46437130 
+0.86352005 -0.12415396 +0.48879333 
+0.88909354 -0.03905262 +0.45605653 
+0.77084432 -0.21225218 +0.60062305 
+0.97457822 -0.07425958 +0.21138307 
-0.25244726 +0.70486602 +0.66289839 
-0.75391649 +0.65474315 +0.05404942 
+0.62558586 +0.37874576 +0.68205131 
-0.65387058 +0.47076246 +0.59231408 
-0.89829582 -0.20039322 +0.39103347 
+0.60297824 -0.37393914 +0.70468912 
-0.66196850 -0.14407775 +0.73555374 
-0.78531889 +0.15082613 +0.60043794 
-0.98769884 +0.07833204 +0.13533328 
-0.91123716 -0.36656014 +0.18783104 
+0.42314401 +0.54426307 +0.72438033 
+0.02310626 -0.94621545 +0.32271105 
-0.26693135 -0.20108468 +0.94250337 
+0.98308000 +0.02224922 +0.18182046 
-0.05042970 +0.69168427 +0.72043717 
-0.99088317 -0.09217869 +0.09825293 
-0.17923820 -0.60160078 +0.77842801 
+0.02135007 +0.08208463 +0.99639665 
+0.64804430 +0.75533899 +0.09747612 
-0.23977806 -0.76820587 +0.59360444 
-0.46922100 +0.07593445 +0.87980998 
+0.40174990 -0.61332518 +0.68002151 
-0.27064494 -0.96267579 +0.00257614 
-0.87657697 -0.05819786 +0.47772987 
+0.09786494 +0.95330073 +0.28572743 
+0.05773212 -0.33947043 +0.93884335 
+0.85014190 -0.35369466 +0.39007543 
-0.94782214 +0.02979491 +0.31740423 
-0.17447706 -0.21956167 +0.95987001 
+0.56911729 +0.74726621 +0.34307248 
+0.86665884 +0.44928297 +0.21690382 
-0.97230935 +0.05429819 +0.22730207 
+0.95567044 -0.23795950 +0.17340499 
-0.95484921 -0.20043364 +0.21929282 
-0.07511111 +0.95853303 +0.27490499 
+0.53789460 +0.66556019 +0.51739640 
-0.20583930 -0.12322808 +0.97079608 
+0.57761680 +0.77658929 +0.25153113 
-0.65531067 +0.25079726 +0.71250871 
-0.45196491 +0.74957340 +0.48359843 
-0.41022640 -0.90357753 +0.12353927 
-0.61676415 +0.01027894 +0.78708089 
-0.58759109 -0.71691663 +0.37518963 
+0.52005013 +0.60786453 +0.60004048 
+0.07571882 +0.83002295 +0.55256544 
-0.22652168 +0.43005805 +0.87392105 
+0.08822532 -0.76509363 +0.63784640 
+0.44494929 -0.84581974 +0.29429424 
+0.74114539 -0.36981298 +0.56030516 
-0.53371534 +0.14947875 +0.83234851 
+0.55617706 +0.70996815 +0.43198647 
-0.55173924 +0.83307506 +0.03962002 
+0.23441440 -0.97175134 +0.02737196 
-0.23230510 -0.82154548 +0.52067011 
+0.47012080 -0.20588317 +0.85825320 
+0.47151623 -0.53193045 +0.70336508 
+0.16250720 -0.57712058 +0.80032696 
+0.69500576 +0.37825017 +0.61146857 
+0.00538946 +0.33532741 +0.94208624 
-0.13308461 -0.84750855 +0.51382657 
+0.24989126 +0.53649177 +0.80605889 
+0.37760674 +0.68235233 +0.62594604 
+0.13256129 +0.44179734 +0.88726693 
+0.84407758 -0.28258172 +0.45571989 
-0.93170507 -0.35192182 +0.08987047 
-0.44730708 -0.81420420 +0.37011877 
+0.02130015 -0.25409006 +0.96694599 
-0.42027521 -0.24040917 +0.87496981 
+0.11253289 +0.66037427 +0.74245685 
+0.26437630 +0.05002834 +0.96312114 
-0.12359419 -0.54284014 +0.83069192 
-0.01537593 -0.16533243 +0.98611803 
+0.31344293 -0.80051095 +0.51081871 
+0.31001849 +0.74310702 +0.59302655 
+0.62760085 -0.52116336 +0.57836487 
+0.72465003 -0.67608467 +0.13338612 
-0.31385484 -0.91245672 +0.26252215 
+0.94482201 +0.31259616 +0.09795413 
-0.32434584 -0.75141308 +0.57461131 
+0.67241261 +0.56084996 +0.48302029 
+0.83334374 +0.39122551 +0.39048791 
+0.05607282 +0.77313253 +0.63176098 
-0.49645420 +0.33371927 +0.80135178 
-0.29560217 -0.11041661 +0.94890860 
-0.86257172 -0.42104046 +0.28052621 
+0.06453198 +0.50467248 +0.86089564 
+0.64025589 +0.76815674 +0.00275978 
-0.00470260 -0.91040175 +0.41369862 
+0.70911553 +0.70420684 +0.03532564 
+0.31419267 -0.50630996 +0.80307732 
-0.57258588 +0.51542890 +0.63755663 
-0.23297751 +0.08847777 +0.96844884 
-0.54416987 -0.50700660 +0.66844855 
-0.94645659 +0.12248228 +0.29869385 
+0.35138302 +0.90651419 +0.23401282 
-0.67856371 +0.62441312 +0.38685857 
-0.26642635 -0.95840827 +0.10232592 
-0.53890469 -0.80882917 +0.23532342 
-0.72962641 -0.63353678 +0.25744215 
-0.00670344 -0.76010139 +0.64976992 
+0.35194222 +0.93517745 +0.03974689 
+0.99092486 -0.12404929 +0.05176573 
+0.67528169 -0.37356074 +0.63596148 
+0.75185348 +0.37586188 +0.54170489 
+0.47600110 +0.13674689 +0.86874809 
-0.23547174 -0.29144295 +0.92715374 
-0.36013808 -0.17558937 +0.91622537 
+0.92315961 +0.26164930 +0.28163094 
-0.24071867 +0.96802333 +0.07060702 
-0.89101970 +0.39153337 +0.22975100 
-0.04346672 -0.96497816 +0.25870406 
+0.80664666 +0.04072240 +0.58962942 
+0.20038804 +0.37428746 +0.90540241 
-0.95311643 +0.24031922 +0.18389055 
-0.78750596 +0.49888231 +0.36187125 
+0.58334705 -0.29098163 +0.75831122 
+0.29419494 +0.38587145 +0.87438697 
+0.78916701 -0.28957429 +0.54162917 
-0.33509675 -0.79945248 +0.49858390 
-0.41041400 +0.36747659 +0.83457852 
-0.52738404 -0.78349769 +0.32862963 
+0.96789631 +0.21728841 +0.12634273 
-0.71022938 -0.60450919 +0.36075319 
+0.87337793 +0.12428317 +0.47091899 
+0.49045951 +0.77355282 +0.40132967 
-0.68793390 -0.56635274 +0.45386288 
-0.27861243 +0.25226438 +0.92668107 
-0.44547964 -0.39401115 +0.80392979 
-0.61246842 -0.33250539 +0.71716288 
-0.40830676 -0.73413451 +0.54252383 
-0.30071884 +0.16019046 +0.94016339 
+0.10375831 +0.35761487 +0.92808718 
-0.72712451 +0.42529942 +0.53889735 
+0.85982646 +0.03825303 +0.50915142 
+0.70536242 -0.21268756 +0.67618626 
+0.46904383 +0.38900942 +0.79288685 
+0.96186106 -0.00132254 +0.27353529 
+0.45726958 -0.86680172 +0.19889524 
-0.82971755 +0.19484550 +0.52307172 
+0.61748574 -0.45023641 +0.64497948 
-0.91796063 +0.30400207 +0.25481566 
+0.34707949 -0.57521331 +0.74071957 
-0.79209211 +0.37754919 +0.47963184 
-0.76180620 +0.46354737 +0.45252088 
+0.35875512 +0.61587513 +0.70142183 
+0.41280094 -0.28504815 +0.86506817 
-0.57493848 +0.62837657 +0.52401205 
-0.56782706 -0.68004664 +0.46379844 
+0.31214297 -0.94627512 +0.08444031 
+0.67800982 -0.12791517 +0.72383727 
-0.13957681 -0.30985978 +0.94048138 
+0.94007235 +0.07192789 +0.33330221 
-0.98063136 +0.19505848 +0.01772907 
+0.52718189 -0.36833819 +0.76577166 
-0.13853971 +0.12330422 +0.98265091 
-0.82230937 -0.34521244 +0.45236674 
+0.54305655 -0.83769655 +0.05791436 
+0.01456291 +0.99898441 +0.04263880 
-0.72478452 +0.20224917 +0.65862180 
+0.61494020 -0.60240741 +0.50887509 
+0.25151976 +0.84667478 +0.46891325 
+0.34093711 -0.83937753 +0.42332878 
+0.60808842 +0.30041467 +0.73483297 
-0.65873424 -0.52270144 +0.54115840 
+0.95705262 +0.19313715 +0.21621361 
+0.43180503 +0.88404994 +0.17888576 
-0.32503592 +0.93921404 +0.11058318 
-0.72743117 -0.48276359 +0.48763020 
-0.73529120 +0.10456383 +0.66963666 
-0.90586582 -0.42309999 +0.01983731 
+0.99928574 -0.02794137 +0.02544206 
-0.20048965 -0.37862854 +0.90357309 
+0.93104530 -0.02386259 +0.36412255 
-0.81123604 +0.55785021 +0.17521195 
+0.82663445 +0.12751663 +0.54810127 
-0.59736595 +0.20246360 +0.77599125 
-0.11482707 -0.97387997 +0.19588912 
+0.31782278 +0.46630995 +0.82555661 
+0.18439538 -0.76477596 +0.61734599 
-0.07197079 +0.99383348 +0.08435180 
+0.28350139 -0.20003115 +0.93787766 
+0.85353385 +0.21139736 +0.47622592 
+0.00460876 +0.90870811 +0.41740668 
-0.24337593 +0.90258690 +0.35511272 
-0.53998826 -0.63658846 +0.55060677 
-0.25403494 +0.34258572 +0.90448951 
-0.68691868 -0.29413035 +0.66455252 
+0.39398510 +0.74106747 +0.54368627 

