9.48168e-005 -1.17614e-005 1 
-0.0281677 0.0555786 0.998057 
-0.0318302 -0.0555204 0.99795 
0.0595294 -0.00395069 0.998219 
0.0313808 0.0536232 0.998068 
0.00317617 0.110336 0.993889 
-0.0559339 0.1116 0.992178 
-0.0871075 0.0561333 0.994616 
-0.0594845 -6.9574e-005 0.998229 
-0.0920794 -0.0546805 0.994249 
-0.0646401 -0.109593 0.991872 
-0.00397872 -0.111251 0.993784 
0.027822 -0.057397 0.997964 
0.119322 -0.00592086 0.992838 
0.0902738 0.0501217 0.994655 
0.120018 0.104362 0.987271 
0.0619009 0.107883 0.992235 
-0.0231804 0.166211 0.985818 
-0.0485676 0.219735 0.97435 
-0.0830631 0.166755 0.982493 
-0.145849 0.0571761 0.987653 
-0.118866 0.00101198 0.99291 
-0.152167 -0.0532598 0.986919 
-0.125579 -0.108106 0.986176 
-0.0979983 -0.162206 0.981879 
-0.0364989 -0.164142 0.985761 
0.0567133 -0.113106 0.991963 
0.117655 -0.11452 0.986429 
0.0882055 -0.0598801 0.994301 
0.179085 -0.00588483 0.983816 
0.149548 0.0485471 0.987562 
0.178368 0.10367 0.978487 
0.148835 0.159387 0.975932 
0.0934404 0.162496 0.982275 
0.0359248 0.164919 0.985653 
0.0142455 0.219 0.975621 
-0.0787107 0.27135 0.959257 
-0.110651 0.219896 0.969227 
-0.114989 0.112189 0.987011 
-0.204227 0.0582601 0.977188 
-0.177888 0.00230913 0.984048 
-0.211961 -0.0515677 0.975917 
-0.186421 -0.106127 0.976721 
-0.15966 -0.159983 0.974122 
-0.0696354 -0.215696 0.973974 
-0.00758639 -0.217819 0.97596 
0.0249085 -0.165954 0.985819 
0.0863266 -0.167388 0.982104 
0.147698 -0.168021 0.974656 
0.178195 -0.114561 0.977304 
0.148567 -0.0606651 0.98704 
0.237984 -0.00361426 0.971262 
0.208623 0.0499011 0.976722 
0.235776 0.107407 0.965854 
0.20313 0.161179 0.965795 
0.208095 0.216855 0.953766 
0.143214 0.215429 0.965961 
0.0781431 0.217405 0.972948 
0.0466774 0.268999 0.962009 
-0.0161748 0.270711 0.962525 
-0.109733 0.321786 0.940432 
-0.141001 0.271163 0.95215 
-0.143133 0.166973 0.975517 
-0.174038 0.112929 0.978242 
-0.232921 0.113534 0.965846 
-0.262069 0.059268 0.963227 
-0.236406 0.00370652 0.971647 
-0.271468 -0.0494154 0.961178 
-0.247161 -0.103458 0.963435 
-0.221368 -0.156912 0.962484 
-0.13186 -0.213128 0.968086 
-0.103284 -0.265607 0.958533 
-0.0406949 -0.268406 0.962446 
0.0215872 -0.270521 0.962472 
0.0543442 -0.219448 0.974109 
0.11623 -0.220274 0.968488 
0.178097 -0.220083 0.959085 
0.208564 -0.167527 0.963554 
0.237748 -0.113194 0.964709 
0.208306 -0.0597564 0.976237 
0.295342 0.000686919 0.955391 
0.26627 0.054089 0.96238 
0.291963 0.112713 0.949765 
0.257831 0.165991 0.951824 
0.271871 0.220372 0.936762 
0.234917 0.267817 0.934392 
0.172335 0.265699 0.948528 
0.109722 0.266486 0.957573 
0.0765902 0.318786 0.944727 
0.0147519 0.320861 0.947012 
-0.0474016 0.321877 0.945594 
-0.141174 0.370532 0.918028 
-0.172211 0.320625 0.93142 
-0.172255 0.219668 0.960247 
-0.203228 0.167102 0.964767 
-0.263299 0.166605 0.950219 
-0.291634 0.113563 0.949765 
-0.319362 0.05987 0.94574 
-0.294362 0.00527623 0.95568 
-0.331137 -0.045674 0.942477 
-0.308194 -0.0988334 0.946176 
-0.283392 -0.151858 0.946904 
-0.194303 -0.20976 0.958252 
-0.166197 -0.261958 0.950661 
-0.137307 -0.313508 0.939606 
-0.0742061 -0.317396 0.945385 
-0.0116324 -0.320355 0.947226 
0.0505407 -0.32223 0.945311 
0.0836574 -0.27171 0.958736 
0.145611 -0.271699 0.951303 
0.207517 -0.270443 0.940105 
0.239863 -0.218875 0.945811 
0.268331 -0.165932 0.948928 
0.295731 -0.110327 0.948879 
0.266798 -0.0570557 0.962062 
0.351262 0.00592364 0.936259 
0.322518 0.0593267 0.944702 
0.347725 0.117154 0.930248 
0.313884 0.169933 0.93413 
0.333309 0.223469 0.915951 
0.297022 0.271448 0.915475 
0.260806 0.318784 0.911239 
0.199288 0.316585 0.927393 
0.137908 0.316737 0.938435 
0.104112 0.368874 0.92363 
0.043653 0.370852 0.927665 
-0.0173964 0.371961 0.928085 
-0.0790146 0.371833 0.924931 
-0.172467 0.417202 0.892299 
-0.203782 0.367835 0.907287 
-0.203183 0.270097 0.941151 
-0.23366 0.2188 0.94738 
-0.295243 0.215926 0.930703 
-0.323749 0.163604 0.931891 
-0.350798 0.110352 0.929926 
-0.376925 0.0559148 0.924554 
-0.352204 0.00730519 0.935895 
-0.370941 -0.0854944 0.924712 
-0.346386 -0.141121 0.927416 
-0.320319 -0.195401 0.926938 
-0.257069 -0.204547 0.944498 
-0.229485 -0.256718 0.938846 
-0.20087 -0.308248 0.929857 
-0.171478 -0.359101 0.917411 
-0.107954 -0.364443 0.924947 
-0.0451616 -0.36862 0.928483 
0.0170367 -0.371514 0.928271 
0.078838 -0.37286 0.924532 
0.112456 -0.322732 0.939786 
0.174204 -0.321699 0.930679 
0.235866 -0.319271 0.917842 
0.269366 -0.268121 0.924961 
0.301448 -0.216753 0.928519 
0.326163 -0.16316 0.931126 
0.3518 -0.105941 0.930061 
0.323646 -0.0526994 0.94471 
0.406243 0.0106175 0.913704 
0.377962 0.0639291 0.923611 
0.403079 0.120531 0.907193 
0.37046 0.172979 0.912599 
0.392226 0.226274 0.891605 
0.357329 0.275034 0.892565 
0.321649 0.322372 0.890291 
0.285766 0.369062 0.884382 
0.225047 0.3667 0.90271 
0.164303 0.366744 0.915699 
0.130297 0.418527 0.898809 
0.0710008 0.420719 0.904408 
0.0112108 0.421871 0.906586 
-0.0492466 0.421671 0.905411 
-0.11045 0.420065 0.900747 
-0.202899 0.461767 0.863483 
-0.234954 0.412865 0.879966 
-0.234909 0.31793 0.918552 
-0.265521 0.267336 0.926299 
-0.327907 0.261739 0.907728 
-0.35694 0.209301 0.910377 
-0.384469 0.155364 0.90997 
-0.409939 0.0989074 0.906735 
-0.423616 0.0306363 0.905324 
-0.393492 -0.0274839 0.918917 
-0.428086 -0.0769833 0.900453 
-0.405919 -0.131541 0.904393 
-0.381268 -0.185885 0.905584 
-0.354921 -0.23958 0.903677 
-0.293011 -0.248633 0.923215 
-0.264613 -0.300891 0.916212 
-0.235286 -0.352198 0.905868 
-0.205232 -0.402608 0.892069 
-0.141638 -0.409342 0.90132 
-0.0787967 -0.415025 0.906391 
-0.0166958 -0.419252 0.907716 
0.0448989 -0.421732 0.905608 
0.106097 -0.422324 0.900214 
0.140342 -0.372472 0.91737 
0.201586 -0.370322 0.906766 
0.262604 -0.366796 0.892468 
0.297387 -0.315901 0.900981 
0.330939 -0.264798 0.905738 
0.362844 -0.213612 0.907036 
0.381156 -0.159009 0.910734 
0.406102 -0.100327 0.908304 
0.378974 -0.0473252 0.924196 
0.46031 0.0137693 0.887652 
0.432652 0.0673355 0.899043 
0.457499 0.123006 0.880661 
0.426359 0.175489 0.887368 
0.448497 0.229078 0.863929 
0.415026 0.278664 0.866083 
0.380352 0.326633 0.865242 
0.344917 0.373298 0.861209 
0.308989 0.41908 0.853755 
0.249632 0.415717 0.874565 
0.189472 0.415705 0.889545 
0.155618 0.467328 0.87028 
0.0976435 0.470007 0.877245 
0.0391209 0.471408 0.881047 
-0.020106 0.471286 0.881751 
-0.0801192 0.469525 0.879277 
-0.14103 0.466203 0.873365 
-0.232032 0.504346 0.831743 
-0.265004 0.456114 0.849549 
-0.266593 0.363324 0.892706 
-0.297681 0.313009 0.901893 
-0.359603 0.306026 0.881495 
-0.389052 0.253686 0.885597 
-0.416835 0.199637 0.886789 
-0.442093 0.142829 0.885524 
-0.46016 0.0791964 0.884297 
-0.47878 0.0211637 0.87768 
-0.44718 -0.0231446 0.894144 
-0.466076 -0.113556 0.877427 
-0.441521 -0.17172 0.880665 
-0.415648 -0.227744 0.880551 
-0.388482 -0.282087 0.877217 
-0.327204 -0.2924 0.898576 
-0.298338 -0.344222 0.890228 
-0.268503 -0.394994 0.878571 
-0.237889 -0.44474 0.86349 
-0.174714 -0.452261 0.874606 
-0.112173 -0.459433 0.881101 
-0.0503876 -0.465206 0.883767 
0.0108605 -0.46905 0.883105 
0.0716658 -0.470856 0.879294 
0.132017 -0.470604 0.872413 
0.166905 -0.420966 0.891589 
0.227292 -0.417752 0.879671 
0.287261 -0.413398 0.864051 
0.323196 -0.362869 0.873997 
0.358134 -0.312008 0.879995 
0.391666 -0.260632 0.882422 
0.423855 -0.209415 0.881188 
0.432859 -0.15368 0.888266 
0.459274 -0.0959432 0.883098 
0.433321 -0.0426111 0.900232 
0.5128 0.0152962 0.858372 
0.486107 0.0695359 0.871128 
0.510284 0.124844 0.850896 
0.480589 0.177732 0.858747 
0.50198 0.231891 0.833212 
0.469699 0.282472 0.836416 
0.435888 0.331497 0.836727 
0.400822 0.379094 0.834044 
0.364732 0.425537 0.828184 
0.327343 0.471045 0.819123 
0.272277 0.464157 0.842866 
0.213398 0.463268 0.860142 
0.180812 0.515274 0.837735 
0.125082 0.518422 0.845928 
0.0680487 0.520134 0.851369 
0.00986064 0.520254 0.853955 
-0.0492898 0.518633 0.853575 
-0.10929 0.515163 0.850096 
-0.17018 0.51008 0.843123 
-0.293732 0.497666 0.816119 
-0.326671 0.449263 0.831534 
-0.297293 0.407033 0.863679 
-0.328904 0.35706 0.87426 
-0.389995 0.349148 0.852056 
-0.419865 0.297105 0.857579 
-0.447968 0.243269 0.860317 
-0.47346 0.186813 0.860777 
-0.493966 0.126051 0.860296 
-0.51278 0.066781 0.855919 
-0.525139 0.0031889 0.851011 
-0.489098 -0.0530065 0.870617 
-0.519042 -0.104108 0.848385 
-0.496476 -0.160654 0.853054 
-0.472516 -0.216984 0.854194 
-0.446755 -0.272013 0.852302 
-0.419537 -0.325598 0.847334 
-0.360158 -0.334961 0.870682 
-0.330768 -0.386464 0.860952 
-0.300436 -0.436652 0.847982 
-0.269291 -0.485583 0.83168 
-0.206637 -0.493572 0.8448 
-0.144771 -0.501958 0.852689 
-0.0836118 -0.509277 0.856531 
-0.0229057 -0.514604 0.857122 
0.0373923 -0.517768 0.854704 
0.0972354 -0.518783 0.849358 
0.156532 -0.517682 0.841132 
0.191845 -0.468306 0.862488 
0.2511 -0.464143 0.849423 
0.309876 -0.45913 0.832572 
0.346631 -0.409441 0.843923 
0.382447 -0.359362 0.85123 
0.416981 -0.308553 0.85494 
0.450267 -0.257251 0.855033 
0.483072 -0.206695 0.850834 
0.482101 -0.151119 0.862984 
0.510851 -0.0952914 0.854371 
0.486591 -0.0401874 0.872705 
0.563022 0.015676 0.826293 
0.537689 0.0708011 0.840165 
0.560902 0.126222 0.818204 
0.532562 0.179755 0.827083 
0.552887 0.234206 0.799665 
0.521744 0.285682 0.803847 
0.488842 0.335677 0.805204 
0.454347 0.384207 0.803713 
0.418407 0.431401 0.799268 
0.380783 0.477384 0.791902 
0.340081 0.522008 0.78221 
0.28712 0.515687 0.807235 
0.235275 0.509867 0.827455 
0.165373 0.563777 0.809202 
0.104713 0.566574 0.81733 
0.0443252 0.567428 0.822229 
-0.0160144 0.566405 0.823971 
-0.0764313 0.563381 0.822654 
-0.137048 0.55829 0.818248 
-0.198126 0.551584 0.810248 
-0.260062 0.544925 0.797135 
-0.321052 0.537725 0.779601 
-0.354484 0.490193 0.796274 
-0.387164 0.441391 0.809493 
-0.358823 0.399794 0.843451 
-0.418826 0.391273 0.819445 
-0.44916 0.339682 0.82636 
-0.477693 0.286272 0.830577 
-0.503682 0.230428 0.832591 
-0.525831 0.1714 0.833141 
-0.545451 0.111813 0.830651 
-0.560963 0.0493575 0.826368 
-0.57554 -0.0113059 0.817695 
-0.540166 -0.0522508 0.839935 
-0.550482 -0.14369 0.822389 
-0.527365 -0.203484 0.824912 
-0.502721 -0.260506 0.824262 
-0.476568 -0.315453 0.820593 
-0.448928 -0.368638 0.813984 
-0.391013 -0.377731 0.839302 
-0.361345 -0.428425 0.828179 
-0.330702 -0.477673 0.81392 
-0.299204 -0.525433 0.79649 
-0.237194 -0.533286 0.812 
-0.176171 -0.54278 0.82119 
-0.115898 -0.551517 0.826073 
-0.0559254 -0.558289 0.827759 
0.00377004 -0.562844 0.826554 
0.0630847 -0.565188 0.822547 
0.12188 -0.565374 0.81578 
0.180015 -0.563436 0.806309 
0.215189 -0.514495 0.830053 
0.273193 -0.509406 0.816009 
0.330769 -0.503701 0.798046 
0.368149 -0.455301 0.810659 
0.404558 -0.406471 0.819216 
0.439663 -0.356766 0.824266 
0.473482 -0.306368 0.825805 
0.506469 -0.255875 0.823418 
0.53959 -0.206216 0.816283 
0.53025 -0.152221 0.834064 
0.56011 -0.0963701 0.822794 
0.537742 -0.0399609 0.842162 
0.610797 0.0158378 0.791629 
0.58695 0.0715189 0.806458 
0.609148 0.127227 0.782785 
0.582144 0.181332 0.792608 
0.601334 0.235833 0.7634 
0.571349 0.288012 0.768511 
0.539443 0.338808 0.770851 
0.505688 0.388163 0.77046 
0.470149 0.436119 0.767307 
0.432578 0.48273 0.761478 
0.391758 0.527847 0.753594 
0.344222 0.570259 0.745866 
0.28968 0.562448 0.774428 
0.22691 0.558218 0.798063 
0.191785 0.605737 0.772205 
0.133864 0.609802 0.781167 
0.0747272 0.611744 0.787519 
0.015036 0.611753 0.790906 
-0.044906 0.609694 0.791364 
-0.104956 0.605413 0.788961 
-0.165091 0.598881 0.783637 
-0.225604 0.590725 0.774691 
-0.287179 0.583799 0.759413 
-0.346248 0.577205 0.739558 
-0.380081 0.530429 0.757749 
-0.41339 0.482264 0.772353 
-0.445667 0.432691 0.783683 
-0.501683 0.423074 0.754535 
-0.476587 0.381625 0.791977 
-0.505691 0.328786 0.797606 
-0.532347 0.273756 0.80104 
-0.55575 0.216242 0.802734 
-0.576313 0.157573 0.801894 
-0.593514 0.097319 0.798918 
-0.608374 0.037614 0.792759 
-0.619441 -0.0232515 0.784699 
-0.579797 -0.0805015 0.810774 
-0.597599 -0.134285 0.79047 
-0.577735 -0.192709 0.793149 
-0.555086 -0.249826 0.793389 
-0.530499 -0.30543 0.790748 
-0.503983 -0.359467 0.785356 
-0.475667 -0.412047 0.777148 
-0.419937 -0.420214 0.804409 
-0.389794 -0.470232 0.791797 
-0.358771 -0.518608 0.776098 
-0.327242 -0.56499 0.757429 
-0.266283 -0.571416 0.776259 
-0.206313 -0.581865 0.786681 
-0.147073 -0.591948 0.792444 
-0.0879148 -0.600041 0.795124 
-0.0287932 -0.605907 0.795015 
0.0301573 -0.609533 0.792187 
0.0887445 -0.610976 0.786659 
0.146746 -0.610285 0.778472 
0.203913 -0.607484 0.767713 
0.237379 -0.559369 0.794203 
0.293979 -0.553318 0.779369 
0.35005 -0.546974 0.76045 
0.387861 -0.500316 0.774111 
0.424715 -0.453048 0.783814 
0.46028 -0.404646 0.790193 
0.49456 -0.35536 0.793177 
0.527741 -0.305575 0.792536 
0.560459 -0.255811 0.787685 
0.592499 -0.20527 0.778979 
0.578282 -0.152414 0.801474 
0.60756 -0.0965571 0.788383 
0.586442 -0.0404086 0.808983 
0.656228 0.016313 0.754387 
0.633801 0.0721249 0.770126 
0.655008 0.127992 0.744703 
0.629324 0.182424 0.755429 
0.647383 0.236728 0.724469 
0.618599 0.289381 0.730476 
0.587802 0.340751 0.733743 
0.554995 0.390713 0.734387 
0.52019 0.439231 0.732447 
0.48318 0.48628 0.728058 
0.443095 0.53166 0.721807 
0.398305 0.574613 0.714964 
0.35183 0.614851 0.705814 
0.296869 0.610472 0.734298 
0.246914 0.600429 0.760604 
0.169602 0.649644 0.741079 
0.107482 0.653274 0.749453 
0.046505 0.654639 0.75451 
-0.0138752 0.6538 0.75654 
-0.0738588 0.650667 0.755763 
-0.133501 0.645144 0.752307 
-0.192857 0.637231 0.746152 
-0.252351 0.627705 0.736414 
-0.312889 0.622033 0.717757 
-0.364153 0.620057 0.694926 
-0.401194 0.57153 0.715819 
-0.436313 0.52314 0.73209 
-0.469808 0.473753 0.744875 
-0.524534 0.463347 0.714264 
-0.555411 0.411839 0.722431 
-0.531631 0.370785 0.761503 
-0.559174 0.316556 0.766235 
-0.583781 0.260257 0.769069 
-0.60551 0.20257 0.769625 
-0.624218 0.143575 0.767944 
-0.640294 0.084155 0.763506 
-0.653443 0.0238275 0.756601 
-0.664811 -0.0357109 0.746157 
-0.627801 -0.0789563 0.774359 
-0.643618 -0.131946 0.753887 
-0.626109 -0.18571 0.757297 
-0.604986 -0.240488 0.75905 
-0.581992 -0.295343 0.757666 
-0.556877 -0.34936 0.753549 
-0.529714 -0.402167 0.74677 
-0.500599 -0.453646 0.737297 
-0.445641 -0.463326 0.765985 
-0.413922 -0.513568 0.751609 
-0.380246 -0.563261 0.733587 
-0.343488 -0.613679 0.710925 
-0.294607 -0.607875 0.737357 
-0.236061 -0.618949 0.749118 
-0.177983 -0.630295 0.755679 
-0.119608 -0.639611 0.759336 
-0.0609063 -0.646674 0.760331 
-0.00199783 -0.651466 0.758675 
0.0569856 -0.654012 0.754335 
0.115945 -0.654327 0.747271 
0.174879 -0.652348 0.737468 
0.259937 -0.602563 0.754553 
0.314405 -0.595839 0.739003 
0.365781 -0.590425 0.719447 
0.404606 -0.545456 0.734011 
0.442104 -0.499721 0.744864 
0.478298 -0.452438 0.752682 
0.513243 -0.404131 0.757139 
0.546909 -0.355087 0.758158 
0.579616 -0.30564 0.7554 
0.61142 -0.255495 0.748925 
0.641809 -0.203978 0.739239 
0.625578 -0.15156 0.765299 
0.65323 -0.0959507 0.751055 
0.632958 -0.0402584 0.773138 
0.699303 0.0169307 0.714624 
0.678294 0.0727634 0.731179 
0.698517 0.128476 0.703966 
0.674136 0.183018 0.715573 
0.691057 0.236813 0.682905 
0.66348 0.289789 0.689794 
0.633855 0.341588 0.693935 
0.602122 0.392027 0.695531 
0.568263 0.441008 0.694686 
0.532139 0.488442 0.691558 
0.493237 0.5341 0.686626 
0.450879 0.577406 0.680669 
0.40663 0.61798 0.672869 
0.360372 0.655388 0.663777 
0.300651 0.65164 0.696401 
0.23353 0.644944 0.727675 
0.19335 0.686696 0.70076 
0.133627 0.691667 0.709746 
0.0736972 0.69464 0.715572 
0.0139031 0.695208 0.718675 
-0.0456696 0.693373 0.71913 
-0.104931 0.689078 0.71705 
-0.163774 0.682269 0.712521 
-0.222129 0.672912 0.705583 
-0.280533 0.661867 0.69515 
-0.325561 0.673286 0.663849 
-0.380577 0.655098 0.652693 
-0.420253 0.608852 0.67282 
-0.457029 0.56177 0.689593 
-0.49167 0.513258 0.703439 
-0.545078 0.502316 0.671244 
-0.576919 0.45175 0.680505 
-0.60647 0.399418 0.687502 
-0.583935 0.358522 0.728341 
-0.609719 0.303349 0.732271 
-0.632673 0.246707 0.734071 
-0.652739 0.188819 0.733675 
-0.67007 0.130173 0.730795 
-0.684598 0.0708074 0.725473 
-0.696787 0.0114268 0.717187 
-0.708307 -0.0472443 0.704322 
-0.676685 -0.093318 0.730335 
-0.676887 -0.163278 0.717749 
-0.654847 -0.223807 0.721863 
-0.632272 -0.281362 0.72185 
-0.608064 -0.33687 0.718872 
-0.581927 -0.390621 0.713286 
-0.553816 -0.442721 0.705185 
-0.523775 -0.493203 0.694558 
-0.469575 -0.503795 0.725045 
-0.436563 -0.552684 0.709896 
-0.401141 -0.600302 0.691898 
-0.365473 -0.64683 0.669358 
-0.312171 -0.669208 0.674322 
-0.272679 -0.650555 0.708819 
-0.212926 -0.664853 0.715984 
-0.154012 -0.676007 0.720621 
-0.0951091 -0.684532 0.722752 
-0.0361239 -0.690603 0.722331 
0.0228815 -0.6943 0.719322 
0.0817889 -0.695679 0.713681 
0.140463 -0.69471 0.705441 
0.198815 -0.691216 0.694761 
0.234012 -0.6479 0.724889 
0.294039 -0.640558 0.709384 
0.355902 -0.635245 0.685418 
0.413696 -0.593207 0.690624 
0.454513 -0.547866 0.702325 
0.492444 -0.500665 0.711922 
0.528758 -0.452783 0.717915 
0.563445 -0.404254 0.720492 
0.596704 -0.355163 0.719586 
0.628716 -0.305427 0.715144 
0.659236 -0.25464 0.707507 
0.687883 -0.202508 0.696998 
0.671234 -0.150265 0.725855 
0.696912 -0.0949814 0.710839 
0.67731 -0.039667 0.734628 
0.739951 0.017472 0.672434 
0.720431 0.0732614 0.689646 
0.739693 0.128444 0.660572 
0.716619 0.182954 0.673042 
0.732432 0.235679 0.638748 
0.706031 0.288955 0.646549 
0.677583 0.341158 0.651531 
0.646957 0.392062 0.654013 
0.614098 0.441542 0.654159 
0.578896 0.489494 0.652132 
0.541008 0.535729 0.64831 
0.500011 0.579894 0.643204 
0.456484 0.621783 0.636403 
0.410265 0.661347 0.627936 
0.361765 0.698802 0.617092 
0.314754 0.689279 0.652553 
0.252306 0.681878 0.686574 
0.212284 0.72402 0.656301 
0.155541 0.728932 0.666682 
0.0974862 0.732625 0.673615 
0.0386848 0.734236 0.677791 
-0.0204695 0.733477 0.679406 
-0.0797755 0.730212 0.678547 
-0.139145 0.724287 0.675313 
-0.198669 0.715449 0.669824 
-0.25903 0.702748 0.662607 
-0.295128 0.723466 0.624097 
-0.349027 0.704339 0.618132 
-0.40154 0.685639 0.607178 
-0.43845 0.643263 0.627674 
-0.475753 0.598449 0.644607 
-0.511263 0.551215 0.659372 
-0.5625 0.540599 0.625577 
-0.595666 0.490764 0.635872 
-0.626441 0.439303 0.643883 
-0.654638 0.38617 0.649863 
-0.633422 0.345316 0.692483 
-0.657627 0.289677 0.695424 
-0.67902 0.232719 0.696257 
-0.697662 0.174734 0.694792 
-0.713553 0.115843 0.690958 
-0.726806 0.0562865 0.684533 
-0.738034 -0.00401031 0.674751 
-0.715533 -0.107347 0.690282 
-0.718496 -0.160861 0.676674 
-0.698379 -0.215153 0.682624 
-0.678168 -0.270698 0.683236 
-0.655708 -0.325537 0.681229 
-0.63104 -0.379292 0.676702 
-0.604147 -0.431731 0.669787 
-0.575079 -0.482751 0.660481 
-0.543856 -0.532295 0.648755 
-0.491836 -0.542038 0.681389 
-0.45811 -0.589111 0.665645 
-0.423671 -0.634006 0.646946 
-0.389358 -0.676866 0.624702 
-0.338238 -0.699138 0.629922 
-0.283991 -0.718447 0.634967 
-0.250151 -0.693856 0.67527 
-0.190045 -0.708397 0.679747 
-0.130593 -0.718982 0.68265 
-0.0713023 -0.72666 0.683288 
-0.0120909 -0.73174 0.681476 
0.0469517 -0.734376 0.677117 
0.105631 -0.734663 0.670158 
0.16364 -0.732566 0.660734 
0.220631 -0.727921 0.649195 
0.256835 -0.684918 0.681853 
0.314382 -0.675703 0.666775 
0.371407 -0.673073 0.639554 
0.413956 -0.635959 0.651304 
0.46224 -0.59435 0.65809 
0.503078 -0.547245 0.668907 
0.541289 -0.499932 0.676072 
0.577356 -0.452106 0.679897 
0.611552 -0.403601 0.680522 
0.644136 -0.354388 0.677863 
0.675091 -0.304283 0.672059 
0.704144 -0.253048 0.663437 
0.731057 -0.200611 0.652159 
0.714688 -0.1488 0.683432 
0.738384 -0.0938725 0.667815 
0.719402 -0.0389299 0.693502 
0.778082 0.0177826 0.627911 
0.760203 0.0733948 0.645527 
0.77862 0.127418 0.614422 
0.756877 0.181728 0.627783 
0.771698 0.232305 0.592044 
0.746394 0.286105 0.600866 
0.719108 0.338852 0.606682 
0.689616 0.390293 0.610001 
0.657828 0.440299 0.611064 
0.623664 0.48876 0.610046 
0.586919 0.53551 0.607252 
0.547361 0.580264 0.603067 
0.505284 0.622765 0.597371 
0.460827 0.662839 0.590155 
0.414481 0.70033 0.581157 
0.366447 0.734965 0.570564 
0.309273 0.734475 0.604067 
0.267803 0.718125 0.642322 
0.183689 0.763061 0.619675 
0.124131 0.767768 0.628589 
0.064633 0.770504 0.63415 
0.00509026 0.770843 0.637004 
-0.0544998 0.768601 0.637403 
-0.114141 0.763602 0.635518 
-0.173905 0.755538 0.631601 
-0.209858 0.781963 0.586935 
-0.234113 0.743562 0.626343 
-0.271307 0.765109 0.583953 
-0.330767 0.745862 0.578173 
-0.390644 0.724884 0.567398 
-0.44926 0.681619 0.577547 
-0.489449 0.636189 0.596408 
-0.527071 0.588986 0.612611 
-0.576874 0.577345 0.577831 
-0.611543 0.528419 0.588887 
-0.643673 0.477893 0.597748 
-0.67319 0.425718 0.604632 
-0.700009 0.371969 0.609612 
-0.680125 0.331493 0.653867 
-0.702837 0.275448 0.655857 
-0.722777 0.21826 0.65571 
-0.739961 0.160107 0.653317 
-0.754423 0.101234 0.648535 
-0.766186 0.0418093 0.641257 
-0.775097 -0.0186151 0.631568 
-0.7474 -0.0673758 0.66095 
-0.755949 -0.130734 0.641444 
-0.743086 -0.197482 0.639393 
-0.722997 -0.255327 0.641937 
-0.701572 -0.311491 0.640914 
-0.678015 -0.366082 0.6374 
-0.652225 -0.41919 0.631572 
-0.624173 -0.470799 0.623503 
-0.593888 -0.520881 0.613172 
-0.561343 -0.569352 0.60061 
-0.510421 -0.580356 0.634553 
-0.475189 -0.627185 0.617117 
-0.437634 -0.673108 0.596156 
-0.382884 -0.716826 0.582718 
-0.322486 -0.74029 0.589893 
-0.263111 -0.759932 0.59437 
-0.22534 -0.736717 0.63755 
-0.20307 -0.776305 0.596752 
-0.166041 -0.7498 0.640493 
-0.106626 -0.75935 0.641886 
-0.0471028 -0.765979 0.641138 
0.0124891 -0.769957 0.637974 
0.0720714 -0.771431 0.632218 
0.131552 -0.770487 0.623734 
0.190825 -0.76693 0.612702 
0.27617 -0.720837 0.635708 
0.32984 -0.710968 0.621071 
0.375404 -0.71582 0.58879 
0.420243 -0.678432 0.602599 
0.463261 -0.638667 0.614405 
0.509564 -0.591546 0.624834 
0.550645 -0.545054 0.632223 
0.58852 -0.49815 0.636782 
0.623985 -0.450432 0.638556 
0.657458 -0.401864 0.637381 
0.689103 -0.352402 0.633206 
0.718807 -0.301907 0.626233 
0.746353 -0.250284 0.616697 
0.771614 -0.197589 0.604625 
0.755747 -0.147008 0.63815 
0.777534 -0.09254 0.621994 
0.759124 -0.0382132 0.649823 
0.813643 0.0177575 0.581094 
0.79766 0.0728408 0.598692 
0.815637 0.124103 0.565096 
0.795227 0.178044 0.579582 
0.808944 0.225011 0.543121 
0.784575 0.280279 0.55307 
0.758415 0.33405 0.559659 
0.730054 0.386306 0.563728 
0.699351 0.437025 0.565612 
0.666235 0.486153 0.565497 
0.630579 0.533573 0.563623 
0.592231 0.579083 0.56029 
0.551294 0.622476 0.555517 
0.507839 0.663617 0.549283 
0.461996 0.702448 0.541412 
0.413596 0.739 0.531806 
0.362543 0.773661 0.519626 
0.318939 0.766605 0.55731 
0.24426 0.756311 0.606902 
0.207282 0.793648 0.571976 
0.148564 0.799848 0.581526 
0.0895402 0.803733 0.588214 
0.0301695 0.80523 0.592195 
-0.029443 0.804092 0.593776 
-0.089248 0.800118 0.593166 
-0.1493 0.79299 0.590657 
-0.183703 0.818262 0.544702 
-0.243698 0.804289 0.541969 
-0.301823 0.787403 0.537493 
-0.35818 0.768017 0.530902 
-0.412971 0.748071 0.519466 
-0.455424 0.71416 0.531568 
-0.500186 0.671301 0.546964 
-0.539646 0.624834 0.564239 
-0.587627 0.612825 0.528336 
-0.624209 0.56474 0.539845 
-0.657915 0.51513 0.549353 
-0.688868 0.463896 0.557011 
-0.717078 0.411067 0.562871 
-0.74252 0.356751 0.566915 
-0.724071 0.316783 0.612675 
-0.745355 0.260329 0.613738 
-0.763866 0.202761 0.612697 
-0.779639 0.14423 0.609394 
-0.792665 0.0848346 0.603726 
-0.802574 0.0243205 0.596056 
-0.809827 -0.0377432 0.585454 
-0.783631 -0.0780276 0.616307 
-0.793928 -0.127766 0.594436 
-0.780071 -0.182756 0.598406 
-0.764053 -0.241148 0.59839 
-0.744158 -0.297194 0.598251 
-0.722047 -0.352069 0.595563 
-0.69753 -0.405612 0.590704 
-0.670601 -0.457765 0.583735 
-0.641274 -0.508463 0.574659 
-0.609567 -0.557657 0.563425 
-0.575357 -0.605247 0.550128 
-0.526564 -0.6162 0.585685 
-0.489551 -0.661886 0.567667 
-0.44742 -0.705317 0.549857 
-0.407005 -0.740242 0.535153 
-0.352896 -0.761122 0.544204 
-0.296523 -0.781689 0.548667 
-0.238529 -0.799127 0.551815 
-0.179242 -0.813371 0.553444 
-0.143144 -0.788256 0.598467 
-0.0832842 -0.796722 0.598579 
-0.0234285 -0.802211 0.596581 
0.0363776 -0.804991 0.592171 
0.095962 -0.805222 0.585157 
0.154951 -0.803085 0.575366 
0.212467 -0.798415 0.563375 
0.250093 -0.760351 0.599434 
0.310462 -0.750233 0.58375 
0.370012 -0.752209 0.545228 
0.422709 -0.719459 0.551086 
0.466175 -0.681724 0.563856 
0.510866 -0.633163 0.581482 
0.556159 -0.587999 0.587319 
0.596553 -0.542238 0.591695 
0.633687 -0.495439 0.594122 
0.668369 -0.447592 0.594091 
0.700962 -0.398732 0.591325 
0.731527 -0.348804 0.585836 
0.759932 -0.297695 0.577824 
0.786045 -0.245337 0.567401 
0.80986 -0.191766 0.554394 
0.794513 -0.144058 0.589912 
0.814492 -0.0901176 0.573132 
0.796418 -0.0374955 0.603583 
0.846806 0.0179635 0.531598 
0.833137 0.0706077 0.548541 
0.851844 0.111456 0.5118 
0.832256 0.168502 0.528163 
0.842475 0.216687 0.493236 
0.819619 0.272929 0.503721 
0.794906 0.327457 0.510781 
0.767877 0.380392 0.515429 
0.738407 0.431761 0.518013 
0.706458 0.481527 0.5187 
0.671972 0.529595 0.51767 
0.634876 0.575801 0.515157 
0.595222 0.619946 0.51125 
0.553106 0.66186 0.505979 
0.508675 0.701399 0.499288 
0.46204 0.73843 0.491161 
0.41353 0.772824 0.481389 
0.362749 0.803989 0.471184 
0.301415 0.803719 0.513016 
0.265993 0.783549 0.561514 
0.17609 0.82804 0.532299 
0.115964 0.833647 0.539986 
0.0561355 0.836487 0.545104 
-0.0037002 0.836587 0.547822 
-0.0636012 0.833788 0.548409 
-0.123592 0.827841 0.547178 
-0.15803 0.851632 0.499749 
-0.217891 0.839668 0.497475 
-0.276819 0.824397 0.493702 
-0.334872 0.805948 0.488168 
-0.392663 0.784374 0.48018 
-0.45513 0.751374 0.477802 
-0.502525 0.707307 0.497178 
-0.552721 0.691337 0.465352 
-0.547768 0.659726 0.514501 
-0.595178 0.646137 0.477776 
-0.633697 0.599261 0.489197 
-0.66908 0.55073 0.499027 
-0.701552 0.500505 0.507267 
-0.731211 0.448609 0.513888 
-0.758083 0.395128 0.51883 
-0.782162 0.340183 0.522014 
-0.765171 0.301102 0.56908 
-0.785016 0.244288 0.569275 
-0.802065 0.186508 0.567369 
-0.816349 0.128023 0.563191 
-0.827745 0.0692297 0.556817 
-0.835896 0.0108662 0.548781 
-0.8408 -0.0470002 0.539302 
-0.825825 -0.0997932 0.555027 
-0.817925 -0.162979 0.551758 
-0.802362 -0.221771 0.554105 
-0.784482 -0.279762 0.553463 
-0.763607 -0.335664 0.551573 
-0.740327 -0.390041 0.547525 
-0.714542 -0.442906 0.541539 
-0.686275 -0.494275 0.533591 
-0.655578 -0.544053 0.523664 
-0.622512 -0.592145 0.511706 
-0.586719 -0.638271 0.498369 
-0.53798 -0.65144 0.53498 
-0.547087 -0.682366 0.484843 
-0.495483 -0.697664 0.517457 
-0.450764 -0.742915 0.494862 
-0.390176 -0.776762 0.494372 
-0.332753 -0.799229 0.500508 
-0.274778 -0.818626 0.50433 
-0.215983 -0.834604 0.506743 
-0.156407 -0.847216 0.507702 
-0.119482 -0.823872 0.554038 
-0.0594712 -0.831062 0.552991 
0.000748368 -0.835269 0.549841 
0.0611688 -0.83671 0.544219 
0.121778 -0.835531 0.535778 
0.182469 -0.83214 0.523688 
0.267986 -0.790746 0.550367 
0.321666 -0.780748 0.535689 
0.360574 -0.791382 0.49366 
0.413081 -0.759392 0.502682 
0.463755 -0.725043 0.50916 
0.513476 -0.670054 0.536069 
0.558777 -0.627719 0.541976 
0.601432 -0.583915 0.545273 
0.640431 -0.538409 0.547689 
0.676527 -0.491504 0.548393 
0.71024 -0.44337 0.546792 
0.741779 -0.39406 0.542661 
0.771113 -0.343512 0.536083 
0.798113 -0.291614 0.527235 
0.822707 -0.238254 0.516128 
0.845017 -0.18334 0.502328 
0.831428 -0.137238 0.538418 
0.849897 -0.0821243 0.52051 
0.831432 -0.0359601 0.554462 
0.896253 0.0482532 0.44091 
0.868985 0.051303 0.492172 
0.881759 0.103689 0.460162 
0.865094 0.159292 0.475646 
0.872808 0.206203 0.442366 
0.851661 0.263686 0.452928 
0.828553 0.318974 0.460168 
0.802976 0.372535 0.465238 
0.774844 0.424506 0.468413 
0.744148 0.474887 0.469815 
0.710877 0.523608 0.469562 
0.675006 0.570535 0.467821 
0.636565 0.615496 0.464704 
0.595612 0.65833 0.460269 
0.552219 0.698906 0.454515 
0.506383 0.737138 0.447441 
0.458034 0.773011 0.438929 
0.40643 0.806508 0.42937 
0.351175 0.837693 0.418266 
0.313011 0.829202 0.463085 
0.237567 0.818631 0.522881 
0.199871 0.852724 0.482611 
0.140687 0.860203 0.490162 
0.0813026 0.864509 0.495998 
0.0217018 0.865929 0.499696 
-0.0380918 0.864405 0.501351 
-0.0980233 0.859747 0.501225 
-0.132139 0.881892 0.452555 
-0.191911 0.87168 0.450938 
-0.250978 0.858093 0.447981 
-0.309133 0.841242 0.443564 
-0.366288 0.821168 0.437625 
-0.422666 0.795943 0.433391 
-0.4736 0.771321 0.425167 
-0.51036 0.735176 0.446148 
-0.554876 0.721844 0.413588 
-0.598782 0.678006 0.426343 
-0.639599 0.632265 0.437212 
-0.676873 0.584798 0.447051 
-0.711002 0.535598 0.455643 
-0.742186 0.484667 0.46288 
-0.770525 0.432062 0.468629 
-0.796049 0.377879 0.472771 
-0.818746 0.32223 0.475207 
-0.80343 0.283905 0.523353 
-0.821879 0.226416 0.522735 
-0.837534 0.167813 0.519976 
-0.850457 0.108171 0.514803 
-0.860576 0.0477431 0.507079 
-0.866868 -0.0133601 0.498359 
-0.862652 -0.0804945 0.499351 
-0.849832 -0.138208 0.50861 
-0.837721 -0.200655 0.507898 
-0.821298 -0.259738 0.507943 
-0.802137 -0.317166 0.505946 
-0.780183 -0.372627 0.502457 
-0.755627 -0.426414 0.497192 
-0.728408 -0.478628 0.490241 
-0.698644 -0.529329 0.48136 
-0.66643 -0.57829 0.470587 
-0.631678 -0.625486 0.457985 
-0.593358 -0.670545 0.445304 
-0.550639 -0.713984 0.432462 
-0.506307 -0.724919 0.46706 
-0.473628 -0.761738 0.442076 
-0.423045 -0.787246 0.448639 
-0.367302 -0.813593 0.450729 
-0.310498 -0.83454 0.455119 
-0.252516 -0.852303 0.458056 
-0.193584 -0.866726 0.459687 
-0.133939 -0.877796 0.459929 
-0.0964162 -0.856303 0.507394 
-0.0361375 -0.862127 0.505402 
0.0244215 -0.864908 0.501335 
0.0853348 -0.864792 0.494826 
0.146827 -0.861814 0.485508 
0.209766 -0.856686 0.471261 
0.241801 -0.826148 0.508932 
0.298698 -0.816179 0.494602 
0.337706 -0.826428 0.450524 
0.400026 -0.797199 0.452164 
0.452384 -0.765293 0.457903 
0.5127 -0.703959 0.491509 
0.560088 -0.664946 0.494113 
0.603307 -0.623288 0.497526 
0.643925 -0.57943 0.499622 
0.681563 -0.533685 0.500651 
0.716567 -0.486419 0.499928 
0.749213 -0.437816 0.496988 
0.779566 -0.387913 0.491732 
0.807535 -0.336637 0.484316 
0.832992 -0.283853 0.474923 
0.855888 -0.229335 0.463532 
0.876442 -0.172636 0.449496 
0.865365 -0.127012 0.48478 
0.881671 -0.0696737 0.466692 
0.864816 -0.0252166 0.501455 
0.91645 0.0123929 0.399957 
0.910293 0.0885914 0.404375 
0.923911 0.127342 0.360795 
0.896197 0.145379 0.41916 
0.899055 0.19484 0.392094 
0.88046 0.253072 0.400931 
0.859219 0.308719 0.407965 
0.83526 0.362688 0.413277 
0.808593 0.415133 0.416943 
0.779254 0.466055 0.418994 
0.747275 0.515385 0.419475 
0.712678 0.562993 0.418484 
0.675514 0.608707 0.41612 
0.635864 0.652343 0.412462 
0.593837 0.693724 0.407559 
0.549553 0.732681 0.401461 
0.503187 0.76904 0.394184 
0.454926 0.802563 0.38592 
0.405574 0.832831 0.3767 
0.356442 0.859638 0.366021 
0.287782 0.860499 0.420385 
0.258055 0.841914 0.473907 
0.16726 0.882955 0.438651 
0.107416 0.889073 0.444985 
0.0476386 0.891983 0.449552 
-0.0122198 0.89183 0.452206 
-0.0721704 0.888534 0.4531 
-0.106188 0.908844 0.403395 
-0.16608 0.90022 0.402518 
-0.225536 0.888182 0.400333 
-0.284345 0.872763 0.396778 
-0.342424 0.853917 0.391883 
-0.399932 0.830796 0.387082 
-0.455498 0.805143 0.379825 
-0.510792 0.770732 0.380873 
-0.558749 0.745757 0.36283 
-0.602112 0.705872 0.373103 
-0.642935 0.662632 0.384127 
-0.681538 0.616845 0.39371 
-0.717186 0.568964 0.402397 
-0.75389 0.552435 0.355621 
-0.749883 0.519165 0.410052 
-0.779699 0.467561 0.416482 
-0.806678 0.414258 0.421498 
-0.830819 0.359371 0.424961 
-0.852085 0.302996 0.426785 
-0.838588 0.265209 0.475851 
-0.85555 0.206862 0.474596 
-0.869632 0.147118 0.471272 
-0.880914 0.0856903 0.465454 
-0.889046 0.0217579 0.457301 
-0.889008 -0.0477763 0.455392 
-0.880988 -0.117004 0.458443 
-0.868742 -0.177428 0.462392 
-0.854716 -0.238253 0.46119 
-0.837195 -0.296782 0.459375 
-0.816821 -0.353472 0.455917 
-0.793641 -0.408252 0.451071 
-0.767642 -0.461323 0.444867 
-0.738869 -0.512829 0.437126 
-0.744766 -0.546867 0.38244 
-0.707767 -0.562672 0.42716 
-0.674716 -0.609945 0.415602 
-0.639652 -0.654649 0.402839 
-0.601458 -0.696396 0.39151 
-0.55992 -0.735637 0.381219 
-0.511881 -0.761008 0.398553 
-0.458763 -0.79568 0.395511 
-0.404235 -0.822029 0.401077 
-0.347435 -0.846184 0.404056 
-0.289745 -0.865962 0.407623 
-0.231134 -0.882371 0.409876 
-0.171785 -0.895396 0.4108 
-0.111906 -0.905043 0.410335 
-0.0738954 -0.88546 0.458802 
-0.013613 -0.889878 0.455996 
0.0468337 -0.891195 0.451196 
0.107382 -0.88953 0.444079 
0.167902 -0.884818 0.434633 
0.273424 -0.848456 0.453168 
0.280277 -0.872896 0.399372 
0.333 -0.853233 0.401378 
0.386843 -0.828583 0.404726 
0.441417 -0.799998 0.406391 
0.502578 -0.739177 0.448366 
0.554354 -0.702597 0.446149 
0.600744 -0.662073 0.44807 
0.643244 -0.619276 0.450262 
0.682805 -0.574512 0.451346 
0.719466 -0.528038 0.451159 
0.753496 -0.480106 0.449157 
0.785055 -0.430838 0.445047 
0.814136 -0.380229 0.438872 
0.840623 -0.328187 0.430866 
0.864381 -0.274544 0.421272 
0.88532 -0.218985 0.410189 
0.903533 -0.16075 0.397224 
0.895589 -0.112727 0.430364 
0.908226 -0.0495232 0.41554 
0.890506 -0.0065471 0.454925 
0.937631 0.0103557 0.347479 
0.931856 0.0661833 0.356742 
0.946706 0.0980802 0.306802 
0.921791 0.180697 0.343001 
0.930405 0.217186 0.295256 
0.906463 0.239442 0.347839 
0.887243 0.295524 0.354212 
0.864968 0.349969 0.359655 
0.83982 0.402974 0.363751 
0.811874 0.454532 0.366417 
0.78119 0.504578 0.367618 
0.747822 0.552991 0.367373 
0.711831 0.599608 0.365742 
0.673291 0.644249 0.362799 
0.632289 0.686738 0.358611 
0.588906 0.726922 0.353235 
0.54322 0.764665 0.346698 
0.495259 0.799851 0.339054 
0.445205 0.832383 0.330047 
0.393416 0.862167 0.319204 
0.304174 0.878285 0.368909 
0.248369 0.892063 0.377541 
0.227307 0.873407 0.430688 
0.190987 0.902602 0.385791 
0.132424 0.910192 0.392448 
0.0732253 0.914621 0.397626 
0.0136401 0.915902 0.401169 
-0.0462108 0.914019 0.40303 
-0.0796071 0.932402 0.352546 
-0.139718 0.925328 0.352486 
-0.19953 0.914825 0.351117 
-0.258838 0.900882 0.348445 
-0.317528 0.883435 0.344556 
-0.375633 0.862064 0.340214 
-0.432546 0.837246 0.334547 
-0.489461 0.806483 0.331683 
-0.541147 0.777861 0.31952 
-0.595788 0.737539 0.317919 
-0.640756 0.693634 0.329095 
-0.681683 0.648349 0.339046 
-0.719389 0.601301 0.347731 
-0.754287 0.583935 0.300117 
-0.787489 0.53428 0.307255 
-0.785341 0.501783 0.362565 
-0.813855 0.449415 0.368328 
-0.839478 0.395439 0.372701 
-0.862189 0.339986 0.375552 
-0.881924 0.283204 0.376836 
-0.870415 0.245175 0.426928 
-0.885733 0.185815 0.425382 
-0.897932 0.124498 0.422158 
-0.906774 0.0597993 0.417354 
-0.910152 -0.0121433 0.414097 
-0.905691 -0.086011 0.415121 
-0.897221 -0.153269 0.41413 
-0.884476 -0.214749 0.414229 
-0.868845 -0.274698 0.411886 
-0.85004 -0.332591 0.40843 
-0.828334 -0.38855 0.403598 
-0.803602 -0.442696 0.397799 
-0.775684 -0.495377 0.391044 
-0.779981 -0.527533 0.336657 
-0.746461 -0.579202 0.327597 
-0.711683 -0.597114 0.370085 
-0.677706 -0.643003 0.356738 
-0.640366 -0.686477 0.3445 
-0.597667 -0.728009 0.335853 
-0.545345 -0.767507 0.336946 
-0.495281 -0.796211 0.347483 
-0.440439 -0.827377 0.348513 
-0.384559 -0.852943 0.352992 
-0.327031 -0.87543 0.355913 
-0.268704 -0.893959 0.358657 
-0.209654 -0.909034 0.360143 
-0.150083 -0.920686 0.360294 
-0.0902113 -0.928942 0.359067 
-0.0517186 -0.911313 0.408453 
0.00868104 -0.914309 0.404925 
0.0693039 -0.914116 0.399486 
0.130287 -0.910781 0.391796 
0.19202 -0.903963 0.382071 
0.228099 -0.878864 0.41901 
0.255615 -0.900026 0.353006 
0.315759 -0.882104 0.349555 
0.372746 -0.858264 0.352765 
0.427235 -0.831307 0.355528 
0.49267 -0.771996 0.401621 
0.544081 -0.737859 0.399424 
0.593468 -0.699037 0.398928 
0.638683 -0.657305 0.400043 
0.680305 -0.613453 0.401074 
0.718884 -0.567772 0.40105 
0.754567 -0.520508 0.399625 
0.787549 -0.471847 0.396393 
0.817911 -0.421852 0.391232 
0.845606 -0.370474 0.384317 
0.870512 -0.317583 0.375966 
0.89248 -0.262938 0.366529 
0.91134 -0.206055 0.356372 
0.933619 -0.192514 0.302147 
0.927116 -0.146029 0.345155 
0.920865 -0.0990469 0.377092 
0.931402 -0.0444898 0.361264 
0.96812 0.00607331 0.250415 
0.953311 0.0394189 0.299407 
0.960294 0.127254 0.248279 
0.942301 0.154499 0.296982 
0.935941 0.251524 0.246475 
0.913223 0.276151 0.299608 
0.892524 0.332399 0.304814 
0.86881 0.386738 0.309197 
0.842216 0.439411 0.312395 
0.812805 0.49048 0.314288 
0.780638 0.539913 0.3148 
0.745783 0.587588 0.313924 
0.708317 0.633342 0.311712 
0.668317 0.677007 0.308244 
0.625842 0.718431 0.30361 
0.580929 0.757486 0.297885 
0.533547 0.794074 0.291161 
0.48361 0.828142 0.283377 
0.430828 0.859827 0.274016 
0.372352 0.888809 0.267156 
0.336309 0.887431 0.315217 
0.277804 0.905262 0.321444 
0.248869 0.928608 0.27523 
0.219009 0.918054 0.330472 
0.159881 0.927437 0.338079 
0.100372 0.933582 0.344021 
0.0405707 0.936456 0.348432 
-0.0194541 0.936078 0.351254 
-0.0523401 0.952421 0.300258 
-0.112693 0.946932 0.301033 
-0.172819 0.938001 0.300478 
-0.232516 0.925604 0.298652 
-0.291633 0.909687 0.295668 
-0.350097 0.890041 0.29199 
-0.407569 0.866739 0.287491 
-0.464457 0.838856 0.283903 
-0.518693 0.808964 0.276648 
-0.577299 0.769825 0.272204 
-0.632584 0.72362 0.276064 
-0.677686 0.678179 0.28428 
-0.717802 0.631859 0.292429 
-0.751721 0.61275 0.243829 
-0.786362 0.564548 0.250839 
-0.818005 0.514397 0.257418 
-0.817619 0.482893 0.31355 
-0.844794 0.429834 0.318694 
-0.869045 0.375211 0.322456 
-0.890332 0.31917 0.324716 
-0.908572 0.261875 0.325452 
-0.898582 0.225253 0.376578 
-0.912031 0.16634 0.374874 
-0.922098 0.106884 0.371903 
-0.928768 0.0481061 0.367528 
-0.931649 -0.00799579 0.363272 
-0.927487 -0.0650112 0.368159 
-0.921128 -0.126679 0.368069 
-0.910924 -0.189883 0.36628 
-0.896962 -0.251081 0.363892 
-0.879869 -0.309997 0.360184 
-0.859769 -0.366916 0.355204 
-0.836618 -0.42188 0.34941 
-0.810032 -0.475291 0.343434 
-0.813228 -0.505465 0.288382 
-0.781509 -0.556491 0.282067 
-0.746034 -0.60683 0.274208 
-0.710643 -0.631942 0.30925 
-0.674678 -0.676175 0.295967 
-0.632225 -0.719009 0.288648 
-0.582289 -0.760307 0.287877 
-0.529217 -0.797277 0.290309 
-0.47662 -0.827101 0.297888 
-0.420782 -0.856024 0.300274 
-0.363887 -0.880462 0.303929 
-0.305746 -0.901458 0.30642 
-0.246922 -0.918679 0.308314 
-0.187542 -0.9324 0.308964 
-0.127782 -0.942672 0.308289 
-0.0677772 -0.949521 0.306293 
-0.0302537 -0.93383 0.356435 
0.0296377 -0.93544 0.352241 
0.08929 -0.933875 0.346273 
0.148302 -0.929348 0.33811 
0.205929 -0.921234 0.330032 
0.245819 -0.924554 0.291159 
0.299931 -0.905819 0.299222 
0.357226 -0.884321 0.300611 
0.41266 -0.858994 0.303053 
0.466156 -0.831414 0.302406 
0.480203 -0.803093 0.35277 
0.532376 -0.770336 0.350938 
0.582686 -0.733362 0.350226 
0.630305 -0.692997 0.349959 
0.674306 -0.650109 0.350243 
0.714912 -0.605232 0.350135 
0.752438 -0.558653 0.348917 
0.787031 -0.510599 0.346223 
0.818815 -0.461201 0.341812 
0.847813 -0.410478 0.335739 
0.873952 -0.358367 0.3283 
0.897098 -0.304757 0.319904 
0.917063 -0.249497 0.311042 
0.953447 -0.173116 0.246921 
0.946565 -0.133759 0.293468 
0.945309 -0.0822229 0.315642 
0.952917 -0.0248601 0.302211 
0.979408 0.0369403 0.198481 
0.965782 0.0688253 0.250055 
0.97555 0.0984831 0.196476 
0.950597 0.189304 0.246026 
0.954922 0.223115 0.195815 
0.938219 0.284707 0.196689 
0.917118 0.310466 0.25001 
0.894983 0.366707 0.254032 
0.869856 0.420824 0.257405 
0.841827 0.473103 0.259808 
0.810947 0.523669 0.261029 
0.777292 0.572487 0.260914 
0.740956 0.619415 0.25944 
0.702027 0.664282 0.256685 
0.660568 0.706934 0.252773 
0.616612 0.747242 0.247829 
0.570123 0.785104 0.242015 
0.520932 0.820469 0.235499 
0.468463 0.853426 0.228488 
0.41022 0.884376 0.222706 
0.346061 0.912248 0.219191 
0.31067 0.912043 0.267698 
0.280033 0.933753 0.222905 
0.217381 0.949011 0.228305 
0.188451 0.940447 0.282924 
0.128401 0.948573 0.28935 
0.0682875 0.953233 0.29442 
0.00802907 0.954508 0.298077 
-0.0851172 0.964931 0.248322 
-0.145486 0.957627 0.248566 
-0.205483 0.946841 0.247524 
-0.264885 0.932554 0.245312 
-0.323472 0.914709 0.242226 
-0.380835 0.893395 0.238348 
-0.4367 0.868507 0.234494 
-0.489851 0.841154 0.229142 
-0.541198 0.810364 0.224532 
-0.587923 0.778972 0.218057 
-0.630587 0.743227 0.223546 
-0.673475 0.702586 0.229792 
-0.71408 0.658846 0.236666 
-0.744927 0.640553 0.186482 
-0.781245 0.593521 0.193364 
-0.81457 0.544464 0.200087 
-0.844922 0.493479 0.206364 
-0.846708 0.4624 0.263196 
-0.872507 0.40866 0.26782 
-0.895379 0.35331 0.27105 
-0.915244 0.296506 0.272788 
-0.931991 0.23841 0.273044 
-0.923662 0.203506 0.324705 
-0.935498 0.144266 0.322537 
-0.944048 0.0844115 0.318824 
-0.949094 0.0236571 0.314102 
-0.948405 -0.0392799 0.314618 
-0.942705 -0.0999802 0.318294 
-0.933999 -0.161829 0.318525 
-0.921738 -0.224397 0.316297 
-0.929249 -0.257142 0.265283 
-0.906238 -0.285948 0.311395 
-0.887801 -0.343693 0.30608 
-0.866424 -0.399274 0.299818 
-0.841582 -0.453095 0.294013 
-0.842629 -0.48317 0.237747 
-0.812767 -0.53426 0.232327 
-0.779746 -0.583606 0.226715 
-0.7424 -0.631574 0.223509 
-0.704495 -0.665642 0.246184 
-0.663408 -0.708959 0.239306 
-0.615845 -0.750929 0.238412 
-0.564361 -0.79001 0.239544 
-0.510393 -0.825005 0.242622 
-0.456167 -0.854555 0.24829 
-0.399567 -0.881682 0.250963 
-0.341963 -0.904788 0.253811 
-0.283437 -0.924296 0.255616 
-0.22446 -0.940108 0.256545 
-0.165281 -0.952388 0.256201 
-0.106181 -0.96121 0.25456 
-0.047403 -0.966639 0.251718 
-0.00756254 -0.952965 0.302985 
0.0529957 -0.953019 0.298239 
0.114267 -0.949653 0.291724 
0.177233 -0.942581 0.283072 
0.232522 -0.942999 0.238089 
0.288568 -0.926309 0.242239 
0.342722 -0.906392 0.246972 
0.397373 -0.883109 0.249427 
0.45103 -0.85675 0.250101 
0.503873 -0.826844 0.249881 
0.518905 -0.800037 0.30113 
0.570075 -0.764691 0.300439 
0.618934 -0.725916 0.299944 
0.664982 -0.684215 0.299413 
0.707713 -0.640196 0.298819 
0.74718 -0.594299 0.297541 
0.783548 -0.546806 0.295051 
0.816929 -0.497893 0.291084 
0.847393 -0.447618 0.285592 
0.874932 -0.395951 0.278777 
0.899464 -0.342797 0.271026 
0.920852 -0.288028 0.262815 
0.938922 -0.23153 0.254596 
0.957697 -0.208359 0.198503 
0.963088 -0.111077 0.245202 
0.977156 -0.0839736 0.19523 
0.965477 -0.0556189 0.254482 
0.989209 0.00543589 0.146411 
0.987085 0.0674586 0.1453 
0.980836 0.130408 0.144755 
0.967391 0.160362 0.196059 
0.970337 0.193335 0.145144 
0.95571 0.255943 0.145294 
0.917847 0.343316 0.199226 
0.894331 0.39919 0.20204 
0.867853 0.45278 0.204502 
0.83843 0.504473 0.206258 
0.806107 0.554425 0.20689 
0.771004 0.602536 0.206163 
0.733249 0.648607 0.204095 
0.692938 0.692459 0.20084 
0.650159 0.733933 0.196558 
0.604983 0.77288 0.191447 
0.557456 0.809156 0.185767 
0.507597 0.842608 0.179879 
0.455474 0.872953 0.174634 
0.403158 0.899391 0.168995 
0.351846 0.92153 0.164279 
0.298471 0.939237 0.169556 
0.24139 0.954695 0.174033 
0.18254 0.966825 0.178684 
0.156548 0.95951 0.234164 
0.0962075 0.966127 0.239464 
0.0358607 0.969179 0.243736 
-0.0246055 0.968774 0.246721 
-0.0571869 0.979242 0.194462 
-0.117694 0.973607 0.195542 
-0.177993 0.964461 0.195276 
-0.237799 0.951792 0.193761 
-0.296822 0.935599 0.191185 
-0.354679 0.915964 0.18765 
-0.41106 0.892929 0.183599 
-0.465404 0.866914 0.17849 
-0.5181 0.837546 0.17346 
-0.56869 0.805386 0.167168 
-0.618443 0.767965 0.16661 
-0.663412 0.727949 0.173129 
-0.70561 0.685433 0.179713 
-0.733619 0.66724 0.128815 
-0.7719 0.621169 0.135344 
-0.807101 0.573083 0.141998 
-0.839258 0.523054 0.148528 
-0.868409 0.471128 0.154611 
-0.872341 0.440635 0.211807 
-0.896839 0.386011 0.216046 
-0.918356 0.329732 0.218858 
-0.93678 0.271953 0.220191 
-0.951977 0.212817 0.22011 
-0.945506 0.179168 0.271878 
-0.955685 0.118878 0.269323 
-0.962301 0.0572566 0.265894 
-0.964314 -0.00688319 0.264672 
-0.961428 -0.0706278 0.265833 
-0.954198 -0.132506 0.268233 
-0.943512 -0.194575 0.268189 
-0.949725 -0.225507 0.217184 
-0.93349 -0.287752 0.214 
-0.912059 -0.319981 0.256437 
-0.892444 -0.376019 0.249308 
-0.869327 -0.430366 0.243013 
-0.867175 -0.462081 0.185708 
-0.838421 -0.514243 0.180566 
-0.806382 -0.564766 0.175462 
-0.770323 -0.613924 0.172335 
-0.729091 -0.661227 0.176647 
-0.689249 -0.699897 0.187297 
-0.644783 -0.741207 0.186724 
-0.596043 -0.780572 0.188257 
-0.543872 -0.817243 0.190572 
-0.489362 -0.850266 0.193838 
-0.43395 -0.878862 0.198216 
-0.376666 -0.904358 0.20065 
-0.318441 -0.92603 0.202642 
-0.259526 -0.944041 0.203548 
-0.200357 -0.958391 0.203332 
-0.141213 -0.969198 0.201777 
-0.0822708 -0.976542 0.198992 
-0.0235917 -0.98049 0.195146 
0.0108329 -0.968761 0.247758 
0.0682694 -0.967713 0.242632 
0.124636 -0.963627 0.236409 
0.179394 -0.957022 0.227872 
0.211533 -0.96109 0.177653 
0.26748 -0.945501 0.185695 
0.323529 -0.926924 0.190107 
0.378375 -0.905017 0.194359 
0.432659 -0.879914 0.196362 
0.486167 -0.851316 0.19724 
0.538577 -0.81908 0.197592 
0.555564 -0.793142 0.249551 
0.605385 -0.755933 0.249148 
0.652796 -0.71562 0.248488 
0.697376 -0.672636 0.247443 
0.73878 -0.627494 0.245877 
0.776976 -0.58059 0.24336 
0.812044 -0.532153 0.239578 
0.844068 -0.482266 0.234453 
0.873085 -0.43092 0.2281 
0.899067 -0.378027 0.220849 
0.921927 -0.323439 0.213162 
0.941534 -0.266979 0.205513 
0.958646 -0.242346 0.149216 
0.969819 -0.146544 0.194875 
0.982577 -0.118202 0.143422 
0.979537 -0.0249482 0.199713 
0.995397 -0.0259783 0.0922528 
0.994979 0.0360766 0.0933565 
0.990684 0.0991277 0.093372 
0.982233 0.162554 0.0937752 
0.969657 0.225545 0.0943092 
0.953094 0.287673 0.0941069 
0.937213 0.316805 0.14583 
0.915371 0.374748 0.147171 
0.890555 0.429845 0.148815 
0.862788 0.482601 0.150643 
0.831974 0.533592 0.151979 
0.798205 0.582877 0.152061 
0.76167 0.630201 0.150687 
0.722488 0.675348 0.148042 
0.680772 0.71814 0.144309 
0.636631 0.758413 0.139681 
0.590156 0.796019 0.134422 
0.541378 0.830842 0.128881 
0.490316 0.862749 0.123508 
0.437587 0.891445 0.117658 
0.382961 0.916966 0.111868 
0.325235 0.938965 0.112102 
0.267937 0.956251 0.11745 
0.209731 0.970092 0.122211 
0.15077 0.980389 0.126909 
0.123148 0.975246 0.183658 
0.0633908 0.980067 0.188285 
0.00324865 0.981389 0.192003 
-0.0286793 0.989808 0.139491 
-0.0892566 0.9859 0.141541 
-0.149851 0.978437 0.142145 
-0.210121 0.9674 0.141375 
-0.269718 0.952802 0.13936 
-0.328248 0.934722 0.13619 
-0.385371 0.913249 0.132156 
-0.44075 0.888565 0.127244 
-0.494641 0.860452 0.122285 
-0.546881 0.829008 0.116904 
-0.598492 0.792869 0.114738 
-0.64766 0.752943 0.11668 
-0.692249 0.71118 0.122533 
-0.718059 0.6923 0.0715047 
-0.758434 0.647136 0.0774117 
-0.795634 0.599971 0.0836773 
-0.8297 0.550884 0.0901386 
-0.860679 0.499911 0.0965396 
-0.888613 0.447055 0.102511 
-0.89459 0.41733 0.159826 
-0.917792 0.36171 0.163778 
-0.937926 0.304382 0.166273 
-0.954845 0.245497 0.167336 
-0.96839 0.185168 0.167134 
-0.963807 0.152404 0.218743 
-0.972058 0.0905468 0.216574 
-0.976163 0.0266427 0.215398 
-0.975828 -0.0379723 0.215214 
-0.971052 -0.101641 0.216165 
-0.962214 -0.163743 0.217559 
-0.966926 -0.193707 0.165928 
-0.952858 -0.25444 0.165294 
-0.93492 -0.315104 0.1632 
-0.914122 -0.353727 0.198137 
-0.892628 -0.408357 0.190944 
-0.88729 -0.441704 0.132713 
-0.859703 -0.494518 0.127918 
-0.82873 -0.545911 0.123235 
-0.793915 -0.596021 0.120246 
-0.75467 -0.644714 0.121723 
-0.712993 -0.689704 0.126293 
-0.670506 -0.729941 0.132699 
-0.624085 -0.769637 0.134819 
-0.574294 -0.806985 0.137702 
-0.521501 -0.841551 0.140816 
-0.466373 -0.872765 0.144144 
-0.409928 -0.9001 0.147577 
-0.351898 -0.924025 0.149487 
-0.293012 -0.944185 0.15053 
-0.233653 -0.960632 0.150311 
-0.174254 -0.973402 0.148745 
-0.11499 -0.982591 0.145919 
-0.0558396 -0.988271 0.142137 
0.00320605 -0.990498 0.137491 
0.0347846 -0.981119 0.190252 
0.0929149 -0.97846 0.184342 
0.150974 -0.972561 0.177006 
0.182538 -0.975311 0.124292 
0.242717 -0.96177 0.12683 
0.299591 -0.944719 0.133233 
0.355821 -0.924351 0.137721 
0.410871 -0.900657 0.141427 
0.465233 -0.873468 0.143571 
0.518622 -0.842655 0.144786 
0.57054 -0.808314 0.145304 
0.589369 -0.783338 0.197549 
0.63802 -0.744381 0.197049 
0.684104 -0.702566 0.195968 
0.727265 -0.65832 0.194167 
0.767243 -0.612108 0.191472 
0.803996 -0.564241 0.187676 
0.837594 -0.514825 0.182732 
0.868098 -0.463874 0.176711 
0.895521 -0.41132 0.169874 
0.919823 -0.357023 0.162664 
0.940914 -0.300792 0.15558 
0.956263 -0.275212 0.099098 
0.972046 -0.214692 0.0950477 
0.972693 -0.181104 0.145152 
0.991799 -0.0890046 0.0917258 
0.988021 -0.0555139 0.143989 
0.999177 0.00449186 0.0403068 
0.996857 0.0675749 0.0413415 
-0.995 -0.0993602 0.0101191 
0.99049 0.130995 0.0420753 
0.980028 0.194191 0.0428346 
0.965532 0.256688 0.0431141 
0.947132 0.318084 0.0419967 
0.932936 0.347626 0.0937338 
0.909738 0.404488 0.093633 
0.883758 0.458329 0.0943691 
0.854728 0.510091 0.0961632 
0.822473 0.560428 0.097252 
0.787262 0.608992 0.0966842 
0.749253 0.655479 0.0946929 
0.708583 0.699669 0.091509 
0.665395 0.741366 0.087325 
0.61982 0.780406 0.0824037 
0.571877 0.816702 0.0771639 
0.521478 0.850219 0.0720224 
0.468919 0.880727 0.0665982 
0.414026 0.908199 0.0612974 
0.355904 0.932646 0.0591877 
0.296762 0.953014 0.0608002 
0.238221 0.969012 0.0653146 
0.179304 0.981314 0.0698091 
0.11999 0.989983 0.0744012 
0.091373 0.987073 0.131675 
0.0315772 0.990196 0.136072 
0.000401873 0.996516 0.0834025 
-0.060085 0.994428 0.0866138 
-0.120887 0.988733 0.0882761 
-0.1816 0.979393 0.0883802 
-0.241796 0.966416 0.0870331 
-0.301019 0.949884 0.0843053 
-0.358847 0.929928 0.0803955 
-0.415022 0.906663 0.0756187 
-0.469827 0.879909 0.0708746 
-0.523226 0.849622 0.0661559 
-0.575799 0.815114 0.0635945 
-0.626647 0.776701 0.0636407 
-0.674362 0.735423 0.0662492 
-0.698474 0.715472 0.0152792 
-0.741039 0.671161 0.0200818 
-0.78028 0.624904 0.0256456 
-0.816308 0.576748 0.03168 
-0.849171 0.526748 0.0380103 
-0.878918 0.474906 0.0443588 
-0.905583 0.421176 0.0503069 
-0.913526 0.392296 0.107586 
-0.935386 0.335643 0.111342 
-0.954066 0.277209 0.113634 
-0.969387 0.21715 0.114605 
-0.981153 0.155537 0.114659 
-0.978361 0.123349 0.166117 
-0.984413 0.0598008 0.165394 
-0.986275 -0.00466351 0.165046 
-0.983881 -0.0689921 0.164978 
-0.977335 -0.132123 0.165409 
-0.98019 -0.162318 0.113489 
-0.968156 -0.223253 0.113275 
-0.952474 -0.283039 0.112614 
-0.932656 -0.342192 0.11427 
-0.911277 -0.387977 0.138012 
-0.902407 -0.423712 0.0782954 
-0.876355 -0.475966 0.0738741 
-0.846834 -0.527256 0.0698134 
-0.813653 -0.577463 0.0671244 
-0.776528 -0.626447 0.0675855 
-0.736286 -0.673025 0.0701488 
-0.69371 -0.716389 0.0745267 
-0.649238 -0.756404 0.0796478 
-0.601451 -0.794578 0.0830817 
-0.550752 -0.830143 0.0868038 
-0.497308 -0.862838 0.0905213 
-0.441461 -0.892362 0.0938174 
-0.384027 -0.91827 0.0964553 
-0.325215 -0.940589 0.0976085 
-0.265743 -0.959103 0.0974809 
-0.206145 -0.97382 0.0958065 
-0.146699 -0.984817 0.0928167 
-0.0872815 -0.992199 0.0890129 
-0.027857 -0.996031 0.0845313 
0.0316359 -0.996331 0.0795212 
0.062216 -0.989284 0.132084 
0.121424 -0.98457 0.12601 
0.152454 -0.9857 0.0717935 
0.21351 -0.974272 0.0721584 
0.273115 -0.959025 0.0753625 
0.33029 -0.940411 0.0808483 
0.386447 -0.918368 0.0852029 
0.441512 -0.892845 0.0888539 
0.495757 -0.863653 0.0912589 
0.548809 -0.830806 0.0925755 
0.600092 -0.794514 0.0929387 
0.620485 -0.770669 0.14515 
0.668019 -0.73003 0.144246 
0.712764 -0.686788 0.142443 
0.754406 -0.641396 0.139579 
0.79278 -0.594228 0.135621 
0.82792 -0.545406 0.13069 
0.859894 -0.494968 0.124856 
0.888741 -0.442875 0.118327 
0.914459 -0.389012 0.111506 
0.937 -0.333205 0.104903 
0.950549 -0.306812 0.0482026 
0.967962 -0.247152 0.0443369 
0.981752 -0.185498 0.0418754 
0.983983 -0.152273 0.0926894 
0.991643 -0.12251 0.0404345 
0.997464 -0.0589165 0.0399324 
-0.997998 -0.00379196 0.0631267 
-0.999293 -0.0358904 0.0112196 
-0.995743 -0.0677794 0.0624603 
-0.986667 -0.16249 0.00918768 
-0.97435 -0.22488 0.00846783 
-0.958056 -0.28645 0.00866503 
-0.937834 -0.346899 0.0113664 
0.925418 0.376825 0.0400578 
0.901114 0.431894 0.038221 
0.874138 0.484098 0.0391302 
0.843734 0.535145 0.0416279 
0.810057 0.584832 0.0421836 
0.773336 0.632669 0.0410009 
0.733768 0.678312 0.0384422 
0.691556 0.721488 0.0347255 
0.64692 0.761964 0.0300968 
0.599891 0.799687 0.0251133 
0.550213 0.834776 0.0203763 
0.498107 0.866978 0.0154662 
0.443517 0.896202 0.0107187 
0.386079 0.922432 0.00786408 
0.326921 0.945024 0.00721542 
0.267386 0.963547 0.00907047 
0.208232 0.977995 0.0128871 
0.148913 0.988703 0.0170708 
0.0893785 0.995765 0.0215448 
0.0603738 0.99504 0.0790631 
0.0296307 0.999218 0.0261949 
-0.0304442 0.999067 0.0306234 
-0.0911563 0.995268 0.0336607 
-0.152171 0.987738 0.0348846 
-0.212919 0.976465 0.0343728 
-0.272815 0.961528 0.0321916 
-0.33128 0.943104 0.0284497 
-0.388024 0.921345 0.023684 
-0.443505 0.896067 0.0191593 
-0.497741 0.867197 0.0149303 
-0.551058 0.834377 0.0122772 
-0.602864 0.797761 0.0115063 
-0.652257 0.757896 0.0124298 
0.675198 -0.736603 0.0390392 
0.719914 -0.693123 0.0361057 
0.761199 -0.647746 0.0316449 
0.799182 -0.60051 0.0263673 
0.833941 -0.551473 0.0205014 
0.865526 -0.500662 0.0142175 
0.893979 -0.448041 0.00782606 
0.919316 -0.393515 0.00179144 
-0.929169 0.365489 0.0553467 
-0.949618 0.307803 0.0590143 
-0.96676 0.248242 0.0612441 
-0.980379 0.186994 0.0623719 
-0.990253 0.124227 0.062975 
-0.989113 0.0923708 0.11456 
-0.996165 0.0604285 0.0632764 
-0.99303 0.0282069 0.114434 
-0.992807 -0.0361545 0.114136 
-0.988477 -0.0998994 0.113725 
-0.989468 -0.131006 0.0615633 
-0.979263 -0.193227 0.0608947 
-0.965237 -0.25431 0.0603631 
-0.947239 -0.314653 0.0610952 
-0.925211 -0.373446 0.0672515 
-0.914819 -0.403538 0.0162467 
-0.890004 -0.455552 0.0191147 
-0.861745 -0.507107 0.0154397 
-0.830045 -0.557545 0.0129712 
-0.79481 -0.606721 0.0129107 
-0.756412 -0.653931 0.0146688 
-0.715203 -0.698688 0.017864 
-0.671582 -0.740595 0.0222808 
-0.625665 -0.779619 0.0271494 
-0.576839 -0.816256 0.0313472 
-0.525366 -0.850127 0.0357036 
-0.4713 -0.881068 0.0399388 
-0.414666 -0.908952 0.0431009 
-0.356286 -0.933297 0.044908 
-0.29682 -0.953875 0.0449469 
-0.237173 -0.970508 0.0431629 
-0.177745 -0.98327 0.039843 
-0.118269 -0.992332 0.035905 
-0.0586923 -0.99778 0.0314789 
0.00102707 -0.999642 0.0267196 
0.0610555 -0.997892 0.0220176 
0.0914091 -0.993038 0.0742991 
0.121954 -0.99235 0.019176 
0.183099 -0.98292 0.018544 
0.243625 -0.969663 0.0199971 
0.302675 -0.952803 0.0235349 
0.35976 -0.932609 0.0285001 
0.415687 -0.908913 0.0328728 
0.470482 -0.881645 0.0367417 
0.524363 -0.850586 0.0393287 
0.576884 -0.815821 0.0405052 
0.627352 -0.777686 0.0404229 
0.649096 -0.755079 0.0923584 
0.695389 -0.712886 0.0907016 
0.73859 -0.668417 0.0877656 
0.778477 -0.622084 0.0835757 
0.81509 -0.573989 0.0785184 
0.84849 -0.524189 0.0727298 
0.878731 -0.472679 0.0663848 
0.905836 -0.41938 0.0598383 
0.929796 -0.364154 0.0535888 
-0.941514 0.336958 0.00334309 
-0.96048 0.278259 0.00704968 
-0.975994 0.217594 0.00937385 
-0.987809 0.155298 0.0107948 
-0.995703 0.0918786 0.0115921 
-0.999539 0.0279738 0.0117885 

