-0.0102964 0.0005522 0.999947 
-0.034796 0.0628682 0.997415 
-0.0505803 -0.0561006 0.997143 
0.0559611 -0.00317968 0.998428 
0.0312053 0.0597614 0.997725 
0.0114509 0.121262 0.992554 
-0.0569373 0.123683 0.990687 
-0.102642 0.0676184 0.992417 
-0.0774956 0.00633234 0.996973 
-0.0222606 -0.118232 0.992736 
0.0456402 -0.123251 0.991325 
0.0170113 -0.0616082 0.997955 
0.121577 -0.00735221 0.992555 
0.095776 0.0564354 0.993802 
0.0806773 0.118313 0.989693 
0.0488982 0.178203 0.982778 
-0.0187537 0.181373 0.983236 
-0.0860822 0.183031 0.979331 
-0.12578 0.126317 0.983983 
-0.145757 0.0181867 0.989153 
-0.118276 -0.0470701 0.991865 
-0.0901167 -0.110947 0.989732 
-0.0612592 -0.17356 0.982916 
0.00672189 -0.179604 0.983716 
0.0749446 -0.183651 0.98013 
0.113505 -0.126836 0.985408 
0.0840481 -0.0657576 0.99429 
0.186954 -0.0106977 0.98231 
0.158373 0.0525271 0.985981 
0.151239 0.114954 0.98179 
0.117172 0.173974 0.977754 
0.0816496 0.234861 0.968594 
0.0141767 0.238794 0.970967 
-0.0536034 0.240811 0.969091 
-0.122448 0.238556 0.963378 
-0.15441 0.17952 0.971561 
-0.173824 0.0852536 0.98108 
-0.209692 0.0262493 0.977415 
-0.183775 -0.0387651 0.982204 
-0.156722 -0.103022 0.982255 
-0.12853 -0.166276 0.977667 
-0.0996098 -0.228499 0.968435 
-0.0320862 -0.234982 0.97147 
0.0359561 -0.239744 0.97017 
0.104303 -0.242487 0.964531 
0.143361 -0.186114 0.972013 
0.181493 -0.129084 0.974883 
0.151053 -0.0693072 0.986093 
0.251845 -0.0107933 0.967707 
0.219334 0.0505022 0.974342 
0.222332 0.112943 0.968407 
0.185834 0.170477 0.967679 
0.148943 0.23028 0.961659 
0.110992 0.291291 0.950174 
0.0441534 0.29556 0.954303 
-0.0233702 0.297872 0.95432 
-0.0920473 0.296338 0.950637 
-0.16171 0.289009 0.94357 
-0.191779 0.227416 0.954727 
-0.209547 0.150887 0.966087 
-0.237007 0.0902766 0.967304 
-0.273513 0.0296884 0.96141 
-0.248327 -0.0327149 0.968124 
-0.222404 -0.0957848 0.970238 
-0.195108 -0.158612 0.967871 
-0.166641 -0.220852 0.960966 
-0.137566 -0.282422 0.949375 
-0.0704598 -0.289616 0.954546 
-0.00293581 -0.295033 0.955482 
0.064983 -0.298394 0.952228 
0.133137 -0.299764 0.944678 
0.172821 -0.243831 0.954295 
0.211661 -0.187313 0.959226 
0.248951 -0.129631 0.959802 
0.218029 -0.0709344 0.973361 
0.31524 -0.00844382 0.948974 
0.279886 0.0521887 0.958614 
0.292551 0.113503 0.94949 
0.254263 0.169395 0.952185 
0.216261 0.227248 0.949521 
0.177489 0.286501 0.941496 
0.138304 0.347058 0.92759 
0.0721328 0.351699 0.93333 
0.00526768 0.35431 0.935113 
-0.0626588 0.353379 0.933379 
-0.131511 0.347854 0.928279 
-0.199772 0.339215 0.919252 
-0.228987 0.278271 0.932808 
-0.25224 0.211956 0.944166 
-0.273907 0.151428 0.94976 
-0.300177 0.0909295 0.94954 
-0.337739 0.0319446 0.940697 
-0.31309 -0.0283183 0.949301 
-0.287761 -0.0895519 0.953506 
-0.261256 -0.151223 0.95335 
-0.233366 -0.212762 0.948827 
-0.20439 -0.273961 0.939771 
-0.175039 -0.334841 0.925874 
-0.10842 -0.343072 0.933031 
-0.0414724 -0.349395 0.936057 
0.025817 -0.353551 0.935059 
0.0933639 -0.355479 0.93001 
0.161062 -0.355453 0.920713 
0.201445 -0.300104 0.932393 
0.241027 -0.244278 0.939273 
0.279067 -0.187282 0.941832 
0.314908 -0.128592 0.940371 
0.283883 -0.0701377 0.95629 
0.377257 -0.00614456 0.926088 
0.34101 0.0542811 0.938491 
0.360415 0.114466 0.925742 
0.322062 0.1704 0.931257 
0.283425 0.226577 0.931844 
0.244207 0.283616 0.927321 
0.204198 0.341772 0.91733 
0.164378 0.401683 0.900905 
0.098892 0.406874 0.908116 
0.0327644 0.409956 0.911517 
-0.034259 0.409702 0.911576 
-0.10206 0.405432 0.90841 
-0.169856 0.398 0.901523 
-0.237268 0.387912 0.890633 
-0.266715 0.328277 0.906144 
-0.292888 0.266718 0.918193 
-0.316973 0.207162 0.925533 
-0.339485 0.14863 0.928794 
-0.362753 0.0911478 0.927417 
-0.403584 0.0456443 0.913803 
-0.378995 -0.0181177 0.925222 
-0.353576 -0.080469 0.931938 
-0.327379 -0.14237 0.934106 
-0.299965 -0.203791 0.931928 
-0.271222 -0.264635 0.925422 
-0.241522 -0.325053 0.914335 
-0.211806 -0.385396 0.898114 
-0.145858 -0.394971 0.907041 
-0.0795934 -0.40243 0.911984 
-0.0130078 -0.407622 0.913058 
0.0538187 -0.410432 0.910301 
0.12078 -0.410923 0.903634 
0.187827 -0.409443 0.892792 
0.228984 -0.354892 0.906432 
0.269341 -0.299993 0.915128 
0.308132 -0.243914 0.919544 
0.344809 -0.186214 0.920017 
0.378878 -0.126776 0.916722 
0.347849 -0.0680083 0.935081 
0.43796 -0.00442806 0.898984 
0.402394 0.0556822 0.913772 
0.425324 0.11532 0.897664 
0.388113 0.171888 0.905441 
0.349871 0.227605 0.908728 
0.310762 0.283112 0.907345 
0.270555 0.338827 0.901109 
0.229624 0.395584 0.889262 
0.189563 0.45485 0.870159 
0.124901 0.460747 0.878699 
0.0596038 0.464462 0.883585 
-0.00648502 0.465019 0.885277 
-0.0732442 0.461881 0.883912 
-0.140207 0.455503 0.879124 
-0.207097 0.446264 0.870609 
-0.273779 0.434044 0.858283 
-0.304252 0.374532 0.875875 
-0.332862 0.313257 0.889423 
-0.359911 0.251285 0.89851 
-0.385474 0.187901 0.903384 
-0.411663 0.122896 0.903012 
-0.459127 0.0593602 0.886385 
-0.441239 -0.00721727 0.89736 
-0.417477 -0.0704186 0.905955 
-0.392245 -0.132603 0.910253 
-0.365664 -0.194077 0.910288 
-0.337589 -0.25478 0.906157 
-0.308062 -0.314708 0.897807 
-0.277598 -0.37421 0.88482 
-0.2476 -0.43404 0.866201 
-0.182629 -0.445033 0.876694 
-0.117221 -0.453794 0.883363 
-0.0514392 -0.46019 0.886329 
0.0146096 -0.464127 0.885648 
0.0807974 -0.465562 0.88132 
0.147014 -0.464613 0.873225 
0.213253 -0.461563 0.861094 
0.25526 -0.408087 0.876532 
0.296423 -0.354379 0.886876 
0.335961 -0.29944 0.89301 
0.373439 -0.242896 0.895291 
0.408477 -0.184677 0.893891 
0.440811 -0.125013 0.888852 
0.410003 -0.0659628 0.909696 
0.497074 -0.00305769 0.867703 
0.463025 0.0567259 0.884528 
0.487275 0.116318 0.865467 
0.451706 0.173339 0.875166 
0.414668 0.2292 0.880635 
0.376323 0.284129 0.881846 
0.336684 0.338458 0.878687 
0.295637 0.392485 0.87095 
0.253968 0.447588 0.857418 
0.214215 0.506321 0.835315 
0.150651 0.513038 0.845042 
0.0863552 0.517484 0.851324 
0.0212616 0.518956 0.854536 
-0.0444889 0.516971 0.854846 
-0.110558 0.511699 0.852022 
-0.176694 0.503437 0.845772 
-0.2427 0.49227 0.835923 
-0.308201 0.478702 0.822105 
-0.339576 0.419994 0.841602 
-0.369438 0.360323 0.856553 
-0.397354 0.3001 0.867208 
-0.423133 0.239413 0.873865 
-0.447076 0.178975 0.876408 
-0.469971 0.119342 0.874577 
-0.518323 0.0812382 0.851317 
-0.499348 0.0114667 0.866326 
-0.479109 -0.0567314 0.87592 
-0.455392 -0.120857 0.88205 
-0.429901 -0.183166 0.884101 
-0.40279 -0.244216 0.882111 
-0.374011 -0.304115 0.876145 
-0.343655 -0.362979 0.86611 
-0.312354 -0.421376 0.851397 
-0.282387 -0.480715 0.830163 
-0.218764 -0.493103 0.842016 
-0.154417 -0.503172 0.850279 
-0.0895202 -0.510868 0.854985 
-0.0242691 -0.516077 0.856198 
0.0411645 -0.518718 0.853954 
0.106619 -0.518783 0.848231 
0.171977 -0.516404 0.838898 
0.237255 -0.511603 0.825816 
0.280136 -0.459569 0.842805 
0.322103 -0.407356 0.854582 
0.362358 -0.353778 0.862286 
0.400594 -0.298544 0.866254 
0.436519 -0.241627 0.866641 
0.469897 -0.183194 0.863503 
0.500567 -0.123501 0.856843 
0.470306 -0.0642868 0.880159 
0.554143 -0.00178485 0.832419 
0.521946 0.0577931 0.851018 
0.546203 0.117684 0.829345 
0.512451 0.174983 0.840699 
0.476986 0.231064 0.847994 
0.43992 0.285933 0.851301 
0.401351 0.339692 0.850604 
0.361247 0.392454 0.845861 
0.319513 0.444422 0.836899 
0.27737 0.497541 0.821899 
0.239636 0.555847 0.795995 
0.177757 0.563322 0.80689 
0.114566 0.568538 0.81464 
0.0503394 0.571028 0.819386 
-0.0146375 0.57029 0.821313 
-0.080021 0.566264 0.82033 
-0.145539 0.559137 0.816201 
-0.210972 0.549092 0.808696 
-0.276026 0.536393 0.797554 
-0.340569 0.52125 0.782504 
-0.373235 0.463154 0.803856 
-0.404689 0.404337 0.820206 
-0.434228 0.344431 0.832354 
-0.461735 0.283188 0.840598 
-0.487577 0.220498 0.844778 
-0.512316 0.155694 0.844566 
-0.57189 0.082756 0.816146 
-0.553674 0.0212868 0.832461 
-0.535608 -0.043662 0.843337 
-0.51509 -0.108843 0.850198 
-0.491516 -0.171934 0.853727 
-0.465817 -0.23344 0.853534 
-0.438216 -0.293558 0.849583 
-0.408776 -0.352311 0.84189 
-0.377613 -0.409788 0.830351 
-0.345478 -0.466703 0.814146 
-0.316965 -0.525496 0.789549 
-0.255418 -0.53876 0.802807 
-0.19204 -0.550051 0.812751 
-0.127737 -0.559115 0.819191 
-0.0629826 -0.565741 0.822174 
0.00195569 -0.569768 0.821803 
0.0668743 -0.571143 0.818122 
0.131587 -0.569886 0.811119 
0.195948 -0.566125 0.800691 
0.259949 -0.559361 0.787109 
0.303507 -0.509283 0.805304 
0.346169 -0.458933 0.818259 
0.387052 -0.406956 0.827392 
0.425977 -0.353181 0.83295 
0.462723 -0.297642 0.835043 
0.497071 -0.240495 0.833716 
0.52883 -0.181944 0.828996 
0.557888 -0.122216 0.820868 
0.528527 -0.0628706 0.846585 
0.608668 -0.00042363 0.793425 
0.578436 0.059121 0.813582 
0.601892 0.119591 0.789572 
0.569964 0.177161 0.802343 
0.53614 0.233515 0.811187 
0.500537 0.288571 0.816205 
0.463277 0.342282 0.817445 
0.424435 0.394614 0.814945 
0.383977 0.445505 0.808756 
0.341806 0.494987 0.798847 
0.299979 0.545654 0.78248 
0.282927 0.59732 0.75044 
0.215575 0.608616 0.763619 
0.149604 0.615867 0.773516 
0.0839553 0.620074 0.780038 
0.0183179 0.621011 0.783588 
-0.0472964 0.618556 0.784316 
-0.112789 0.612829 0.782125 
-0.178046 0.60405 0.776803 
-0.242898 0.592492 0.768085 
-0.307155 0.578296 0.755797 
-0.370691 0.561731 0.739626 
-0.404566 0.504548 0.76273 
-0.437449 0.447077 0.780231 
-0.468162 0.388507 0.793654 
-0.496541 0.328739 0.803354 
-0.522616 0.267946 0.809368 
-0.54656 0.206392 0.811588 
-0.566137 0.143512 0.811722 
-0.608734 0.0362438 0.792546 
-0.59056 -0.0299942 0.806436 
-0.571523 -0.0955114 0.815008 
-0.550135 -0.159886 0.819627 
-0.526057 -0.222385 0.820859 
-0.557964 -0.272992 0.783678 
-0.499733 -0.283241 0.81856 
-0.471351 -0.342546 0.812706 
-0.44098 -0.400277 0.803315 
-0.408644 -0.456476 0.790342 
-0.375062 -0.51214 0.772684 
-0.301631 -0.577814 0.758386 
-0.233794 -0.59223 0.771106 
-0.167448 -0.603623 0.779488 
-0.101722 -0.612194 0.784137 
-0.0363161 -0.61793 0.785394 
0.0288035 -0.620837 0.78341 
0.0935212 -0.620985 0.778224 
0.157573 -0.618488 0.769833 
0.220516 -0.613571 0.758224 
0.281503 -0.605114 0.74471 
0.324898 -0.557691 0.763821 
0.367977 -0.509606 0.777749 
0.409389 -0.459407 0.788255 
0.448987 -0.407157 0.795383 
0.48656 -0.352989 0.799161 
0.521889 -0.297096 0.799603 
0.554757 -0.239684 0.796741 
0.584981 -0.180948 0.790604 
0.612472 -0.121081 0.781164 
0.584336 -0.061587 0.809172 
0.660196 0.00116425 0.751093 
0.631967 0.060854 0.772603 
0.65412 0.122062 0.746477 
0.623912 0.180025 0.760477 
0.591587 0.236839 0.77067 
0.557273 0.292415 0.777136 
0.521069 0.346662 0.779944 
0.483042 0.399511 0.779141 
0.443127 0.450879 0.77482 
0.401001 0.500702 0.767135 
0.355498 0.549071 0.756401 
0.304199 0.639044 0.70646 
0.243439 0.650768 0.719193 
0.180233 0.659738 0.729563 
0.11595 0.665649 0.737202 
0.0510596 0.668384 0.742061 
-0.0141192 0.667753 0.744249 
-0.0793161 0.663741 0.743745 
-0.144326 0.656502 0.740389 
-0.208974 0.646293 0.733918 
-0.273075 0.63337 0.724066 
-0.336382 0.617832 0.710726 
-0.398822 0.599823 0.693652 
-0.433758 0.54362 0.718562 
-0.468202 0.48754 0.736948 
-0.500304 0.430069 0.751489 
-0.530005 0.371027 0.762518 
-0.557349 0.310327 0.770103 
-0.582462 0.247738 0.774186 
-0.604588 0.181961 0.775477 
-0.619509 0.111362 0.77705 
-0.656256 0.0490807 0.752941 
-0.642237 -0.0180346 0.766294 
-0.624842 -0.0832377 0.776301 
-0.605218 -0.147738 0.782231 
-0.582943 -0.211123 0.784605 
-0.613236 -0.261424 0.745385 
-0.586958 -0.32271 0.742522 
-0.530518 -0.333392 0.779359 
-0.500651 -0.392376 0.771615 
-0.468099 -0.450029 0.760498 
-0.431498 -0.50679 0.746306 
-0.373148 -0.563238 0.73724 
-0.334478 -0.613371 0.715472 
-0.268522 -0.630508 0.728255 
-0.202762 -0.644468 0.737258 
-0.137149 -0.655164 0.742934 
-0.0715216 -0.662714 0.745449 
-0.00579433 -0.667172 0.744881 
0.0601141 -0.668567 0.741218 
0.126374 -0.666936 0.73432 
0.193445 -0.662158 0.723965 
0.262859 -0.653581 0.709744 
0.336424 -0.609984 0.717452 
0.383501 -0.562328 0.732608 
0.427004 -0.512857 0.744745 
0.468114 -0.461502 0.753582 
0.506996 -0.408285 0.759117 
0.543599 -0.353358 0.76134 
0.577771 -0.296895 0.760286 
0.60933 -0.239066 0.756019 
0.638116 -0.18002 0.748599 
0.664073 -0.119899 0.737992 
0.637379 -0.0603036 0.768187 
0.708407 0.00305111 0.705797 
0.682194 0.0630104 0.728451 
0.702866 0.124787 0.700291 
0.67432 0.183143 0.715368 
0.643412 0.240447 0.726778 
0.610305 0.296605 0.734543 
0.575074 0.351504 0.738739 
0.537762 0.405046 0.739426 
0.498292 0.457127 0.736709 
0.456261 0.507594 0.730872 
0.410349 0.556214 0.722661 
0.35258 0.599142 0.71883 
0.355218 0.651217 0.670625 
0.286176 0.686651 0.668292 
0.218258 0.698643 0.681368 
0.151863 0.707194 0.690518 
0.0860724 0.712115 0.696766 
0.0205259 0.713515 0.70034 
-0.0448043 0.711425 0.701333 
-0.109833 0.705947 0.699697 
-0.174445 0.697289 0.695239 
-0.238507 0.685736 0.687663 
-0.301821 0.671561 0.67669 
-0.364081 0.65475 0.66238 
-0.425201 0.635382 0.644588 
-0.460727 0.580357 0.671503 
-0.496597 0.526138 0.69034 
-0.529838 0.470301 0.705755 
-0.560536 0.412823 0.717897 
-0.588638 0.353757 0.726885 
-0.614129 0.293228 0.73271 
-0.636521 0.231252 0.735774 
-0.655317 0.168828 0.736246 
-0.669273 0.109095 0.734964 
-0.690362 -0.00184195 0.723462 
-0.675418 -0.0692278 0.734179 
-0.657388 -0.134592 0.741435 
-0.63672 -0.198678 0.74506 
-0.665431 -0.248704 0.703809 
-0.64057 -0.310606 0.702277 
-0.61276 -0.371065 0.697736 
-0.557942 -0.38256 0.736443 
-0.52592 -0.441015 0.727265 
-0.489602 -0.498117 0.71566 
-0.443503 -0.552782 0.705505 
-0.402055 -0.600493 0.691202 
-0.362066 -0.649217 0.668899 
-0.29929 -0.667122 0.682183 
-0.235423 -0.682504 0.691928 
-0.170873 -0.694959 0.698452 
-0.105907 -0.704182 0.702076 
-0.0406609 -0.710172 0.702853 
0.0247673 -0.712919 0.700809 
0.090288 -0.712421 0.69592 
0.155779 -0.708675 0.688123 
0.22092 -0.701353 0.677716 
0.284296 -0.69215 0.663403 
0.334578 -0.656739 0.675834 
0.392586 -0.613543 0.685158 
0.439773 -0.56535 0.697839 
0.483097 -0.515067 0.708042 
0.523689 -0.462819 0.715227 
0.56183 -0.408801 0.719186 
0.597501 -0.353213 0.719884 
0.630559 -0.296246 0.717379 
0.660831 -0.23804 0.711786 
0.688178 -0.178707 0.703189 
0.712555 -0.118348 0.691563 
0.687365 -0.0588478 0.723924 
0.753139 0.00520259 0.657841 
0.728993 0.0654213 0.681388 
0.748217 0.127363 0.651114 
0.721349 0.185963 0.667139 
0.69187 0.243628 0.679678 
0.660007 0.300253 0.68865 
0.625817 0.355689 0.694146 
0.589322 0.409815 0.696241 
0.550435 0.462515 0.695055 
0.508741 0.513618 0.690926 
0.46291 0.562757 0.684849 
0.408754 0.608368 0.6803 
0.359637 0.693397 0.62439 
0.305775 0.722827 0.619696 
0.245099 0.735195 0.631993 
0.182307 0.74521 0.641426 
0.118348 0.752066 0.648375 
0.0537952 0.755448 0.652997 
-0.010999 0.755343 0.655237 
-0.0757656 0.751768 0.655061 
-0.140287 0.744839 0.65233 
-0.204382 0.734776 0.646786 
-0.267864 0.721892 0.638061 
-0.330433 0.706493 0.625845 
-0.391531 0.688478 0.610493 
-0.450973 0.667866 0.592097 
-0.485657 0.614466 0.621746 
-0.522844 0.562528 0.640466 
-0.557101 0.508441 0.656602 
-0.588882 0.452384 0.669751 
-0.618096 0.394354 0.680031 
-0.644723 0.334319 0.687433 
-0.668573 0.271997 0.692118 
-0.689452 0.207027 0.694115 
-0.708874 0.139426 0.691418 
-0.70583 0.0654032 0.705356 
-0.735362 0.0102233 0.677597 
-0.722123 -0.0554841 0.689536 
-0.706242 -0.121064 0.697543 
-0.687318 -0.185479 0.702276 
-0.714526 -0.23467 0.659076 
-0.69114 -0.297185 0.658791 
-0.664639 -0.358328 0.655634 
-0.634937 -0.417998 0.649717 
-0.581875 -0.429997 0.690307 
-0.547273 -0.487194 0.680539 
-0.507508 -0.54169 0.670081 
-0.467578 -0.59145 0.65693 
-0.427106 -0.638238 0.640494 
-0.386843 -0.683406 0.619119 
-0.327813 -0.702325 0.631885 
-0.266308 -0.718142 0.642924 
-0.203251 -0.731784 0.650523 
-0.139169 -0.742478 0.655255 
-0.0744027 -0.749969 0.657275 
-0.00913598 -0.754144 0.656645 
0.0565566 -0.754917 0.653378 
0.122725 -0.752194 0.647412 
0.189639 -0.745755 0.63866 
0.257846 -0.735507 0.626534 
0.332711 -0.706842 0.624242 
0.389787 -0.662611 0.639541 
0.446057 -0.616265 0.649038 
0.493422 -0.567123 0.659474 
0.536436 -0.51586 0.667926 
0.576451 -0.462751 0.673473 
0.613814 -0.408017 0.675836 
0.648513 -0.351912 0.674973 
0.680395 -0.294585 0.67103 
0.709309 -0.236135 0.66417 
0.735137 -0.176649 0.654499 
0.757841 -0.116199 0.642008 
0.734118 -0.0570518 0.676621 
0.794316 0.00751801 0.607458 
0.772375 0.0678533 0.631532 
0.790322 0.129315 0.598889 
0.765186 0.187898 0.615779 
0.737177 0.245745 0.629428 
0.706632 0.302703 0.639565 
0.673603 0.358543 0.646302 
0.638106 0.413094 0.649749 
0.600087 0.466197 0.650043 
0.559239 0.517629 0.647542 
0.514662 0.566944 0.643193 
0.464636 0.612909 0.639105 
0.41366 0.655267 0.632069 
0.409135 0.703515 0.581098 
0.350532 0.740969 0.572793 
0.285062 0.766216 0.575893 
0.219763 0.778452 0.587977 
0.154493 0.787673 0.596408 
0.0891571 0.793289 0.602282 
0.023842 0.795274 0.605781 
-0.0413622 0.793662 0.606952 
-0.106343 0.78852 0.605745 
-0.170991 0.779986 0.601983 
-0.235226 0.768275 0.595334 
-0.298983 0.753693 0.585283 
-0.36207 0.736527 0.571343 
-0.423855 0.716216 0.554421 
-0.509078 0.645886 0.56892 
-0.54623 0.597817 0.586727 
-0.580946 0.546043 0.603605 
-0.613603 0.49185 0.617717 
-0.643754 0.435575 0.62917 
-0.671212 0.377474 0.637956 
-0.695776 0.317752 0.64415 
-0.71724 0.256809 0.647777 
-0.735561 0.195448 0.648653 
-0.753595 0.135571 0.643207 
-0.748135 0.0772008 0.659041 
-0.776662 0.0285902 0.629269 
-0.766152 -0.0396605 0.641434 
-0.751892 -0.105796 0.650742 
-0.734789 -0.17087 0.656421 
-0.760352 -0.219262 0.611382 
-0.738572 -0.282229 0.612257 
-0.713535 -0.343908 0.610406 
-0.685211 -0.404164 0.605918 
-0.653425 -0.462821 0.599026 
-0.601672 -0.47604 0.641387 
-0.564211 -0.531969 0.631407 
-0.524443 -0.585009 0.618648 
-0.482284 -0.635568 0.602873 
-0.437611 -0.684689 0.582836 
-0.372059 -0.727449 0.576533 
-0.304994 -0.747541 0.590053 
-0.239751 -0.763736 0.599355 
-0.174743 -0.776544 0.605346 
-0.109588 -0.785892 0.608575 
-0.0441937 -0.791737 0.609261 
0.0214528 -0.794019 0.607515 
0.0873593 -0.792643 0.603394 
0.15355 -0.78746 0.596933 
0.219909 -0.778482 0.587883 
0.286272 -0.763704 0.578623 
0.344807 -0.74276 0.573948 
0.396211 -0.70351 0.589991 
0.448449 -0.661755 0.600811 
0.499668 -0.615681 0.609319 
0.545536 -0.566159 0.617944 
0.587639 -0.514282 0.624655 
0.626822 -0.460496 0.628521 
0.663258 -0.405299 0.629144 
0.69683 -0.348896 0.626658 
0.727392 -0.291392 0.621282 
0.754817 -0.232875 0.613205 
0.779008 -0.173433 0.60255 
0.799928 -0.113147 0.589333 
0.777562 -0.0548571 0.626409 
0.831916 0.00994857 0.554812 
0.81243 0.0700184 0.57884 
0.829588 0.129307 0.543198 
0.806228 0.187623 0.561065 
0.779655 0.245663 0.57601 
0.750419 0.30306 0.587389 
0.71856 0.359441 0.595377 
0.684068 0.414581 0.600145 
0.646898 0.468304 0.601842 
0.606809 0.520396 0.600809 
0.563127 0.570479 0.597864 
0.514824 0.617799 0.594374 
0.512412 0.665425 0.54281 
0.458085 0.70828 0.53712 
0.398365 0.748228 0.530527 
0.329318 0.783553 0.526872 
0.257305 0.805504 0.533814 
0.19018 0.818121 0.542687 
0.124066 0.826365 0.549298 
0.0583076 0.83068 0.553688 
-0.00723449 0.83119 0.555941 
-0.0725598 0.827991 0.556027 
-0.137608 0.821183 0.553825 
-0.202322 0.810898 0.5491 
-0.266697 0.797311 0.541449 
-0.330821 0.780681 0.530184 
-0.394673 0.761277 0.514481 
-0.456956 0.737502 0.497275 
-0.485224 0.691676 0.534922 
-0.55477 0.644043 0.526725 
-0.596045 0.588434 0.54633 
-0.632402 0.53306 0.562063 
-0.6651 0.476618 0.574871 
-0.694568 0.418742 0.585004 
-0.720937 0.359305 0.59258 
-0.744228 0.298303 0.597612 
-0.764518 0.235801 0.599925 
-0.782918 0.172017 0.597871 
-0.792451 0.10133 0.601459 
-0.813157 0.0418387 0.580538 
-0.806193 -0.0240681 0.591163 
-0.79408 -0.0900188 0.60111 
-0.778835 -0.155122 0.607744 
-0.802894 -0.201434 0.561057 
-0.78279 -0.265225 0.562934 
-0.759301 -0.327595 0.562266 
-0.732436 -0.388526 0.559093 
-0.702104 -0.447905 0.553562 
-0.668196 -0.505515 0.545865 
-0.617959 -0.519518 0.590108 
-0.579716 -0.573628 0.578689 
-0.538988 -0.625024 0.564657 
-0.4961 -0.673533 0.54794 
-0.448975 -0.718622 0.531041 
-0.397959 -0.752588 0.524633 
-0.335885 -0.773585 0.537352 
-0.27255 -0.791937 0.5464 
-0.208533 -0.806636 0.55304 
-0.143908 -0.817839 0.557163 
-0.0787802 -0.825463 0.558932 
-0.0132254 -0.829424 0.558463 
0.0527504 -0.829597 0.555865 
0.119253 -0.825788 0.551229 
0.186575 -0.817758 0.544483 
0.255751 -0.804482 0.536097 
0.326567 -0.784849 0.526656 
0.395637 -0.746036 0.535632 
0.450225 -0.70508 0.547868 
0.50161 -0.661286 0.557752 
0.550435 -0.613821 0.565901 
0.595093 -0.563279 0.573219 
0.636419 -0.510282 0.578432 
0.674817 -0.455857 0.580359 
0.710229 -0.400256 0.579111 
0.742554 -0.343559 0.574961 
0.771688 -0.285844 0.568146 
0.79753 -0.227214 0.558856 
0.819997 -0.167804 0.547217 
0.839055 -0.107825 0.533254 
0.817715 -0.0521227 0.573259 
0.866163 0.0121416 0.499614 
0.84952 0.0708227 0.522781 
0.867335 0.120528 0.482911 
0.845371 0.181166 0.50252 
0.819841 0.240889 0.519454 
0.791764 0.299594 0.532309 
0.761044 0.357021 0.541615 
0.727591 0.413054 0.54772 
0.691348 0.467587 0.550817 
0.652131 0.520458 0.551225 
0.609447 0.571366 0.54965 
0.562621 0.619786 0.547105 
0.559787 0.665214 0.494094 
0.50801 0.708534 0.489801 
0.453426 0.748118 0.484484 
0.39766 0.782949 0.47839 
0.343214 0.811794 0.472434 
0.283995 0.829532 0.480857 
0.220651 0.844765 0.48753 
0.156257 0.855162 0.494249 
0.0913187 0.861665 0.499194 
0.0261345 0.864312 0.502277 
-0.0391032 0.863142 0.503445 
-0.104246 0.85822 0.502585 
-0.169174 0.849619 0.499528 
-0.233834 0.837415 0.494022 
-0.298314 0.821668 0.485664 
-0.36305 0.802414 0.473632 
-0.429124 0.779465 0.456384 
-0.519641 0.703817 0.48437 
-0.571535 0.671477 0.471663 
-0.6108 0.621397 0.490703 
-0.648795 0.568792 0.50551 
-0.683228 0.514112 0.518545 
-0.714366 0.457586 0.52943 
-0.742306 0.399306 0.538086 
-0.767077 0.339369 0.544446 
-0.788691 0.2779 0.548396 
-0.807463 0.215078 0.549314 
-0.821287 0.149218 0.550656 
-0.834296 0.0866107 0.544471 
-0.842324 0.00267971 0.538965 
-0.866396 -0.0576462 0.496019 
-0.832744 -0.06865 0.549386 
-0.855774 -0.120982 0.503005 
-0.841345 -0.184511 0.508029 
-0.823248 -0.247621 0.510829 
-0.801579 -0.309926 0.51129 
-0.776395 -0.371125 0.509389 
-0.747692 -0.430964 0.505199 
-0.715444 -0.489175 0.498847 
-0.679875 -0.545457 0.490149 
-0.631134 -0.561015 0.535661 
-0.591075 -0.614186 0.522883 
-0.547933 -0.665075 0.507391 
-0.499796 -0.713801 0.490603 
-0.443406 -0.759713 0.475634 
-0.373414 -0.792848 0.481616 
-0.308321 -0.814715 0.491098 
-0.243753 -0.832082 0.49822 
-0.179061 -0.845439 0.50316 
-0.114046 -0.855029 0.505885 
-0.0487068 -0.860852 0.506519 
0.0169152 -0.862826 0.505218 
0.0827809 -0.860809 0.50215 
0.148815 -0.854654 0.497414 
0.214817 -0.844138 0.491208 
0.279406 -0.829956 0.48281 
0.340042 -0.813103 0.472477 
0.394189 -0.78112 0.484218 
0.451022 -0.744121 0.492812 
0.502971 -0.702969 0.502847 
0.552121 -0.658 0.512053 
0.598844 -0.609306 0.519743 
0.642528 -0.556986 0.526236 
0.683134 -0.503239 0.529225 
0.720559 -0.448314 0.528969 
0.754786 -0.392181 0.525825 
0.785779 -0.334829 0.520039 
0.813478 -0.276245 0.511803 
0.837808 -0.216357 0.501266 
0.858709 -0.154953 0.488476 
0.876171 -0.0914279 0.47325 
0.854862 -0.0477372 0.516654 
0.917191 -0.016422 0.398108 
0.885327 0.0570349 0.461458 
0.899607 0.110129 0.422587 
0.880367 0.171936 0.442032 
0.856247 0.23322 0.460923 
0.829698 0.293259 0.474974 
0.800409 0.351749 0.485404 
0.768231 0.408696 0.492735 
0.733124 0.464065 0.497164 
0.694984 0.517732 0.49895 
0.653504 0.569439 0.49867 
0.608303 0.618742 0.497118 
0.603575 0.663193 0.442575 
0.552967 0.708041 0.439211 
0.499224 0.749666 0.434484 
0.442949 0.787796 0.427989 
0.384529 0.821783 0.420488 
0.320456 0.848341 0.421456 
0.256517 0.8657 0.429841 
0.191315 0.879045 0.436668 
0.12592 0.887978 0.442312 
0.0604347 0.892903 0.446175 
-0.00504297 0.893877 0.448285 
-0.0704104 0.890966 0.448578 
-0.13556 0.884238 0.44693 
-0.200402 0.873742 0.443187 
-0.26492 0.859475 0.437174 
-0.329292 0.841312 0.428673 
-0.394246 0.818876 0.417147 
-0.461597 0.791993 0.399594 
-0.494352 0.748162 0.442572 
-0.55755 0.713243 0.424761 
-0.617175 0.658417 0.430793 
-0.65896 0.605318 0.4465 
-0.696404 0.551044 0.459753 
-0.729852 0.495235 0.47123 
-0.75973 0.437811 0.480762 
-0.786221 0.378811 0.48822 
-0.809401 0.318354 0.493478 
-0.829397 0.256644 0.49622 
-0.845502 0.193349 0.497737 
-0.858782 0.130413 0.495466 
-0.86654 0.0646671 0.4949 
-0.874293 0.00382676 0.485384 
-0.898964 -0.0325563 0.43681 
-0.889784 -0.0977598 0.445788 
-0.877143 -0.162368 0.451948 
-0.860775 -0.226228 0.455946 
-0.840781 -0.289205 0.457655 
-0.817218 -0.351095 0.457041 
-0.790112 -0.411665 0.454153 
-0.759459 -0.470667 0.449104 
-0.725341 -0.527857 0.441867 
-0.687891 -0.583109 0.432191 
-0.641278 -0.599576 0.478822 
-0.599836 -0.651017 0.46516 
-0.555309 -0.699492 0.449825 
-0.50838 -0.743611 0.434273 
-0.461341 -0.782064 0.418975 
-0.403983 -0.808102 0.428683 
-0.341158 -0.833316 0.434967 
-0.277613 -0.853074 0.441809 
-0.213507 -0.868657 0.447045 
-0.148914 -0.88029 0.450461 
-0.0838932 -0.888078 0.451972 
-0.0185139 -0.891979 0.451698 
0.0471873 -0.891869 0.449825 
0.113216 -0.887585 0.446514 
0.179643 -0.87892 0.441847 
0.24649 -0.865902 0.435267 
0.314485 -0.848775 0.425065 
0.385672 -0.817878 0.427005 
0.444796 -0.781759 0.437045 
0.500397 -0.742571 0.445186 
0.551017 -0.699612 0.454888 
0.598741 -0.652801 0.464069 
0.644866 -0.600704 0.472549 
0.687905 -0.547663 0.476289 
0.727409 -0.493583 0.476709 
0.763475 -0.438273 0.474365 
0.796163 -0.381703 0.469497 
0.825448 -0.323896 0.462306 
0.85125 -0.264868 0.45301 
0.87345 -0.204598 0.441842 
0.891887 -0.143005 0.429055 
0.906208 -0.0798233 0.41523 
0.89035 -0.0237279 0.454658 
0.937738 0.0195206 0.346796 
0.912491 0.0446844 0.406648 
0.927907 0.0900643 0.361768 
0.911896 0.156798 0.37929 
0.888752 0.22198 0.401054 
0.863958 0.284012 0.41583 
0.836345 0.343745 0.427044 
0.805658 0.401652 0.43542 
0.77187 0.457888 0.441085 
0.734935 0.512415 0.444186 
0.694673 0.565044 0.445146 
0.650836 0.615431 0.444587 
0.644674 0.658133 0.388917 
0.595315 0.704363 0.386618 
0.542575 0.747612 0.382999 
0.486552 0.787738 0.377804 
0.426924 0.824798 0.370735 
0.361432 0.856857 0.367645 
0.294099 0.880881 0.370883 
0.22737 0.897236 0.378512 
0.16093 0.909158 0.384101 
0.0948874 0.916609 0.38836 
0.02906 0.919891 0.391096 
-0.0365722 0.919127 0.39226 
-0.101957 0.914412 0.391735 
-0.167016 0.905805 0.389388 
-0.231696 0.893305 0.385127 
-0.296042 0.876784 0.378958 
-0.360349 0.855845 0.37105 
-0.425496 0.829824 0.361033 
-0.520319 0.762161 0.385199 
-0.574995 0.731329 0.366795 
-0.619932 0.68852 0.37633 
-0.66585 0.637748 0.387197 
-0.705638 0.584882 0.399984 
-0.741423 0.530145 0.411386 
-0.773379 0.47363 0.421377 
-0.801767 0.415412 0.429654 
-0.826724 0.355592 0.435983 
-0.848348 0.294321 0.440091 
-0.866381 0.231547 0.442459 
-0.881116 0.167966 0.442065 
-0.891463 0.102585 0.441327 
-0.819573 -0.13611 0.556574 
-0.899368 0.0378374 0.435553 
-0.92341 0.00142244 0.383812 
-0.91947 -0.069206 0.387021 
-0.909007 -0.135731 0.39406 
-0.894632 -0.201031 0.399025 
-0.87645 -0.265192 0.401881 
-0.854596 -0.328136 0.402482 
-0.829151 -0.389684 0.400817 
-0.800163 -0.44961 0.396977 
-0.767692 -0.50767 0.39105 
-0.731812 -0.563689 0.383022 
-0.692686 -0.617593 0.372512 
-0.647344 -0.636322 0.419571 
-0.603537 -0.686752 0.405111 
-0.556401 -0.734489 0.388514 
-0.505341 -0.779014 0.371171 
-0.440197 -0.818178 0.36988 
-0.376646 -0.84562 0.378238 
-0.312543 -0.868865 0.383915 
-0.248412 -0.887053 0.389139 
-0.184025 -0.900961 0.392943 
-0.119373 -0.910849 0.395099 
-0.0545249 -0.916803 0.3956 
0.0103955 -0.91879 0.39461 
0.0752167 -0.916746 0.392326 
0.139679 -0.910644 0.388867 
0.203329 -0.900638 0.38407 
0.265628 -0.887075 0.377545 
0.326052 -0.870682 0.368243 
0.382943 -0.845655 0.371783 
0.440281 -0.813781 0.379359 
0.49533 -0.777743 0.386993 
0.547638 -0.737675 0.394878 
0.595629 -0.69358 0.405181 
0.643847 -0.640934 0.417929 
0.689319 -0.58882 0.422055 
0.730929 -0.535772 0.422718 
0.768864 -0.481375 0.420863 
0.803281 -0.425588 0.41667 
0.834224 -0.368443 0.410269 
0.86165 -0.309947 0.401861 
0.885464 -0.250043 0.391704 
0.90552 -0.188558 0.380105 
0.921552 -0.125019 0.367577 
0.933415 -0.0586903 0.353967 
0.957635 0.0207281 0.287239 
0.950194 0.0813918 0.300845 
0.961572 0.119048 0.247402 
0.937732 0.142148 0.316942 
0.91617 0.209393 0.341742 
0.893924 0.272885 0.355576 
0.868434 0.33351 0.36687 
0.839573 0.39213 0.375968 
0.807382 0.449052 0.382736 
0.771883 0.504318 0.387117 
0.732999 0.557789 0.389338 
0.690584 0.609178 0.389867 
0.683181 0.649792 0.333218 
0.63528 0.697265 0.332025 
0.583917 0.741887 0.329612 
0.529017 0.783477 0.326043 
0.469896 0.822062 0.321576 
0.403977 0.857854 0.31763 
0.333838 0.887864 0.316621 
0.263109 0.909826 0.320921 
0.195319 0.925057 0.32576 
0.128628 0.93534 0.329537 
0.0625227 0.941065 0.332398 
-0.00325085 0.942544 0.334066 
-0.0687374 0.939937 0.334356 
-0.133889 0.933338 0.333096 
-0.19863 0.922779 0.330189 
-0.262905 0.908195 0.325674 
-0.326732 0.889355 0.319833 
-0.390169 0.865882 0.313076 
-0.453244 0.837832 0.304316 
-0.493581 0.80152 0.337554 
-0.551442 0.769632 0.321835 
-0.61491 0.7225 0.316036 
-0.664388 0.671196 0.328761 
-0.709252 0.617878 0.339394 
-0.748182 0.563435 0.350378 
-0.782673 0.507462 0.360424 
-0.813206 0.449839 0.369243 
-0.840083 0.39055 0.376471 
-0.863466 0.329653 0.381781 
-0.883296 0.267152 0.385252 
-0.899615 0.203346 0.386451 
-0.911937 0.137851 0.386482 
-0.920752 0.0716213 0.383517 
-0.908168 0.36613 0.202929 
-0.943324 0.0356196 0.329956 
-0.942601 -0.0354966 0.332028 
-0.93609 -0.105771 0.335483 
-0.924079 -0.172909 0.340852 
-0.907973 -0.238511 0.344524 
-0.888005 -0.302696 0.346153 
-0.864333 -0.36538 0.34558 
-0.837058 -0.426389 0.34282 
-0.80625 -0.485516 0.337987 
-0.771921 -0.542608 0.331233 
-0.733998 -0.597666 0.322556 
-0.692386 -0.650992 0.311143 
-0.650956 -0.669121 0.358516 
-0.607857 -0.715926 0.343453 
-0.563881 -0.758549 0.32656 
-0.516729 -0.797289 0.311963 
-0.463533 -0.828912 0.313117 
-0.404834 -0.856823 0.319318 
-0.344035 -0.880817 0.32527 
-0.281369 -0.901093 0.329944 
-0.217767 -0.917136 0.333825 
-0.153574 -0.929128 0.336359 
-0.0890185 -0.937144 0.337396 
-0.0242739 -0.941189 0.337008 
0.0405096 -0.941211 0.335381 
0.105189 -0.937163 0.332657 
0.169613 -0.929057 0.328763 
0.233693 -0.916954 0.323392 
0.297583 -0.900885 0.315991 
0.363317 -0.877397 0.313331 
0.424865 -0.84698 0.319553 
0.48285 -0.812462 0.326744 
0.537626 -0.774355 0.333664 
0.588249 -0.732823 0.341955 
0.640104 -0.677249 0.362767 
0.687684 -0.626564 0.366753 
0.731176 -0.574859 0.367312 
0.770878 -0.521565 0.365673 
0.806957 -0.466705 0.361949 
0.83948 -0.410379 0.356177 
0.86843 -0.352652 0.348519 
0.893728 -0.293531 0.33925 
0.91524 -0.232973 0.328725 
0.932743 -0.170846 0.317495 
0.945982 -0.107158 0.305998 
0.953897 -0.0411226 0.297304 
0.972074 -0.0158016 0.23414 
0.970649 0.0554904 0.23401 
0.973976 0.14592 0.17343 
0.939388 0.194012 0.282682 
0.919958 0.258855 0.294399 
0.896821 0.320418 0.305031 
0.870009 0.37973 0.314467 
0.839646 0.437261 0.322177 
0.805799 0.493178 0.327817 
0.768466 0.547419 0.331349 
0.72759 0.599737 0.333059 
0.719046 0.637992 0.27557 
0.672817 0.68663 0.275419 
0.623313 0.732397 0.274 
0.570783 0.774926 0.271473 
0.515564 0.81382 0.268124 
0.458391 0.848495 0.26445 
0.401945 0.8783 0.2589 
0.345214 0.902609 0.257147 
0.285621 0.921713 0.262424 
0.222796 0.937783 0.266316 
0.158572 0.94981 0.269658 
0.0936943 0.957635 0.272316 
0.0285892 0.961243 0.274216 
-0.0365383 0.960729 0.275073 
-0.101517 0.956169 0.274655 
-0.166172 0.94761 0.272803 
-0.23033 0.935048 0.269507 
-0.293816 0.918403 0.264969 
-0.35639 0.897559 0.259566 
-0.417628 0.872583 0.253348 
-0.477591 0.843088 0.247203 
-0.522633 0.807876 0.272379 
-0.578014 0.771907 0.264688 
-0.627871 0.734875 0.256393 
-0.671158 0.690921 0.268655 
-0.713105 0.643174 0.27894 
-0.752633 0.591762 0.288723 
-0.788547 0.537739 0.29838 
-0.820792 0.481502 0.307338 
-0.854154 0.45475 0.252236 
-0.849411 0.423256 0.315208 
-0.874494 0.363121 0.321565 
-0.896035 0.301164 0.326223 
-0.913994 0.237555 0.328912 
-0.928092 0.172183 0.330148 
-0.938307 0.105396 0.329351 
-0.960946 -0.0011485 0.276733 
-0.957504 -0.072305 0.279211 
-0.948712 -0.14223 0.282342 
-0.934969 -0.209565 0.286207 
-0.917092 -0.275139 0.288515 
-0.895349 -0.339017 0.288821 
-0.86992 -0.401092 0.286991 
-0.840932 -0.46119 0.283085 
-0.808443 -0.519142 0.277328 
-0.772374 -0.5749 0.270054 
-0.732484 -0.628609 0.261376 
-0.68823 -0.680982 0.250206 
-0.648106 -0.703046 0.29272 
-0.605344 -0.747286 0.274084 
-0.556708 -0.789035 0.259805 
-0.499554 -0.828139 0.254226 
-0.43926 -0.860388 0.258424 
-0.377945 -0.887302 0.264297 
-0.315487 -0.909857 0.269496 
-0.251921 -0.928313 0.273443 
-0.187684 -0.942572 0.276283 
-0.12302 -0.952745 0.277748 
-0.0581059 -0.958865 0.277853 
0.00693638 -0.960908 0.27678 
0.0720168 -0.95882 0.274733 
0.137066 -0.952549 0.271778 
0.202088 -0.942044 0.267795 
0.267323 -0.927129 0.262622 
0.334184 -0.905993 0.259803 
0.400836 -0.878228 0.260856 
0.462318 -0.845791 0.266269 
0.519814 -0.809774 0.272138 
0.573264 -0.770742 0.278073 
0.62257 -0.739446 0.256175 
0.634722 -0.708657 0.308114 
0.683646 -0.660631 0.310152 
0.728399 -0.610742 0.31053 
0.769587 -0.55879 0.309014 
0.807231 -0.504946 0.305627 
0.841326 -0.449413 0.300331 
0.871836 -0.392319 0.293236 
0.89869 -0.333698 0.284607 
0.921779 -0.273521 0.274792 
0.94093 -0.211683 0.264275 
0.955928 -0.148103 0.25351 
0.966241 -0.0822734 0.244149 
0.992249 -0.0226824 0.122178 
0.984009 0.0156958 0.177426 
0.980431 0.0838162 0.178128 
0.957968 0.176887 0.22585 
0.942036 0.241889 0.232503 
0.921492 0.303887 0.241878 
0.89696 0.363853 0.251145 
0.868647 0.42203 0.259506 
0.836664 0.478599 0.26634 
0.801052 0.533603 0.271262 
0.761827 0.586854 0.274265 
0.751933 0.622759 0.216259 
0.707212 0.672827 0.217154 
0.659172 0.720125 0.216592 
0.60809 0.764277 0.214725 
0.554313 0.804929 0.211722 
0.498268 0.841753 0.2078 
0.440626 0.874601 0.202291 
0.380082 0.903498 0.198062 
0.316968 0.927157 0.199775 
0.253811 0.945379 0.204547 
0.189852 0.959521 0.208026 
0.125321 0.969464 0.210795 
0.060426 0.975206 0.212892 
-0.00463073 0.976775 0.214218 
-0.0696904 0.974232 0.214514 
-0.13458 0.967617 0.213554 
-0.199105 0.956939 0.211245 
-0.263067 0.942157 0.20769 
-0.326253 0.92319 0.203172 
-0.388416 0.899978 0.197923 
-0.449611 0.872157 0.192853 
-0.510239 0.837739 0.194548 
-0.559728 0.802092 0.208213 
-0.612953 0.764322 0.200251 
-0.665336 0.718198 0.203764 
-0.710122 0.670462 0.21496 
-0.751479 0.620145 0.225166 
-0.789399 0.567238 0.234714 
-0.823616 0.512053 0.24384 
-0.85398 0.485167 0.187968 
-0.882925 0.426661 0.195968 
-0.881067 0.395427 0.259534 
-0.904386 0.334138 0.265403 
-0.924075 0.270969 0.269557 
-0.939956 0.205911 0.272182 
-0.951835 0.139099 0.273242 
-0.959007 0.0697858 0.274655 
-0.974097 -0.0379866 0.222916 
-0.96818 -0.108978 0.225279 
-0.957212 -0.178531 0.227754 
-0.941616 -0.245743 0.230153 
-0.921929 -0.310959 0.23098 
-0.898433 -0.374165 0.229825 
-0.897033 -0.408346 0.169074 
-0.871344 -0.435213 0.226603 
-0.840834 -0.493904 0.221489 
-0.80694 -0.550127 0.214962 
-0.769623 -0.603838 0.207508 
-0.728822 -0.655029 0.199387 
-0.684001 -0.704012 0.191076 
-0.640149 -0.736086 0.21997 
-0.592485 -0.778716 0.206309 
-0.536723 -0.819608 0.200428 
-0.475336 -0.856843 0.19969 
-0.413064 -0.887664 0.203547 
-0.350137 -0.913218 0.208415 
-0.286385 -0.934236 0.212571 
-0.221887 -0.950955 0.215524 
-0.15695 -0.963415 0.217254 
-0.0917605 -0.971693 0.2177 
-0.026423 -0.975804 0.217045 
0.0390049 -0.975716 0.21554 
0.104485 -0.971369 0.213367 
0.170045 -0.962671 0.21059 
0.235906 -0.949408 0.207299 
0.302898 -0.930639 0.205337 
0.370124 -0.906005 0.205337 
0.434907 -0.876419 0.206752 
0.494951 -0.843001 0.21065 
0.55077 -0.806534 0.214838 
0.602694 -0.771123 0.205256 
0.657155 -0.72731 0.197909 
0.674342 -0.693747 0.252937 
0.721041 -0.645172 0.25269 
0.763976 -0.594301 0.25129 
0.803344 -0.54133 0.248195 
0.83912 -0.486503 0.243294 
0.871264 -0.429985 0.236667 
0.899721 -0.371823 0.228583 
0.924405 -0.311997 0.219391 
0.945188 -0.250422 0.209543 
0.961887 -0.187015 0.199496 
0.974171 -0.121498 0.190339 
0.981889 -0.0545803 0.181426 
0.995935 -0.0602682 0.0669439 
0.991775 0.0469023 0.119086 
0.986753 0.113957 0.115462 
0.976552 0.182078 0.114864 
0.961439 0.215153 0.1713 
0.943284 0.280308 0.177887 
0.920881 0.342336 0.186506 
0.894576 0.402086 0.195093 
0.864493 0.45989 0.202861 
0.830677 0.515954 0.209206 
0.793135 0.570329 0.213686 
0.781656 0.603994 0.15558 
0.738457 0.655601 0.157698 
0.691779 0.704591 0.158094 
0.641902 0.75055 0.156962 
0.589162 0.793118 0.154439 
0.53392 0.831992 0.150729 
0.476446 0.867024 0.145841 
0.415814 0.898353 0.141632 
0.351878 0.925449 0.14045 
0.28714 0.947233 0.142481 
0.222687 0.963912 0.145888 
0.157914 0.976214 0.148561 
0.0928565 0.984205 0.150727 
0.0276024 0.987942 0.152344 
-0.0377353 0.98747 0.153227 
-0.103041 0.982826 0.153086 
-0.168156 0.974016 0.151712 
-0.232883 0.961007 0.149103 
-0.29702 0.943725 0.145475 
-0.360387 0.922064 0.141134 
-0.423015 0.895711 0.136968 
-0.485304 0.863634 0.136441 
-0.544305 0.827087 0.140212 
-0.596627 0.789616 0.143332 
-0.650077 0.745938 0.144831 
-0.700191 0.697851 0.150785 
-0.744428 0.648072 0.160714 
-0.784744 0.595984 0.170238 
-0.821275 0.541628 0.179297 
-0.848839 0.51415 0.122974 
-0.879977 0.456511 0.131293 
-0.907287 0.396855 0.139058 
-0.930807 0.335147 0.145862 
-0.929709 0.303592 0.208499 
-0.947451 0.239036 0.2126 
-0.961183 0.172527 0.215317 
-0.970456 0.10379 0.217815 
-0.974836 0.033291 0.220424 
-0.982886 -0.0747808 0.168355 
-0.974594 -0.1455 0.17028 
-0.961466 -0.214612 0.171829 
-0.943915 -0.281433 0.172683 
-0.922343 -0.346037 0.171875 
-0.918191 -0.380217 0.111182 
-0.890997 -0.441348 0.106472 
-0.868239 -0.468165 0.164267 
-0.836032 -0.525442 0.157991 
-0.800372 -0.580207 0.150879 
-0.761166 -0.632502 0.143415 
-0.718031 -0.682505 0.136449 
-0.66893 -0.730617 0.136863 
-0.621996 -0.768508 0.150056 
-0.569202 -0.809358 0.144734 
-0.510534 -0.847744 0.143824 
-0.448189 -0.882161 0.14463 
-0.384772 -0.911087 0.147886 
-0.320689 -0.934966 0.151646 
-0.255957 -0.954242 0.154625 
-0.19075 -0.969099 0.156399 
-0.125314 -0.979619 0.156983 
-0.0597439 -0.985861 0.156556 
0.00593245 -0.987832 0.15541 
0.0716939 -0.985499 0.153792 
0.137562 -0.978776 0.151904 
0.203685 -0.967479 0.149992 
0.270496 -0.951108 0.14908 
0.337569 -0.929393 0.149251 
0.403332 -0.90273 0.149673 
0.466322 -0.871679 0.150728 
0.525254 -0.837049 0.153156 
0.580232 -0.800492 0.150145 
0.635073 -0.758813 0.144518 
0.688087 -0.712095 0.139489 
0.707427 -0.679326 0.195097 
0.752975 -0.629027 0.193272 
0.794532 -0.576635 0.190289 
0.832276 -0.522353 0.185642 
0.856616 -0.501394 0.121708 
0.866236 -0.466335 0.17935 
0.896416 -0.408605 0.171697 
0.922782 -0.349134 0.163032 
0.945252 -0.287836 0.153784 
0.963689 -0.224618 0.144395 
0.977868 -0.159311 0.135624 
0.98755 -0.0922558 0.127409 
0.999596 -0.0275629 0.00694015 
0.997987 0.00960711 0.0626844 
0.995157 0.0788889 0.058647 
0.98725 0.148567 0.0571342 
0.974316 0.217601 0.05795 
0.961028 0.250892 0.116098 
0.940871 0.315939 0.122251 
0.916674 0.377859 0.130118 
0.888629 0.437339 0.138107 
0.856789 0.494734 0.145436 
0.82114 0.550261 0.151465 
0.807854 0.581924 0.0934713 
0.766451 0.6349 0.0972368 
0.721258 0.685582 0.0988111 
0.672659 0.733358 0.0985667 
0.621028 0.777804 0.0966691 
0.566772 0.818574 0.0933097 
0.510057 0.855531 0.0889361 
0.45003 0.888938 0.0852213 
0.38673 0.918438 0.0831375 
0.321549 0.943263 0.0828265 
0.256176 0.962957 0.0841901 
0.191028 0.977777 0.08637 
0.125725 0.988128 0.0882968 
0.0602488 0.994121 0.0899621 
-0.0053531 0.995817 0.0912143 
-0.0710126 0.993243 0.0917893 
-0.136646 0.986398 0.0913564 
-0.202095 0.975246 0.0897382 
-0.267137 0.959718 0.0870578 
-0.331569 0.939715 0.0836535 
-0.395354 0.91501 0.0803242 
-0.458628 0.885084 0.0792897 
-0.519945 0.850397 0.080514 
-0.577282 0.812402 0.0821494 
-0.631302 0.770769 0.0858661 
-0.683417 0.72444 0.0901572 
-0.731616 0.674811 0.0967895 
-0.774773 0.623345 0.105675 
-0.813791 0.569781 0.114427 
-0.838803 0.541351 0.0578664 
-0.872223 0.484632 0.0660246 
-0.901701 0.425953 0.0741542 
-0.927301 0.365255 0.0818649 
-0.949024 0.30245 0.0887586 
-0.950492 0.271345 0.151452 
-0.9662 0.205427 0.15575 
-0.97761 0.137361 0.159408 
-0.984332 0.0675398 0.162878 
-0.986134 -0.00344816 0.165917 
-0.987318 -0.111446 0.11306 
-0.976682 -0.181762 0.114257 
-0.961371 -0.250269 0.114594 
-0.941764 -0.316441 0.113779 
-0.935086 -0.350367 0.053448 
-0.909532 -0.412777 0.0486407 
-0.880341 -0.472453 0.0422892 
-0.860278 -0.499874 0.100235 
-0.825984 -0.55593 0.0932347 
-0.787988 -0.609642 0.0860941 
-0.745954 -0.66121 0.0797105 
-0.698826 -0.711055 0.07774 
-0.648281 -0.757103 0.0807851 
-0.597912 -0.796876 0.0865429 
-0.542084 -0.835888 0.0862355 
-0.482072 -0.871777 0.0872461 
-0.418998 -0.90364 0.0887424 
-0.354673 -0.930516 0.0913582 
-0.28969 -0.952498 0.0939538 
-0.224282 -0.969823 0.0956049 
-0.158679 -0.982644 0.0960819 
-0.0929837 -0.991062 0.0956537 
-0.0271815 -0.995139 0.0946585 
0.0387195 -0.994879 0.0933605 
0.104725 -0.990234 0.0920315 
0.17091 -0.981076 0.0909941 
0.237449 -0.967138 0.0908981 
0.304094 -0.948212 0.0917626 
0.370118 -0.924365 0.0925352 
0.434571 -0.895835 0.0928887 
0.496316 -0.863091 0.0935159 
0.55439 -0.827072 0.0927531 
0.610528 -0.786912 0.0895793 
0.664703 -0.742249 0.0850607 
0.715651 -0.693851 0.0800883 
0.736695 -0.66242 0.135943 
0.780782 -0.610585 0.132535 
0.820705 -0.556858 0.127873 
0.842484 -0.534896 0.0640815 
0.888615 -0.444175 0.11433 
0.916734 -0.38516 0.10607 
0.940946 -0.324262 0.09734 
0.961167 -0.261372 0.0885631 
0.97724 -0.19636 0.0802809 
0.985953 -0.16612 0.0173435 
0.988928 -0.129404 0.0726362 
0.995176 -0.0974198 0.0116002 
-0.998594 -0.00585871 0.0526813 
0.99909 0.0425614 0.00278683 
0.993569 0.113225 0.000375288 
-0.983043 -0.183375 5.81179e-005 
0.967717 0.252038 0.00114685 
0.956491 0.285466 0.0602865 
0.934448 0.349947 0.0659089 
0.908524 0.41139 0.073088 
0.878802 0.470333 0.0805837 
0.845271 0.527106 0.0876153 
0.829939 0.557067 0.0296229 
0.790839 0.610996 0.0354641 
0.747532 0.663089 0.0388519 
0.700361 0.712684 0.0396944 
0.649999 0.758957 0.0385374 
0.596999 0.801454 0.0355431 
0.541583 0.840058 0.031479 
0.482518 0.875423 0.0284828 
0.420166 0.907067 0.0262549 
0.355496 0.934345 0.0249244 
0.289908 0.956745 0.0243242 
0.224289 0.974206 0.0248402 
0.158768 0.986971 0.0261072 
0.0931376 0.995274 0.0274891 
0.0273802 0.999209 0.0288242 
-0.0384781 0.998813 0.0298788 
-0.104405 0.994072 0.0303319 
-0.17036 0.984931 0.0298038 
-0.236171 0.971303 0.0281609 
-0.301556 0.953102 0.0257001 
-0.366351 0.930188 0.0231568 
-0.4305 0.902322 0.0219982 
-0.492902 0.869796 0.0224177 
-0.552463 0.833213 0.0232521 
-0.609211 0.792592 0.0256801 
-0.662733 0.748249 0.0301456 
-0.713233 0.700034 0.0353702 
-0.759649 0.648977 0.041988 
0.784093 -0.620492 0.0137134 
-0.801345 0.596123 0.0498444 
-0.859699 0.510801 0.000721323 
-0.891387 0.45316 0.00869771 
-0.919135 0.393583 0.016833 
-0.942965 0.331972 0.0247073 
-0.962831 0.268212 0.0319233 
-0.966771 0.237482 0.0946361 
-0.980351 0.170277 0.0995892 
-0.989419 0.101211 0.103952 
-0.993683 0.0309081 0.107887 
-0.993009 -0.0402357 0.110969 
-0.995489 -0.0769148 0.0555585 
-0.987374 -0.14779 0.0570181 
-0.9744 -0.217438 0.0571437 
-0.956862 -0.28509 0.0560275 
0.94784 0.318723 0.00377386 
0.924002 0.382285 0.00889929 
0.89641 0.442952 0.0155592 
0.865078 0.501123 0.022723 
-0.847479 -0.529655 0.0352839 
-0.810841 -0.58458 0.0283433 
-0.77018 -0.637435 0.0223339 
-0.724969 -0.688507 0.0194532 
-0.67589 -0.736736 0.0198053 
-0.624351 -0.780818 0.0225786 
-0.570943 -0.820554 0.0267645 
-0.513211 -0.857785 0.0286316 
-0.451959 -0.891516 0.0305309 
-0.388065 -0.92107 0.0321925 
-0.322963 -0.945801 0.0340022 
-0.25739 -0.965665 0.0352314 
-0.191725 -0.980812 0.035361 
-0.126037 -0.99142 0.0346622 
-0.0602456 -0.997618 0.0335925 
0.00565374 -0.999459 0.0323847 
0.0716514 -0.996938 0.0313189 
0.13776 -0.989989 0.0307377 
0.204014 -0.978474 0.0311075 
0.270215 -0.962251 0.0325179 
0.335973 -0.941247 0.0343043 
0.400999 -0.915397 0.0353312 
0.464416 -0.884906 0.0354966 
0.524992 -0.850385 0.0350533 
0.582988 -0.811792 0.0334525 
0.638464 -0.769067 0.0300002 
0.690807 -0.722604 0.0250782 
0.739635 -0.67272 0.0196884 
0.762344 -0.642749 0.0755344 
0.804562 -0.589678 0.0704216 
0.823993 -0.566559 0.00679764 
0.876344 -0.478329 0.0567675 
0.90625 -0.419922 0.0487501 
0.932232 -0.359598 0.040406 
0.95426 -0.297244 0.0321621 
0.972234 -0.23273 0.0244271 
-0.97858 0.202256 0.038393 
-0.989989 0.134148 0.0438825 
-0.996733 0.0645388 0.0485593 
0.463836 0.662186 0.588528 

