-0.0339325 -0.0163162 0.999291 
-0.0319705 0.0974127 0.99473 
-0.0671952 -0.0747901 0.994933 
0.0333161 -0.0130905 0.999359 
0.000570365 0.0421303 0.999112 
0.0343504 0.100895 0.994304 
-0.0640654 0.152652 0.986201 
-0.0984383 0.0934316 0.990747 
-0.0666226 0.0386732 0.997028 
-0.101187 -0.0187946 0.99469 
-0.0332878 -0.131148 0.990804 
0.0322555 -0.127153 0.991359 
-0.000770853 -0.07177 0.997421 
0.100238 -0.0111413 0.994901 
0.0672984 0.0449928 0.996718 
0.100344 0.103384 0.989567 
0.0674264 0.159668 0.984865 
0.00169653 0.15656 0.987667 
-0.032183 0.211352 0.97688 
-0.129591 0.148037 0.980455 
-0.165684 0.0899259 0.98207 
-0.13454 0.0363319 0.990242 
-0.133947 -0.074549 0.988181 
-0.0992892 -0.132235 0.986233 
-0.0648213 -0.189125 0.979811 
0.000891118 -0.187476 0.982269 
0.0653827 -0.18161 0.981195 
0.0991548 -0.12368 0.987356 
0.0660483 -0.0687606 0.995444 
0.166835 -0.00984893 0.985936 
0.133498 0.0467114 0.989948 
0.165614 0.104829 0.980603 
0.132635 0.161872 0.977858 
0.099721 0.218 0.970841 
0.0340001 0.215067 0.976007 
-0.000802339 0.268828 0.963188 
-0.067958 0.264209 0.962068 
-0.0985155 0.206744 0.973423 
-0.165034 0.200139 0.965768 
-0.195205 0.140969 0.970579 
-0.206231 0.044678 0.977483 
-0.169432 -0.0158063 0.985415 
-0.198011 -0.0745062 0.977364 
-0.163844 -0.133212 0.977451 
-0.12951 -0.190903 0.973028 
-0.0299302 -0.244908 0.969084 
0.0361239 -0.243572 0.96921 
0.09775 -0.235172 0.967026 
0.165252 -0.230512 0.958935 
0.132142 -0.177843 0.975146 
0.166696 -0.121978 0.978434 
0.133383 -0.0668521 0.988807 
0.232695 -0.00952525 0.972503 
0.19903 0.0475548 0.978839 
0.229971 0.105243 0.96749 
0.196924 0.163034 0.966768 
0.164639 0.220019 0.961502 
0.131912 0.275263 0.952276 
0.0658279 0.272522 0.959895 
0.0301594 0.325178 0.945172 
-0.0371235 0.320443 0.94654 
-0.10524 0.314281 0.943479 
-0.135582 0.257886 0.956615 
-0.203495 0.247587 0.947254 
-0.231302 0.186448 0.954849 
-0.244368 0.106236 0.963845 
-0.268044 0.046007 0.962308 
-0.232389 -0.0145067 0.972515 
-0.260377 -0.0744641 0.962631 
-0.227038 -0.133761 0.964656 
-0.192827 -0.192268 0.962211 
-0.0950026 -0.247571 0.964201 
-0.0606163 -0.302108 0.951344 
0.00690679 -0.298532 0.954375 
0.0714708 -0.303063 0.950287 
0.129328 -0.28539 0.949645 
0.196002 -0.283913 0.938603 
0.232166 -0.230733 0.944913 
0.200101 -0.176179 0.963805 
0.233932 -0.12146 0.964636 
0.200338 -0.065989 0.977502 
0.297526 -0.0101959 0.954659 
0.263636 0.0473675 0.963459 
0.29324 0.1045 0.950311 
0.260048 0.163 0.951739 
0.228379 0.220913 0.948177 
0.197428 0.276936 0.940387 
0.162754 0.330866 0.929537 
0.0967431 0.328674 0.939476 
0.0604997 0.380427 0.92283 
-0.00646755 0.375815 0.926672 
-0.0742834 0.369549 0.926237 
-0.142972 0.36158 0.921314 
-0.173798 0.305508 0.936194 
-0.240965 0.294407 0.924803 
-0.268335 0.233283 0.934653 
-0.286744 0.164013 0.943863 
-0.306188 0.103544 0.946323 
-0.329577 0.0430679 0.943146 
-0.293797 -0.014855 0.955753 
-0.321448 -0.0758492 0.943884 
-0.289197 -0.134302 0.947802 
-0.25593 -0.192322 0.947371 
-0.221126 -0.249567 0.942772 
-0.157407 -0.250384 0.955265 
-0.120326 -0.309271 0.943331 
-0.0263466 -0.351031 0.935993 
0.0390074 -0.355904 0.933708 
0.10174 -0.36455 0.925609 
0.154828 -0.335419 0.929259 
0.220015 -0.339057 0.914677 
0.260379 -0.286674 0.921965 
0.2968 -0.233155 0.926039 
0.266651 -0.17692 0.947416 
0.299672 -0.122382 0.94616 
0.266453 -0.0661123 0.961578 
0.361112 -0.011366 0.932453 
0.32712 0.0460759 0.943859 
0.35528 0.102438 0.92913 
0.321846 0.161684 0.932884 
0.290577 0.220445 0.931112 
0.262305 0.277215 0.92431 
0.228113 0.331782 0.915361 
0.192887 0.384703 0.902662 
0.126907 0.383337 0.914848 
0.0900981 0.434167 0.896315 
0.0234854 0.430259 0.9024 
-0.0436146 0.424179 0.904528 
-0.111514 0.416252 0.902385 
-0.179894 0.407466 0.895326 
-0.211053 0.352009 0.911891 
-0.277202 0.341415 0.898106 
-0.304787 0.282102 0.909683 
-0.327433 0.219265 0.919081 
-0.347498 0.159096 0.924085 
-0.36771 0.0990569 0.92465 
-0.390108 0.0390087 0.919942 
-0.354242 -0.0178399 0.934984 
-0.381498 -0.0788097 0.921004 
-0.350278 -0.136135 0.9267 
-0.318132 -0.193222 0.928147 
-0.284518 -0.249655 0.925593 
-0.249151 -0.304981 0.91919 
-0.184293 -0.306074 0.933999 
-0.145236 -0.362408 0.920634 
-0.0815791 -0.372054 0.924619 
-0.00494914 -0.403598 0.914923 
0.0605844 -0.413762 0.908367 
0.123787 -0.424361 0.896992 
0.173368 -0.387899 0.90525 
0.239603 -0.39289 0.887822 
0.283771 -0.342027 0.895819 
0.323518 -0.289237 0.900932 
0.359764 -0.235307 0.902884 
0.331051 -0.178896 0.9265 
0.36346 -0.123876 0.923337 
0.33116 -0.0671436 0.941183 
0.423178 -0.0118408 0.905969 
0.389553 0.0447176 0.919918 
0.416458 0.100919 0.903536 
0.382132 0.158701 0.910379 
0.350836 0.218793 0.910518 
0.326921 0.275485 0.904008 
0.292342 0.330757 0.897294 
0.258208 0.384975 0.886072 
0.223303 0.43589 0.871857 
0.156541 0.435954 0.88625 
0.118337 0.485938 0.865945 
0.0522721 0.48328 0.873904 
-0.014019 0.478056 0.878218 
-0.080697 0.470396 0.878758 
-0.148007 0.461271 0.874827 
-0.215873 0.452216 0.86539 
-0.247179 0.397874 0.883515 
-0.312483 0.388049 0.867048 
-0.340643 0.330894 0.880041 
-0.365611 0.271692 0.890232 
-0.387909 0.21258 0.896848 
-0.408001 0.153156 0.900043 
-0.42825 0.0938411 0.898775 
-0.449374 0.0343456 0.892683 
-0.413375 -0.0215799 0.910305 
-0.440416 -0.0820408 0.894037 
-0.410414 -0.138562 0.901311 
-0.37931 -0.194817 0.904528 
-0.346827 -0.250579 0.903837 
-0.312935 -0.305374 0.899343 
-0.277951 -0.358489 0.891195 
-0.212143 -0.358812 0.908983 
-0.17627 -0.411719 0.894101 
-0.112427 -0.421908 0.899641 
-0.0517271 -0.437484 0.897737 
0.0154384 -0.458614 0.888501 
0.0805257 -0.470373 0.878786 
0.144873 -0.480232 0.865095 
0.192602 -0.439806 0.877197 
0.258803 -0.444673 0.857489 
0.304039 -0.395493 0.866686 
0.346563 -0.34407 0.872645 
0.385429 -0.290945 0.875669 
0.421064 -0.236548 0.875643 
0.393561 -0.18047 0.90141 
0.42526 -0.124766 0.89643 
0.394133 -0.0681472 0.916523 
0.483086 -0.0109911 0.875504 
0.450631 0.0449343 0.891579 
0.476183 0.10239 0.873365 
0.441449 0.157491 0.883357 
0.407783 0.215429 0.887301 
0.39312 0.273259 0.877944 
0.355298 0.326337 0.875938 
0.321119 0.383384 0.865967 
0.291601 0.435032 0.851889 
0.250827 0.483543 0.838613 
0.184375 0.486025 0.854275 
0.144893 0.535616 0.831938 
0.0795789 0.534498 0.841415 
0.0141442 0.530571 0.847522 
-0.051414 0.523903 0.850225 
-0.117156 0.514825 0.849252 
-0.183593 0.504685 0.843556 
-0.250934 0.495832 0.831374 
-0.28227 0.44296 0.850947 
-0.346243 0.434234 0.831599 
-0.3753 0.378653 0.846033 
-0.401952 0.321417 0.857395 
-0.426123 0.263346 0.865487 
-0.447804 0.204534 0.870423 
-0.467856 0.145458 0.871753 
-0.487808 0.0863641 0.868669 
-0.507526 0.0268959 0.861216 
-0.470948 -0.0256869 0.881787 
-0.498708 -0.0845496 0.862636 
-0.47 -0.139587 0.871559 
-0.439633 -0.195412 0.876663 
-0.40758 -0.251316 0.877906 
-0.37374 -0.306993 0.875256 
-0.337999 -0.362376 0.868585 
-0.300401 -0.417907 0.857387 
-0.243454 -0.409447 0.879252 
-0.211216 -0.457781 0.863611 
-0.148378 -0.469188 0.870544 
-0.0874478 -0.483744 0.87083 
-0.0266301 -0.49927 0.866037 
0.0372391 -0.514283 0.856812 
0.101357 -0.52491 0.845101 
0.165492 -0.533166 0.829666 
0.211881 -0.490656 0.8452 
0.277409 -0.49458 0.823672 
0.323279 -0.446805 0.83418 
0.367075 -0.396973 0.84123 
0.408068 -0.345147 0.845195 
0.445791 -0.291616 0.846304 
0.480459 -0.236691 0.844474 
0.454106 -0.181075 0.872353 
0.484864 -0.124589 0.86567 
0.455055 -0.0682536 0.887844 
0.540214 -0.00858843 0.841484 
0.509212 0.0471561 0.859348 
0.532424 0.106948 0.839694 
0.49811 0.161937 0.851858 
0.46125 0.216969 0.860333 
0.458214 0.275447 0.845085 
0.417616 0.324772 0.848599 
0.379224 0.378632 0.844291 
0.362014 0.433178 0.825411 
0.318615 0.480275 0.817203 
0.27507 0.529365 0.802564 
0.210091 0.533841 0.81907 
0.168432 0.583473 0.794474 
0.104507 0.583795 0.805147 
0.0402435 0.581285 0.812704 
-0.0241526 0.575951 0.817127 
-0.088541 0.567895 0.818325 
-0.152977 0.557436 0.816004 
-0.218268 0.54637 0.808603 
-0.284571 0.539204 0.79264 
-0.315607 0.487849 0.813877 
-0.37603 0.481357 0.791768 
-0.407256 0.425704 0.808034 
-0.435932 0.369041 0.820837 
-0.462019 0.311402 0.830402 
-0.485521 0.252783 0.836881 
-0.506776 0.193422 0.840099 
-0.52677 0.133595 0.839444 
-0.546117 0.0729916 0.834523 
-0.563749 0.0100192 0.825885 
-0.527193 -0.0334648 0.849087 
-0.532049 -0.128254 0.836944 
-0.500867 -0.188738 0.844695 
-0.468898 -0.246673 0.848108 
-0.435564 -0.303039 0.847615 
-0.400662 -0.358126 0.843336 
-0.364293 -0.411955 0.835214 
-0.326491 -0.464408 0.823243 
-0.263412 -0.476944 0.838534 
-0.236287 -0.541397 0.806881 
-0.194035 -0.510258 0.837846 
-0.130524 -0.526153 0.840313 
-0.0683506 -0.541712 0.837781 
-0.00586634 -0.555874 0.831246 
0.0576466 -0.568025 0.82099 
0.121362 -0.576987 0.807686 
0.18501 -0.583507 0.790753 
0.230773 -0.540118 0.809331 
0.295176 -0.542618 0.786408 
0.341466 -0.496072 0.798319 
0.386151 -0.447796 0.806453 
0.428406 -0.397483 0.811465 
0.467839 -0.345206 0.813609 
0.504216 -0.291204 0.812999 
0.537632 -0.235715 0.809562 
0.512444 -0.180539 0.839528 
0.54198 -0.123207 0.831311 
0.513543 -0.0671179 0.855435 
0.594123 -0.00476568 0.80436 
0.564396 0.0513412 0.823906 
0.585215 0.112596 0.803023 
0.551224 0.168526 0.81716 
0.51308 0.223977 0.828604 
0.51759 0.282238 0.807739 
0.475656 0.331254 0.814876 
0.432837 0.381578 0.816732 
0.429119 0.435943 0.791082 
0.383885 0.480395 0.788577 
0.339178 0.527192 0.779119 
0.293947 0.575232 0.76335 
0.231696 0.580393 0.78068 
0.188275 0.63002 0.753411 
0.126221 0.631366 0.765144 
0.063476 0.630063 0.773945 
0.000351886 0.626021 0.779806 
-0.06287 0.619236 0.782684 
-0.125975 0.609766 0.782506 
-0.188965 0.597826 0.779035 
-0.252993 0.586067 0.769753 
-0.306574 0.594258 0.743552 
-0.342293 0.536607 0.77129 
-0.404118 0.523347 0.750198 
-0.437247 0.469152 0.767275 
-0.467689 0.413654 0.781126 
-0.495494 0.356908 0.791898 
-0.520631 0.298955 0.799731 
-0.543245 0.239968 0.804549 
-0.563838 0.180193 0.805988 
-0.582965 0.119599 0.803647 
-0.599999 0.057277 0.797948 
-0.610599 -0.009225 0.791886 
-0.568799 -0.0657425 0.819845 
-0.583956 -0.125468 0.802031 
-0.556387 -0.184815 0.810109 
-0.526836 -0.242582 0.814615 
-0.495282 -0.298803 0.815728 
-0.461956 -0.353615 0.813359 
-0.427298 -0.406933 0.807355 
-0.391983 -0.458356 0.797659 
-0.356699 -0.506948 0.78471 
-0.294336 -0.51981 0.801975 
-0.274014 -0.578149 0.768544 
-0.214315 -0.599369 0.77125 
-0.173204 -0.564991 0.806713 
-0.11071 -0.581727 0.805815 
-0.0483287 -0.596572 0.801103 
0.0144048 -0.60915 0.792924 
0.0776103 -0.619205 0.781385 
0.140854 -0.62647 0.766613 
0.203768 -0.631372 0.74823 
0.24881 -0.587864 0.769747 
0.311817 -0.58871 0.745782 
0.358416 -0.543339 0.759158 
0.40379 -0.496619 0.768325 
0.44698 -0.44787 0.774352 
0.487605 -0.397042 0.77756 
0.525428 -0.344272 0.778076 
0.560306 -0.289768 0.775946 
0.592251 -0.233715 0.771114 
0.568283 -0.178867 0.803157 
0.5963 -0.120674 0.79364 
0.569215 -0.0646566 0.819643 
0.644885 -0.000358026 0.76428 
0.616328 0.0562624 0.785477 
0.63541 0.117513 0.763181 
0.602177 0.173852 0.779203 
0.564542 0.229555 0.792841 
0.572109 0.287864 0.768001 
0.530102 0.339042 0.777202 
0.48549 0.389291 0.782785 
0.492163 0.441331 0.750335 
0.446277 0.48433 0.752504 
0.401154 0.528717 0.74802 
0.355815 0.573774 0.737685 
0.309642 0.619846 0.72105 
0.249359 0.62617 0.738737 
0.265757 0.670328 0.692844 
0.2067 0.674926 0.708343 
0.146194 0.677061 0.72126 
0.0846077 0.676724 0.731359 
0.0222904 0.673745 0.738628 
-0.0404786 0.668024 0.743038 
-0.103503 0.659474 0.744568 
-0.166758 0.647912 0.743237 
-0.230916 0.632698 0.739169 
-0.334889 0.630519 0.700211 
-0.367866 0.576299 0.729763 
-0.43166 0.561499 0.705966 
-0.465725 0.5095 0.72354 
-0.497437 0.455597 0.738233 
-0.526659 0.40009 0.750039 
-0.553256 0.343102 0.759071 
-0.577237 0.28481 0.765298 
-0.598826 0.225419 0.768501 
-0.618379 0.165008 0.768361 
-0.635666 0.103134 0.765044 
-0.648886 0.0387912 0.759896 
-0.659759 -0.0247833 0.751068 
-0.620409 -0.0697231 0.781173 
-0.609662 -0.183296 0.771178 
-0.582327 -0.238937 0.777048 
-0.552422 -0.294651 0.77975 
-0.52001 -0.349836 0.779233 
-0.485331 -0.404439 0.775166 
-0.448513 -0.458793 0.767037 
-0.40941 -0.513809 0.753912 
-0.43559 -0.551384 0.711503 
-0.333376 -0.556619 0.760944 
-0.317371 -0.609001 0.726906 
-0.256212 -0.632047 0.731349 
-0.194995 -0.652608 0.732175 
-0.152621 -0.619109 0.770332 
-0.0905624 -0.635009 0.767178 
-0.0281844 -0.648495 0.760697 
0.0345679 -0.659369 0.751025 
0.0976094 -0.667559 0.738131 
0.160625 -0.673175 0.721827 
0.223022 -0.676742 0.701628 
0.266003 -0.633692 0.726414 
0.327042 -0.63288 0.701788 
0.373771 -0.588724 0.716728 
0.419704 -0.543601 0.726874 
0.463655 -0.496448 0.733868 
0.505236 -0.447134 0.738111 
0.544211 -0.39575 0.739741 
0.580402 -0.342462 0.738819 
0.613684 -0.287455 0.735365 
0.644005 -0.230878 0.729351 
0.621327 -0.176206 0.763482 
0.647592 -0.117272 0.752909 
0.621787 -0.0611029 0.780799 
0.692703 0.00396693 0.721212 
0.665466 0.0608413 0.743945 
0.68309 0.121737 0.720117 
0.650964 0.178189 0.737899 
0.614569 0.234015 0.753354 
0.623652 0.29158 0.725286 
0.583092 0.343683 0.736129 
0.539898 0.394071 0.743786 
0.549219 0.445591 0.706971 
0.504843 0.490555 0.710274 
0.459721 0.533538 0.709925 
0.415027 0.576772 0.703624 
0.36941 0.619381 0.69275 
0.323246 0.662811 0.675421 
0.299054 0.70746 0.640365 
0.234754 0.715402 0.658097 
0.171599 0.719313 0.673159 
0.108628 0.720366 0.685035 
0.0455404 0.718609 0.693922 
-0.0177418 0.713975 0.699946 
-0.0812481 0.706344 0.703191 
-0.145102 0.69539 0.703831 
-0.209829 0.679941 0.702604 
-0.27629 0.652669 0.705469 
-0.365692 0.662976 0.653247 
-0.395994 0.611214 0.685278 
-0.459539 0.596811 0.657754 
-0.492794 0.547519 0.676297 
-0.525058 0.49551 0.691942 
-0.555356 0.441454 0.704768 
-0.58323 0.385615 0.714943 
-0.608528 0.328234 0.722466 
-0.631272 0.269533 0.72722 
-0.651628 0.20967 0.728985 
-0.669544 0.148553 0.727766 
-0.684243 0.0858821 0.724179 
-0.696135 0.0229402 0.717544 
-0.705657 -0.0402196 0.707411 
-0.671204 -0.0884569 0.735976 
-0.634008 -0.128646 0.762551 
-0.639921 -0.224301 0.734977 
-0.610211 -0.283279 0.739862 
-0.578583 -0.340069 0.741347 
-0.544969 -0.395079 0.739541 
-0.509514 -0.448537 0.73431 
-0.472551 -0.500555 0.725355 
-0.498655 -0.538784 0.67901 
-0.462414 -0.585571 0.665792 
-0.378487 -0.575058 0.725297 
-0.353318 -0.637201 0.684939 
-0.294883 -0.662706 0.688379 
-0.235159 -0.6842 0.690341 
-0.174501 -0.703074 0.689374 
-0.133056 -0.670536 0.729847 
-0.0707845 -0.685229 0.72488 
-0.00814945 -0.697169 0.716861 
0.0549055 -0.706267 0.705813 
0.118476 -0.712523 0.691574 
0.182883 -0.71618 0.673528 
0.283186 -0.677721 0.678602 
0.339042 -0.676302 0.653962 
0.386127 -0.633016 0.670967 
0.432846 -0.589368 0.682121 
0.477684 -0.543697 0.690081 
0.520263 -0.495817 0.695336 
0.560351 -0.445792 0.698052 
0.597772 -0.393771 0.698293 
0.632376 -0.339926 0.696098 
0.664037 -0.284421 0.691491 
0.692667 -0.227399 0.684472 
0.671347 -0.17283 0.72071 
0.695769 -0.113422 0.709253 
0.671237 -0.0570513 0.739044 
0.737594 0.00812334 0.675196 
0.711876 0.0650063 0.699291 
0.728231 0.125262 0.673787 
0.697514 0.18159 0.693181 
0.662779 0.237342 0.710206 
0.672276 0.294128 0.679363 
0.633705 0.346741 0.691512 
0.592753 0.397466 0.700475 
0.600521 0.449865 0.661057 
0.5575 0.496673 0.665214 
0.512966 0.54108 0.666407 
0.467978 0.584101 0.663191 
0.422284 0.6265 0.655114 
0.373497 0.667518 0.644143 
0.36168 0.711049 0.602989 
0.310373 0.744355 0.591274 
0.252526 0.752629 0.608096 
0.192121 0.758 0.623319 
0.130452 0.7605 0.6361 
0.0680065 0.760117 0.646218 
0.00504996 0.75677 0.653662 
-0.0582383 0.750337 0.658485 
-0.121756 0.740546 0.660883 
-0.185458 0.726664 0.661487 
-0.248737 0.706765 0.662279 
-0.307494 0.685127 0.66034 
-0.405291 0.687232 0.602869 
-0.425019 0.64244 0.637676 
-0.473727 0.64396 0.600748 
-0.511965 0.590828 0.623549 
-0.547178 0.537362 0.641747 
-0.579832 0.483142 0.656025 
-0.60962 0.427607 0.667469 
-0.636592 0.370695 0.676267 
-0.660796 0.312464 0.682433 
-0.682342 0.252999 0.685858 
-0.701263 0.192287 0.686481 
-0.717233 0.130176 0.684566 
-0.730295 0.0670362 0.679835 
-0.740569 0.0027922 0.671974 
-0.74627 -0.0641926 0.662541 
-0.712536 -0.106141 0.693561 
-0.66902 -0.162773 0.725201 
-0.662032 -0.275556 0.696981 
-0.633044 -0.33133 0.699626 
-0.601751 -0.385733 0.699361 
-0.568503 -0.438539 0.696052 
-0.533767 -0.489576 0.689499 
-0.550329 -0.536112 0.640095 
-0.510718 -0.58856 0.626709 
-0.452243 -0.632903 0.628418 
-0.407466 -0.609858 0.679739 
-0.394539 -0.661306 0.637976 
-0.33613 -0.688287 0.642866 
-0.276545 -0.712131 0.645285 
-0.216231 -0.732463 0.645556 
-0.155251 -0.749885 0.643094 
-0.113008 -0.719159 0.685595 
-0.0509872 -0.732233 0.679143 
0.0114663 -0.742381 0.66988 
0.0743203 -0.749487 0.657834 
0.137651 -0.753453 0.642932 
0.201843 -0.754263 0.624777 
0.249199 -0.718181 0.649704 
0.317355 -0.719111 0.618195 
0.390841 -0.678152 0.622377 
0.440724 -0.635119 0.634339 
0.487498 -0.590394 0.643257 
0.531664 -0.543593 0.649492 
0.573203 -0.49469 0.653238 
0.612035 -0.443789 0.654572 
0.648056 -0.391039 0.653538 
0.681154 -0.3366 0.650176 
0.711217 -0.280624 0.644531 
0.738152 -0.223252 0.636624 
0.718224 -0.168985 0.674981 
0.740804 -0.10934 0.662763 
0.717611 -0.0529172 0.69443 
0.779524 0.0121582 0.626254 
0.755549 0.0687416 0.651476 
0.770798 0.127932 0.624102 
0.74168 0.184007 0.645021 
0.708718 0.239677 0.663531 
0.717684 0.29575 0.630446 
0.680971 0.349042 0.643777 
0.641865 0.400547 0.65389 
0.647306 0.453425 0.6127 
0.60549 0.501768 0.617746 
0.56175 0.547797 0.619964 
0.516724 0.591885 0.618603 
0.470641 0.634661 0.612946 
0.421497 0.675766 0.604716 
0.410689 0.720726 0.55847 
0.354747 0.755625 0.550623 
0.284813 0.784323 0.551108 
0.219688 0.792185 0.569368 
0.155757 0.796816 0.583802 
0.0922407 0.798128 0.595385 
0.0287494 0.796257 0.604275 
-0.0348122 0.791191 0.610577 
-0.0984191 0.782766 0.614485 
-0.161963 0.770563 0.616442 
-0.225002 0.753863 0.617304 
-0.286114 0.734053 0.615877 
-0.345681 0.711534 0.611739 
-0.385892 0.732135 0.561307 
-0.44627 0.698486 0.559429 
-0.500604 0.669506 0.548778 
-0.532632 0.623932 0.57185 
-0.568011 0.573449 0.590355 
-0.601871 0.521148 0.605108 
-0.633119 0.466943 0.617353 
-0.661608 0.411051 0.627145 
-0.687278 0.353648 0.634494 
-0.710141 0.294865 0.639339 
-0.730226 0.234783 0.641597 
-0.747392 0.173411 0.641353 
-0.761564 0.110954 0.638522 
-0.772739 0.04759 0.632938 
-0.780455 -0.016622 0.624992 
-0.783117 -0.0801326 0.61669 
-0.756183 -0.134728 0.64034 
-0.714462 -0.163327 0.680344 
-0.688504 -0.218862 0.69142 
-0.685122 -0.320293 0.654233 
-0.654842 -0.37619 0.655487 
-0.622197 -0.430629 0.653782 
-0.587276 -0.483782 0.648893 
-0.606317 -0.522895 0.599133 
-0.570119 -0.571855 0.589869 
-0.533105 -0.618381 0.577411 
-0.485233 -0.653384 0.581067 
-0.4308 -0.684575 0.588021 
-0.374563 -0.711627 0.594382 
-0.316628 -0.736543 0.597705 
-0.25726 -0.758484 0.598764 
-0.196926 -0.777306 0.597508 
-0.13585 -0.793169 0.593657 
-0.0936911 -0.764349 0.63796 
-0.0317191 -0.77576 0.630231 
0.0305636 -0.784079 0.619909 
0.0930917 -0.789162 0.607089 
0.155865 -0.790825 0.591863 
0.218784 -0.789279 0.573735 
0.267297 -0.753622 0.600504 
0.328719 -0.756284 0.565666 
0.379262 -0.720275 0.580831 
0.441685 -0.679881 0.585385 
0.492343 -0.635966 0.59426 
0.538911 -0.590082 0.601147 
0.582368 -0.542154 0.605737 
0.622905 -0.492242 0.608019 
0.660536 -0.440475 0.608009 
0.695203 -0.387006 0.605738 
0.726822 -0.331992 0.601258 
0.755293 -0.275582 0.594631 
0.780537 -0.217916 0.585896 
0.761928 -0.16462 0.626391 
0.782677 -0.104883 0.613527 
0.760874 -0.0487334 0.647067 
0.818508 0.0161985 0.574267 
0.79652 0.0719282 0.600318 
0.810919 0.128877 0.57079 
0.783384 0.184888 0.593401 
0.751983 0.240818 0.613619 
0.759743 0.296084 0.578899 
0.724704 0.350322 0.593362 
0.687107 0.402849 0.604646 
0.690352 0.455543 0.562045 
0.649792 0.505166 0.567958 
0.607057 0.552545 0.571118 
0.562487 0.597806 0.571171 
0.516337 0.64134 0.567521 
0.511819 0.687571 0.51506 
0.458889 0.726182 0.511938 
0.405045 0.761204 0.506466 
0.347955 0.791819 0.501947 
0.293294 0.815803 0.498442 
0.235592 0.823762 0.515667 
0.175386 0.829625 0.530059 
0.113711 0.832472 0.542273 
0.0511293 0.832114 0.552242 
-0.0120244 0.828517 0.559835 
-0.0754958 0.821552 0.565113 
-0.139046 0.810957 0.568344 
-0.202304 0.796363 0.569981 
-0.26455 0.778232 0.569534 
-0.325667 0.75674 0.56682 
-0.36621 0.774302 0.516088 
-0.427248 0.744255 0.513365 
-0.485305 0.712811 0.506339 
-0.544505 0.668908 0.50604 
-0.581058 0.612827 0.535551 
-0.618746 0.559697 0.551264 
-0.652464 0.505631 0.564471 
-0.682943 0.450215 0.575235 
-0.710351 0.393397 0.583644 
-0.734754 0.33518 0.589738 
-0.756214 0.275597 0.593453 
-0.774698 0.214639 0.594788 
-0.790128 0.152309 0.593716 
-0.80242 0.088467 0.590165 
-0.811293 0.0224923 0.584208 
-0.816201 -0.0468558 0.575865 
-0.835095 -0.110485 0.538896 
-0.800016 -0.127831 0.586203 
-0.739254 -0.204025 0.641776 
-0.713002 -0.262848 0.65003 
-0.733434 -0.307857 0.606052 
-0.704981 -0.364318 0.608502 
-0.674128 -0.419021 0.608253 
-0.641109 -0.471912 0.605209 
-0.654524 -0.515322 0.553211 
-0.61767 -0.566708 0.545275 
-0.578697 -0.616938 0.533383 
-0.529565 -0.662757 0.529447 
-0.473858 -0.69867 0.536021 
-0.416582 -0.729491 0.542497 
-0.358447 -0.756279 0.547319 
-0.299229 -0.780108 0.549449 
-0.239035 -0.80075 0.549238 
-0.178073 -0.818226 0.546622 
-0.11648 -0.832601 0.541486 
-0.0742142 -0.805997 0.587249 
-0.0121918 -0.815692 0.578358 
0.0500972 -0.82214 0.567077 
0.11258 -0.825155 0.553575 
0.175184 -0.824592 0.537921 
0.237935 -0.821029 0.51894 
0.280262 -0.788808 0.547024 
0.322922 -0.800293 0.505225 
0.379444 -0.759598 0.528235 
0.43415 -0.721233 0.539756 
0.491685 -0.679313 0.544775 
0.541873 -0.634506 0.551158 
0.587776 -0.58757 0.556129 
0.630318 -0.538614 0.559101 
0.669756 -0.487754 0.559931 
0.706143 -0.435135 0.558587 
0.739443 -0.380916 0.555092 
0.769581 -0.325249 0.549507 
0.796465 -0.268272 0.541917 
0.820022 -0.210104 0.532373 
0.802535 -0.159126 0.574993 
0.821445 -0.0993572 0.561566 
0.800978 -0.0443022 0.597053 
0.85491 0.0206926 0.518363 
0.83519 0.0735901 0.545016 
0.848939 0.124586 0.513596 
0.822569 0.182829 0.538473 
0.792251 0.240125 0.560962 
0.798144 0.295265 0.525153 
0.764899 0.350308 0.540567 
0.728732 0.403813 0.553069 
0.730013 0.455812 0.509232 
0.690806 0.506554 0.515936 
0.649279 0.555056 0.519952 
0.605618 0.601323 0.521188 
0.560054 0.645539 0.519248 
0.553062 0.690935 0.465543 
0.501512 0.730983 0.462764 
0.447506 0.767906 0.458322 
0.389882 0.801378 0.453635 
0.329759 0.831271 0.447489 
0.264685 0.850637 0.454267 
0.202065 0.858212 0.471849 
0.139021 0.862939 0.485808 
0.0756452 0.864279 0.497292 
0.0119894 0.862248 0.506345 
-0.0518602 0.856794 0.513044 
-0.115757 0.847761 0.517593 
-0.179449 0.834921 0.520294 
-0.24251 0.818381 0.521001 
-0.304759 0.798194 0.519624 
-0.344733 0.813566 0.468262 
-0.406089 0.786179 0.465847 
-0.465175 0.755684 0.461035 
-0.523012 0.718821 0.45799 
-0.575312 0.684258 0.448115 
-0.597689 0.640449 0.482279 
-0.634944 0.591874 0.49652 
-0.669516 0.540262 0.50977 
-0.701329 0.486439 0.521071 
-0.730222 0.430854 0.530227 
-0.756084 0.373683 0.537306 
-0.778915 0.315066 0.54224 
-0.798698 0.255131 0.544968 
-0.815364 0.194033 0.545466 
-0.828812 0.131977 0.543739 
-0.83889 0.0692804 0.539873 
-0.8455 0.00678565 0.533933 
-0.849467 -0.0535056 0.524922 
-0.856722 -0.153813 0.49231 
-0.820726 -0.17437 0.544062 
-0.780191 -0.186303 0.597154 
-0.759533 -0.249668 0.600646 
-0.777708 -0.294582 0.555331 
-0.750823 -0.352175 0.558782 
-0.721249 -0.408133 0.559667 
-0.689084 -0.462496 0.557907 
-0.700339 -0.504206 0.505274 
-0.663729 -0.556794 0.499445 
-0.623569 -0.60856 0.49073 
-0.574565 -0.6604 0.483474 
-0.516819 -0.705352 0.485157 
-0.45841 -0.741213 0.490371 
-0.399942 -0.771406 0.494954 
-0.340904 -0.797353 0.498008 
-0.280994 -0.819939 0.498742 
-0.22025 -0.839216 0.497198 
-0.158794 -0.855245 0.493295 
-0.096723 -0.868036 0.486988 
-0.0543797 -0.843804 0.533889 
0.0081367 -0.851715 0.523942 
0.0710619 -0.856147 0.511822 
0.134517 -0.856839 0.497727 
0.199099 -0.853335 0.48185 
0.270954 -0.838965 0.471934 
0.329459 -0.83096 0.448288 
0.380806 -0.792664 0.4761 
0.435632 -0.756505 0.487776 
0.488583 -0.718102 0.495597 
0.541291 -0.675713 0.500416 
0.589702 -0.630251 0.50501 
0.634355 -0.582443 0.508285 
0.675693 -0.532553 0.509731 
0.71388 -0.48076 0.509161 
0.748942 -0.427226 0.50652 
0.780836 -0.372101 0.501833 
0.809476 -0.315499 0.495186 
0.834768 -0.257477 0.486692 
0.856638 -0.198012 0.476406 
0.840241 -0.150859 0.520805 
0.857281 -0.0906467 0.506807 
0.837937 -0.038851 0.544383 
0.894826 0.00627264 0.446371 
0.874166 0.06444 0.481332 
0.88048 0.122939 0.457866 
0.857357 0.180768 0.481936 
0.828568 0.23853 0.506536 
0.833086 0.293006 0.469165 
0.801789 0.348589 0.485407 
0.766971 0.402999 0.499346 
0.766414 0.453939 0.454477 
0.728588 0.505805 0.461867 
0.688294 0.555424 0.466643 
0.645608 0.602786 0.468871 
0.600678 0.647978 0.468307 
0.592141 0.691517 0.413731 
0.541904 0.732691 0.411708 
0.488665 0.770889 0.408579 
0.431666 0.805964 0.405076 
0.370452 0.837765 0.401142 
0.300531 0.865343 0.401077 
0.229693 0.881165 0.413266 
0.164657 0.888654 0.427998 
0.100464 0.892129 0.440468 
0.0363804 0.891936 0.450695 
-0.0277768 0.888168 0.458678 
-0.0919742 0.880782 0.464504 
-0.156033 0.869648 0.468365 
-0.219643 0.854754 0.470269 
-0.282582 0.836093 0.470209 
-0.322218 0.849399 0.417967 
-0.383941 0.824205 0.416264 
-0.443861 0.79541 0.412686 
-0.502005 0.762091 0.40891 
-0.5566 0.727264 0.401601 
-0.609539 0.685735 0.39778 
-0.657078 0.649697 0.382286 
-0.640158 0.63079 0.438523 
-0.679957 0.576969 0.45251 
-0.714866 0.522583 0.464621 
-0.746063 0.467197 0.474465 
-0.77382 0.410512 0.482371 
-0.798311 0.352461 0.488335 
-0.819626 0.293065 0.492267 
-0.837776 0.232386 0.494093 
-0.852709 0.170485 0.493784 
-0.864326 0.107392 0.491333 
-0.872585 0.0431245 0.486554 
-0.878008 -0.0221406 0.478134 
-0.872189 -0.0916184 0.480512 
-0.889516 -0.132899 0.437148 
-0.839362 -0.217462 0.498178 
-0.800531 -0.234074 0.551688 
-0.817828 -0.278056 0.503827 
-0.793176 -0.337595 0.506854 
-0.765052 -0.394786 0.508763 
-0.734082 -0.450277 0.508306 
-0.744363 -0.489337 0.454394 
-0.70994 -0.541429 0.450377 
-0.673036 -0.591378 0.444177 
-0.633076 -0.638725 0.437316 
-0.592188 -0.681942 0.429264 
-0.545055 -0.718156 0.432628 
-0.493008 -0.75214 0.437297 
-0.437799 -0.783335 0.441269 
-0.380546 -0.810971 0.444423 
-0.321829 -0.835157 0.446026 
-0.26189 -0.856121 0.445501 
-0.200962 -0.873827 0.442765 
-0.139246 -0.888251 0.437745 
-0.0768944 -0.899324 0.430469 
-0.0341128 -0.877491 0.478378 
0.0290395 -0.883427 0.467669 
0.0929024 -0.885539 0.455182 
0.158068 -0.88323 0.441497 
0.226559 -0.873826 0.430232 
0.289827 -0.863223 0.413336 
0.382893 -0.822593 0.420397 
0.436055 -0.788878 0.433044 
0.48852 -0.752554 0.4416 
0.539396 -0.712912 0.448116 
0.588843 -0.669702 0.452508 
0.6352 -0.623484 0.455839 
0.678305 -0.57481 0.457707 
0.718237 -0.523991 0.457787 
0.755025 -0.471245 0.455922 
0.788638 -0.416746 0.452076 
0.818997 -0.36062 0.446314 
0.845991 -0.30292 0.438793 
0.869495 -0.24357 0.429711 
0.900058 -0.227295 0.371797 
0.889381 -0.182263 0.419264 
0.87505 -0.136903 0.464268 
0.871833 -0.0295397 0.488912 
0.914635 -0.0456233 0.401697 
0.903842 0.0665599 0.422658 
0.908523 0.122901 0.39935 
0.88906 0.178099 0.421727 
0.861201 0.235773 0.45027 
0.864769 0.288894 0.410749 
0.835674 0.344574 0.427689 
0.801967 0.39996 0.443712 
0.79968 0.449514 0.398058 
0.763333 0.50251 0.405963 
0.724398 0.553178 0.41139 
0.68288 0.60155 0.414502 
0.638876 0.647674 0.415157 
0.62898 0.689207 0.359692 
0.580247 0.73129 0.358508 
0.528627 0.770408 0.356407 
0.474133 0.806232 0.353819 
0.417418 0.838288 0.350762 
0.359571 0.865785 0.34803 
0.303955 0.888207 0.344528 
0.246565 0.900887 0.357224 
0.185213 0.910624 0.369406 
0.122951 0.915935 0.382029 
0.0598368 0.917571 0.393042 
-0.0038843 0.915564 0.402153 
-0.0679832 0.909897 0.409225 
-0.132179 0.900494 0.414294 
-0.196134 0.887306 0.417396 
-0.259553 0.8703 0.41858 
-0.298918 0.881515 0.365484 
-0.361055 0.858299 0.36464 
-0.421632 0.831341 0.362076 
-0.480456 0.800422 0.35845 
-0.53666 0.76663 0.352525 
-0.591109 0.728089 0.347097 
-0.642147 0.688686 0.336688 
-0.694574 0.637634 0.333152 
-0.693165 0.602592 0.395482 
-0.727732 0.551902 0.407197 
-0.759731 0.498873 0.417054 
-0.788689 0.443875 0.425375 
-0.814514 0.387125 0.432089 
-0.837195 0.328772 0.437051 
-0.856718 0.268929 0.440126 
-0.873022 0.207663 0.441259 
-0.885982 0.144948 0.440484 
-0.895438 0.0805677 0.437836 
-0.901274 0.0137285 0.433033 
-0.900257 -0.0603534 0.431155 
-0.915552 -0.123114 0.382893 
-0.873416 -0.197483 0.445135 
-0.854272 -0.260457 0.449868 
-0.865091 -0.304759 0.39842 
-0.831456 -0.3207 0.453687 
-0.805413 -0.37909 0.455632 
-0.776243 -0.435217 0.456106 
-0.783133 -0.475477 0.400781 
-0.749873 -0.528667 0.397745 
-0.71389 -0.579873 0.392567 
-0.674773 -0.628961 0.38612 
-0.632647 -0.675753 0.378306 
-0.583968 -0.719458 0.37598 
-0.531822 -0.756595 0.380433 
-0.477527 -0.789727 0.385095 
-0.421197 -0.819455 0.388699 
-0.363184 -0.84568 0.391053 
-0.303812 -0.868518 0.39163 
-0.243318 -0.88806 0.390059 
-0.181943 -0.904263 0.386271 
-0.119919 -0.917075 0.380253 
-0.0574668 -0.926397 0.372137 
-0.0140009 -0.906889 0.421137 
0.0494364 -0.91069 0.410122 
0.113537 -0.910317 0.398035 
0.178289 -0.90503 0.386179 
0.240403 -0.896104 0.3731 
0.302167 -0.883676 0.357507 
0.35606 -0.854889 0.377342 
0.425557 -0.823135 0.375966 
0.481705 -0.787089 0.385294 
0.534561 -0.748372 0.392662 
0.584808 -0.706718 0.398183 
0.632621 -0.662065 0.401822 
0.677407 -0.614706 0.40405 
0.719044 -0.564982 0.404686 
0.757521 -0.513153 0.403529 
0.792811 -0.459424 0.400476 
0.82484 -0.403957 0.395548 
0.853494 -0.346838 0.38891 
0.878626 -0.288027 0.380863 
0.907171 -0.270914 0.321942 
0.926339 -0.208548 0.313694 
0.91747 -0.164073 0.362394 
0.90528 -0.117907 0.408126 
0.889964 -0.073129 0.450129 
0.938381 -0.0343205 0.343895 
0.921326 0.0183897 0.388355 
0.930982 0.0878688 0.354334 
0.920508 0.162781 0.3552 
0.890164 0.230991 0.392748 
0.893336 0.282228 0.349712 
0.867059 0.337243 0.366709 
0.833796 0.394136 0.386577 
0.829698 0.442446 0.340357 
0.795005 0.496547 0.348436 
0.757579 0.548188 0.35435 
0.717407 0.597502 0.358216 
0.67457 0.644522 0.359926 
0.663117 0.684149 0.303671 
0.615603 0.727336 0.30334 
0.565086 0.767746 0.302067 
0.511606 0.805104 0.300112 
0.455453 0.839113 0.297407 
0.397032 0.86947 0.293918 
0.337309 0.895787 0.289462 
0.273579 0.915717 0.294309 
0.211583 0.927603 0.307871 
0.148475 0.935421 0.320847 
0.0850387 0.939083 0.333005 
0.021139 0.938947 0.343411 
-0.0431428 0.935064 0.351845 
-0.107601 0.927418 0.358215 
-0.171922 0.915973 0.362543 
-0.235787 0.900689 0.364917 
-0.27498 0.909721 0.311116 
-0.337546 0.888403 0.311131 
-0.398572 0.863367 0.309414 
-0.457657 0.834733 0.306221 
-0.514105 0.803158 0.301054 
-0.56789 0.768296 0.295332 
-0.618092 0.731652 0.287484 
-0.66566 0.691656 0.280194 
-0.708158 0.650585 0.274318 
-0.73324 0.584754 0.347018 
-0.768097 0.531331 0.357373 
-0.799181 0.476704 0.366146 
-0.826752 0.420685 0.373504 
-0.850972 0.363248 0.379338 
-0.871919 0.304448 0.383496 
-0.889594 0.244388 0.385872 
-0.903916 0.18322 0.38648 
-0.914747 0.121159 0.385434 
-0.921955 0.0585419 0.382848 
-0.925072 -0.0042297 0.379769 
-0.924432 -0.0641581 0.375912 
-0.929428 -0.163087 0.331008 
-0.902492 -0.184141 0.389358 
-0.885599 -0.244691 0.394766 
-0.895388 -0.285795 0.341471 
-0.872972 -0.345451 0.34436 
-0.840997 -0.363359 0.400868 
-0.813596 -0.420373 0.401683 
-0.81793 -0.459985 0.345549 
-0.785713 -0.514519 0.343402 
-0.750552 -0.567105 0.339211 
-0.712205 -0.617654 0.333568 
-0.670462 -0.666034 0.326924 
-0.623207 -0.712136 0.323226 
-0.571515 -0.754186 0.323378 
-0.517704 -0.790467 0.327328 
-0.462053 -0.822596 0.331427 
-0.404604 -0.851146 0.334433 
-0.345627 -0.876174 0.335947 
-0.285401 -0.897758 0.335524 
-0.224171 -0.915925 0.332911 
-0.162185 -0.930631 0.328059 
-0.0996892 -0.941814 0.321011 
-0.0369062 -0.949367 0.311993 
0.00520712 -0.932064 0.362256 
0.0678802 -0.933862 0.351132 
0.130161 -0.931586 0.339419 
0.19086 -0.92565 0.326718 
0.250029 -0.916055 0.313574 
0.30782 -0.903161 0.299243 
0.360604 -0.877035 0.317451 
0.414792 -0.850567 0.323238 
0.472464 -0.817869 0.328433 
0.526431 -0.781092 0.335807 
0.577872 -0.741084 0.341845 
0.626774 -0.698051 0.346236 
0.673019 -0.652152 0.348916 
0.716269 -0.603672 0.350055 
0.756391 -0.5529 0.349533 
0.793323 -0.500081 0.347214 
0.82699 -0.445416 0.343064 
0.857286 -0.389035 0.337211 
0.884072 -0.330935 0.329999 
0.910261 -0.313984 0.269887 
0.931006 -0.253836 0.262289 
0.941135 -0.143444 0.306086 
0.960151 -0.130999 0.24688 
0.929846 -0.0975241 0.354789 
0.958321 -0.00876681 0.28556 
0.942597 0.0290889 0.332664 
0.95394 0.0714615 0.291361 
0.943719 0.133108 0.302781 
0.914616 0.221192 0.338456 
0.920155 0.262976 0.2901 
0.897121 0.323384 0.300991 
0.862149 0.385311 0.32899 
0.856002 0.433541 0.281608 
0.823397 0.488128 0.289394 
0.78774 0.540428 0.29564 
0.74909 0.590559 0.300173 
0.707549 0.638491 0.302826 
0.695128 0.675468 0.246049 
0.648799 0.71988 0.246644 
0.599404 0.761626 0.246253 
0.546966 0.800464 0.245123 
0.491583 0.836161 0.243272 
0.433289 0.868542 0.240615 
0.372098 0.897544 0.236554 
0.306461 0.921826 0.237317 
0.24033 0.939173 0.245349 
0.175617 0.949749 0.259104 
0.111087 0.955981 0.271588 
0.0467527 0.957986 0.28298 
-0.0177389 0.956046 0.29268 
-0.0824233 0.950253 0.300376 
-0.147081 0.940617 0.305953 
-0.211379 0.927115 0.309479 
-0.250566 0.933849 0.25523 
-0.313777 0.914306 0.256102 
-0.375593 0.890976 0.25513 
-0.435561 0.864061 0.252359 
-0.493116 0.834016 0.247494 
-0.548144 0.800772 0.241459 
-0.600298 0.764856 0.233749 
-0.649952 0.725588 0.226018 
-0.69703 0.682839 0.218815 
-0.740919 0.634085 0.221304 
-0.743464 0.60408 0.286965 
-0.777138 0.555004 0.296692 
-0.808242 0.503492 0.305353 
-0.836493 0.449794 0.312992 
-0.861745 0.394144 0.319446 
-0.883915 0.336736 0.324504 
-0.902938 0.277745 0.327965 
-0.918716 0.217357 0.329723 
-0.93111 0.155775 0.329802 
-0.939968 0.0932137 0.328285 
-0.945004 0.0297543 0.325704 
-0.946139 -0.034307 0.321939 
-0.940826 -0.100127 0.323762 
-0.952442 -0.136942 0.272215 
-0.914247 -0.225003 0.336936 
-0.92219 -0.263309 0.283255 
-0.901413 -0.324324 0.286825 
-0.87705 -0.383874 0.288832 
-0.847084 -0.403567 0.345808 
-0.849241 -0.44172 0.289263 
-0.818164 -0.497715 0.287903 
-0.783947 -0.551728 0.284646 
-0.746493 -0.603683 0.279846 
-0.705555 -0.653471 0.27417 
-0.659927 -0.701047 0.270238 
-0.609956 -0.745476 0.268737 
-0.556878 -0.785602 0.269659 
-0.501897 -0.820683 0.27309 
-0.445146 -0.851667 0.276601 
-0.386678 -0.879025 0.278917 
-0.326762 -0.902826 0.279521 
-0.265696 -0.923089 0.278052 
-0.203753 -0.939798 0.274343 
-0.141215 -0.952908 0.268375 
-0.0783394 -0.962353 0.26027 
-0.0152965 -0.968016 0.250421 
0.0260018 -0.953128 0.301449 
0.0889426 -0.952908 0.289923 
0.151659 -0.948722 0.277355 
0.214235 -0.940534 0.263627 
0.276611 -0.927957 0.249762 
0.343699 -0.905171 0.250075 
0.400393 -0.877553 0.263792 
0.457623 -0.846731 0.271346 
0.51381 -0.811733 0.277649 
0.566894 -0.773266 0.284063 
0.617305 -0.731698 0.289054 
0.664997 -0.687226 0.292402 
0.70983 -0.640045 0.29408 
0.75159 -0.590419 0.294139 
0.790154 -0.53862 0.292482 
0.825425 -0.484908 0.289029 
0.857294 -0.429504 0.283855 
0.885626 -0.372532 0.277283 
0.910128 -0.353684 0.21581 
0.932634 -0.294542 0.208421 
0.951227 -0.233978 0.201048 
0.947635 -0.192413 0.254882 
0.976601 -0.109977 0.184813 
0.951802 -0.0776501 0.296721 
0.973762 -0.0101337 0.227343 
0.970303 0.0497357 0.236724 
0.963863 0.114203 0.240677 
0.956454 0.17459 0.23391 
0.937553 0.194435 0.288427 
0.942339 0.2383 0.23497 
0.92314 0.301499 0.238558 
0.885635 0.37561 0.273072 
0.880694 0.418264 0.222334 
0.849867 0.47466 0.228962 
0.81581 0.528238 0.235413 
0.778618 0.579544 0.24059 
0.738377 0.62864 0.244154 
0.725077 0.662754 0.187139 
0.679952 0.708569 0.188665 
0.63176 0.751734 0.189144 
0.580535 0.792031 0.188856 
0.526326 0.82925 0.187949 
0.469063 0.863242 0.18653 
0.408286 0.893978 0.184676 
0.341731 0.921571 0.184191 
0.272151 0.943762 0.187743 
0.20288 0.958915 0.198298 
0.136874 0.968039 0.210158 
0.0719821 0.972504 0.221482 
0.00749612 0.972692 0.231977 
-0.0570748 0.968865 0.24092 
-0.121813 0.961119 0.247813 
-0.186442 0.949454 0.252538 
-0.225399 0.953912 0.198108 
-0.289284 0.936125 0.199964 
-0.352011 0.914422 0.199802 
-0.413036 0.889027 0.197566 
-0.471765 0.860342 0.193 
-0.528029 0.828411 0.18687 
-0.581678 0.793399 0.179356 
-0.632926 0.75496 0.171583 
-0.68181 0.712762 0.164638 
-0.728587 0.665182 0.16338 
-0.770644 0.614831 0.167602 
-0.777235 0.584719 0.2324 
-0.810521 0.533526 0.241672 
-0.840651 0.480421 0.250003 
-0.867639 0.425444 0.257294 
-0.891465 0.368682 0.26337 
-0.912095 0.310231 0.268029 
-0.929474 0.250196 0.271073 
-0.943487 0.188723 0.272426 
-0.95397 0.125982 0.272157 
-0.960673 0.0620513 0.270661 
-0.963342 -0.00300215 0.268259 
-0.960703 -0.0701593 0.268566 
-0.970565 -0.106712 0.215909 
-0.960032 -0.173377 0.219726 
-0.93926 -0.200873 0.278282 
-0.945024 -0.237627 0.22464 
-0.926082 -0.300208 0.228578 
-0.903375 -0.361212 0.231168 
-0.877052 -0.420548 0.232207 
-0.872926 -0.45551 0.174671 
-0.847269 -0.478024 0.23158 
-0.814168 -0.533495 0.229156 
-0.77776 -0.586852 0.225155 
-0.737873 -0.637996 0.220236 
-0.693825 -0.686892 0.216301 
-0.645713 -0.732948 0.214105 
-0.594207 -0.775442 0.213561 
-0.540076 -0.813738 0.21482 
-0.484108 -0.847457 0.217844 
-0.426389 -0.877176 0.220805 
-0.36698 -0.90326 0.222366 
-0.306194 -0.925729 0.221972 
-0.244398 -0.944537 0.219361 
-0.181964 -0.95964 0.214431 
-0.119279 -0.970996 0.207218 
-0.0566805 -0.978555 0.198034 
0.00570673 -0.98223 0.187596 
0.0479351 -0.969723 0.239459 
0.11147 -0.967322 0.227735 
0.175779 -0.96058 0.215378 
0.242003 -0.948984 0.202146 
0.313192 -0.928853 0.197844 
0.382102 -0.901707 0.202295 
0.440693 -0.872273 0.211967 
0.497394 -0.839375 0.2192 
0.552125 -0.802743 0.225303 
0.604067 -0.762802 0.230728 
0.653305 -0.719808 0.234669 
0.699717 -0.673973 0.236972 
0.743141 -0.625528 0.237606 
0.783395 -0.57475 0.236548 
0.820343 -0.521938 0.233705 
0.853863 -0.467379 0.229072 
0.883832 -0.411282 0.222909 
0.906497 -0.390505 0.160528 
0.930719 -0.332072 0.153265 
0.95113 -0.272065 0.146056 
0.967666 -0.210648 0.138741 
0.965877 -0.172427 0.193264 
0.980286 -0.147829 0.131095 
0.968734 -0.0698936 0.238053 
0.992779 -0.0153715 0.118967 
0.984594 0.0214232 0.173539 
0.979876 0.0846354 0.180777 
0.972956 0.147074 0.178115 
0.961205 0.211305 0.177299 
0.944887 0.273983 0.179225 
0.907678 0.357169 0.220341 
0.903539 0.395193 0.16565 
0.874414 0.454931 0.168639 
0.841837 0.510791 0.174364 
0.806047 0.563843 0.179917 
0.767109 0.614482 0.184271 
0.752568 0.646093 0.127298 
0.708739 0.693452 0.129671 
0.661857 0.738108 0.130926 
0.612046 0.779842 0.131326 
0.559502 0.8184 0.131068 
0.504505 0.853521 0.130295 
0.447489 0.884915 0.129145 
0.389165 0.912213 0.128136 
0.331827 0.934913 0.125812 
0.275175 0.952888 0.127603 
0.217264 0.966279 0.138211 
0.156298 0.976481 0.148511 
0.0940528 0.982753 0.159217 
0.0310907 0.984991 0.169781 
-0.0323693 0.983194 0.179671 
-0.0964106 0.977421 0.188024 
-0.160918 0.967675 0.194193 
-0.19903 0.969968 0.139816 
-0.263519 0.954005 0.142944 
-0.327167 0.933966 0.143769 
-0.389271 0.910078 0.142216 
-0.449093 0.882767 0.137982 
-0.506414 0.852152 0.131838 
-0.561262 0.818217 0.12452 
-0.613745 0.780814 0.116819 
-0.663996 0.739595 0.110035 
-0.712222 0.693715 0.107237 
-0.757047 0.644362 0.108067 
-0.797267 0.592979 0.112873 
-0.806647 0.563866 0.17713 
-0.839157 0.511175 0.185787 
-0.868287 0.456674 0.193719 
-0.894102 0.400383 0.200687 
-0.916603 0.342354 0.206478 
-0.935758 0.282643 0.210878 
-0.951511 0.221303 0.213664 
-0.963719 0.158457 0.214794 
-0.972153 0.0942184 0.214575 
-0.976523 0.0286354 0.213499 
-0.976115 -0.0387534 0.213768 
-0.984229 -0.075212 0.160111 
-0.976255 -0.142987 0.162727 
-0.963648 -0.209193 0.166197 
-0.963339 -0.243965 0.111622 
-0.946772 -0.273315 0.170066 
-0.925911 -0.335778 0.173039 
-0.901242 -0.39656 0.174649 
-0.895026 -0.430284 0.117406 
-0.864678 -0.488658 0.116383 
-0.841119 -0.512439 0.172991 
-0.805911 -0.567194 0.169702 
-0.767254 -0.619657 0.165371 
-0.724777 -0.669794 0.161475 
-0.67848 -0.717235 0.158866 
-0.628756 -0.761469 0.15758 
-0.576084 -0.802055 0.157594 
-0.521042 -0.838583 0.159038 
-0.464198 -0.870834 0.161766 
-0.405588 -0.899182 0.164228 
-0.345253 -0.923898 0.164959 
-0.283602 -0.944912 0.163436 
-0.221127 -0.962116 0.159486 
-0.158337 -0.975453 0.153041 
-0.0957032 -0.984898 0.144282 
-0.0333523 -0.990424 0.133974 
0.0288548 -0.991985 0.123021 
0.0678317 -0.981947 0.176575 
0.129511 -0.977697 0.165334 
0.190355 -0.969543 0.154117 
0.249506 -0.957814 0.142619 
0.306652 -0.94158 0.139257 
0.364021 -0.919929 0.145668 
0.423213 -0.893378 0.150886 
0.479447 -0.863068 0.158888 
0.53423 -0.828938 0.165712 
0.587252 -0.791048 0.171399 
0.637874 -0.749772 0.175949 
0.685859 -0.705399 0.178913 
0.73096 -0.658199 0.180196 
0.772959 -0.608461 0.179746 
0.811658 -0.556517 0.177481 
0.846895 -0.502717 0.173333 
0.878537 -0.447354 0.167475 
0.899161 -0.424953 0.104519 
0.925025 -0.367233 0.0973055 
0.947142 -0.307861 0.0902378 
0.965452 -0.246887 0.0833611 
0.979887 -0.184279 0.0765662 
0.99034 -0.119802 0.069819 
0.983437 -0.0465461 0.175174 
0.997879 0.0161515 0.0630533 
0.991515 0.0524423 0.118942 
0.994562 0.0834602 0.0622968 
0.985819 0.116312 0.120968 
0.97612 0.181008 0.120109 
0.962082 0.244908 0.120074 
0.928002 0.332534 0.168028 
0.923105 0.368339 0.110468 
0.896036 0.429989 0.110588 
0.865072 0.488569 0.113805 
0.830782 0.543763 0.118843 
0.793267 0.59619 0.123637 
0.777139 0.62576 0.0669336 
0.734663 0.674808 0.0700294 
0.689051 0.721129 0.0719819 
0.640453 0.764524 0.0729617 
0.589088 0.804751 0.0731494 
0.535249 0.841564 0.0726573 
0.479315 0.874723 0.0715373 
0.421711 0.904026 0.0699734 
0.363041 0.929339 0.067306 
0.302458 0.950833 0.0665993 
0.240557 0.967888 0.0729717 
0.179558 0.980153 0.0840207 
0.117831 0.988497 0.0948095 
0.0555495 0.992847 0.105685 
-0.00722392 0.99319 0.116284 
-0.0704865 0.989507 0.126129 
-0.134456 0.981786 0.134229 
-0.1714 0.981939 0.0801133 
-0.236179 0.967976 0.085094 
-0.300679 0.949729 0.0872222 
-0.363862 0.927423 0.0865465 
-0.424693 0.901555 0.0826728 
-0.482904 0.872325 0.0765071 
-0.538759 0.839599 0.0693682 
-0.592258 0.80338 0.0617341 
-0.643617 0.763367 0.0550258 
-0.692969 0.719141 0.0512815 
-0.739404 0.671375 0.0503735 
-0.78217 0.620869 0.0522662 
-0.820628 0.568579 0.0573379 
-0.832422 0.540707 0.121284 
-0.863901 0.486752 0.129413 
-0.891879 0.431031 0.136982 
-0.916416 0.373549 0.14368 
-0.937502 0.314334 0.149282 
-0.955095 0.253395 0.153574 
-0.969126 0.190718 0.156275 
-0.979399 0.1264 0.157481 
-0.985625 0.060565 0.157718 
-0.987348 -0.00691649 0.158419 
-0.993617 -0.0432761 0.104178 
-0.988073 -0.111541 0.106163 
-0.977916 -0.178553 0.108625 
-0.975628 -0.212829 0.0534145 
-0.959095 -0.277419 0.0563424 
-0.94453 -0.307739 0.114718 
-0.921701 -0.369904 0.116787 
-0.913469 -0.402464 0.0599787 
-0.884742 -0.462259 0.0595659 
-0.85236 -0.519791 0.0574413 
-0.830818 -0.544803 0.113716 
-0.793522 -0.598549 0.109824 
-0.752636 -0.649859 0.105932 
-0.708125 -0.698535 0.102997 
-0.660215 -0.744225 0.101216 
-0.609238 -0.786589 0.100532 
-0.555585 -0.825309 0.100946 
-0.499732 -0.860093 0.10251 
-0.442115 -0.890785 0.105049 
-0.382676 -0.917658 0.107068 
-0.321411 -0.940891 0.106865 
-0.258918 -0.960285 0.103994 
-0.195927 -0.975675 0.0983388 
-0.133139 -0.987008 0.0899356 
-0.0707237 -0.994311 0.0796444 
-0.00832896 -0.997601 0.0687291 
0.0540699 -0.996877 0.0575643 
0.090882 -0.989567 0.11179 
0.152675 -0.983151 0.10052 
0.214232 -0.972707 0.0891386 
0.277081 -0.95737 0.0816615 
0.339539 -0.936893 0.0833387 
0.398818 -0.91259 0.0901375 
0.456933 -0.884261 0.096409 
0.512548 -0.852316 0.104174 
0.566417 -0.816617 0.110948 
0.618406 -0.777206 0.116295 
0.668013 -0.734396 0.120091 
0.71488 -0.688499 0.122131 
0.758706 -0.639837 0.122367 
0.799236 -0.588771 0.120707 
0.83625 -0.535714 0.117033 
0.869578 -0.481061 0.11142 
0.888054 -0.457216 0.0480961 
0.915482 -0.400283 0.0408307 
0.939216 -0.341657 0.0338075 
0.959221 -0.281345 0.0272207 
0.975428 -0.219307 0.0210958 
0.987739 -0.155342 0.0155004 
0.995981 -0.0888285 0.0114764 
0.988895 -0.0834261 0.122994 
0.999749 -0.0206739 0.00865543 
0.998839 0.0477164 0.00657296 
0.993316 0.115293 0.0056196 
0.986843 0.148931 0.0629334 
0.974886 0.213837 0.0622117 
0.9592 0.276651 0.0582982 
0.945303 0.305666 0.113891 
0.938927 0.339683 0.0550526 
0.91405 0.402005 0.0538989 
0.885013 0.462312 0.0549511 
0.852347 0.519723 0.0582454 
0.816379 0.574095 0.062771 
0.798535 0.601914 0.0064371 
0.757552 0.652697 0.0100992 
0.713278 0.700765 0.0127183 
0.665871 0.74593 0.0142831 
0.615549 0.787957 0.0149281 
0.562595 0.826601 0.0147522 
0.507359 0.861625 0.0137814 
0.45022 0.892836 0.0121095 
0.391554 0.920105 0.00959714 
0.330862 0.943643 0.00830838 
0.268082 0.96333 0.0113189 
0.205327 0.978511 0.0189069 
0.1434 0.989224 0.0295489 
0.0811873 0.995879 0.0404101 
0.0186826 0.998504 0.0513956 
-0.0441399 0.997092 0.0621223 
-0.107364 0.991601 0.0721187 
-0.143477 0.989488 0.018089 
-0.207492 0.97789 0.0260509 
-0.272434 0.9617 0.0301948 
-0.336639 0.941132 0.0307303 
-0.398381 0.916815 0.0272612 
-0.457296 0.889066 0.0210042 
-0.514012 0.857668 0.0140458 
-0.56836 0.822755 0.00643103 
0.620657 -0.784082 0.000268802 
0.670961 -0.741478 0.00468479 
0.718613 -0.695377 0.0067702 
0.763048 -0.646308 0.00658745 
0.803821 -0.594857 0.00398073 
-0.840555 0.541725 0.00126468 
-0.854621 0.515167 0.0650121 
-0.884883 0.4601 0.0727321 
-0.911565 0.403295 0.080016 
-0.934699 0.344745 0.0865371 
-0.954256 0.284455 0.0920964 
-0.970175 0.222372 0.0964929 
-0.982368 0.15836 0.0993715 
-0.990573 0.0925509 0.100991 
-0.994423 0.0251256 0.10243 
-0.998787 -0.0112049 0.0479523 
-0.995577 -0.0796632 0.0497948 
-0.987787 -0.147139 0.0512463 
0.983429 0.181219 0.00515932 
0.969368 0.2456 0.00235134 
-0.95094 -0.309374 0.000676366 
-0.938318 -0.340737 0.0588029 
-0.928155 -0.372185 0.00253159 
-0.901225 -0.433343 0.00275361 
-0.870446 -0.492263 0.00113394 
0.836162 0.548478 0.00226116 
-0.81653 -0.574785 0.053857 
-0.777262 -0.627197 0.049883 
-0.73452 -0.676984 0.0466169 
-0.688432 -0.72394 0.0444188 
-0.639226 -0.767801 0.0432548 
-0.587195 -0.808301 0.0430413 
-0.532695 -0.845175 0.0437695 
-0.476136 -0.878198 0.0454138 
-0.417885 -0.907237 0.0478767 
-0.357718 -0.932516 0.0495143 
-0.295562 -0.954108 0.0481736 
-0.232457 -0.971634 0.0434966 
-0.169588 -0.984877 0.0354455 
-0.107271 -0.993914 0.0250602 
-0.044855 -0.998893 0.0141768 
0.0177034 -0.999838 0.00310118 
-0.0804421 0.996729 0.0077897 
0.116491 -0.992104 0.0464764 
0.179039 -0.983194 0.0357057 
0.242792 -0.96968 0.0277871 
0.30758 -0.951189 0.0251687 
0.370053 -0.928586 0.0280991 
0.429399 -0.902453 0.0345633 
0.486854 -0.872507 0.041283 
0.541902 -0.839015 0.0489402 
0.595014 -0.801785 0.0556717 
0.646168 -0.760785 0.0606068 
0.694838 -0.716347 0.0636117 
0.740574 -0.668857 0.0646505 
0.783022 -0.618727 0.0636657 
0.821879 -0.566441 0.0604917 
0.856905 -0.512524 0.0550782 
-0.873189 0.487308 0.00848732 
-0.90209 0.431254 0.01592 
-0.927351 0.373483 0.0230168 
-0.948969 0.313989 0.0294906 
-0.966892 0.252747 0.0352067 
-0.98104 0.189631 0.0400166 
-0.991295 0.124315 0.0433607 
-0.997319 0.0570974 0.0457748 
0.996483 -0.0523751 0.0654115 
0.467167 0.682946 0.561551 

