-0.01607564 -0.00101402 +0.99987026 
-0.04312423 +0.10775243 +0.99324202 
-0.06298622 -0.06850562 +0.99566044 
+0.07253976 -0.00658535 +0.99734378 
+0.02485471 +0.06640851 +0.99748291 
+0.05284349 +0.14109792 +0.98858431 
-0.09210428 +0.17855326 +0.97960989 
-0.12620891 +0.09758069 +0.98719265 
-0.09212209 +0.02266254 +0.99548979 
-0.14476654 -0.05466879 +0.98795444 
-0.02336913 -0.14776297 +0.98874668 
+0.06579345 -0.15390446 +0.98589281 
+0.02543686 -0.07847187 +0.99659176 
+0.15789138 -0.00261330 +0.98745303 
+0.11078677 +0.07143133 +0.99127386 
+0.14067228 +0.14957432 +0.97869241 
+0.08240592 +0.21688210 +0.97271343 
-0.00870179 +0.19416645 +0.98093000 
-0.06238042 +0.26024449 +0.96352555 
-0.17841355 +0.16580231 +0.96988566 
-0.21138038 +0.08997836 +0.97325343 
-0.17819329 +0.01929096 +0.98380639 
-0.19676794 -0.11937631 +0.97315552 
-0.11114369 -0.13740978 +0.98425893 
-0.07143476 -0.21640068 +0.97368774 
+0.01681043 -0.22424530 +0.97438773 
+0.10514968 -0.22824629 +0.96790866 
+0.15369127 -0.15474376 +0.97592692 
+0.11405437 -0.08081876 +0.99018177 
+0.24133417 +0.00280704 +0.97043801 
+0.19484608 +0.07720557 +0.97779052 
+0.22597108 +0.15586619 +0.96158349 
+0.17015943 +0.22613087 +0.95911970 
+0.11161430 +0.29245110 +0.94974449 
+0.02287884 +0.27585945 +0.96092566 
-0.03329636 +0.33962150 +0.93997265 
-0.11901281 +0.32244541 +0.93907663 
-0.14797123 +0.24344186 +0.95856172 
-0.23763321 +0.21832242 +0.94650187 
-0.27185614 +0.13760816 +0.95244855 
-0.23606782 -0.03878326 +0.97096233 
-0.28140162 -0.11264813 +0.95295516 
-0.24188807 -0.18928348 +0.95166272 
-0.15851724 -0.20347687 +0.96616223 
-0.11923992 -0.28330789 +0.95158735 
-0.03204390 -0.29307349 +0.95555278 
+0.05570981 -0.29895142 +0.95264079 
+0.14329831 -0.30100491 +0.94279459 
+0.19216511 -0.22778646 +0.95456058 
+0.23888850 -0.15108817 +0.95922085 
+0.19959089 -0.07712527 +0.97683938 
+0.32297058 +0.00842347 +0.94637152 
+0.27756934 +0.08291036 +0.95712127 
+0.30926237 +0.16165902 +0.93713561 
+0.25568498 +0.23259861 +0.93836191 
+0.28398216 +0.30713372 +0.90830777 
+0.19867153 +0.30098471 +0.93270458 
+0.05251910 +0.35391452 +0.93380204 
-0.00500079 +0.41631894 +0.90920489 
-0.09037273 +0.40032784 +0.91190481 
-0.17564618 +0.37917073 +0.90850315 
-0.20555401 +0.29900267 +0.93185028 
-0.29124969 +0.27531148 +0.91617531 
-0.32428792 +0.19791147 +0.92502345 
-0.34702260 +0.11070080 +0.93130051 
-0.27639310 +0.04128879 +0.96015732 
-0.31897139 -0.03804945 +0.94700026 
-0.32846929 -0.17940783 +0.92731912 
-0.28674280 -0.25516632 +0.92340063 
-0.20411561 -0.27085654 +0.94073033 
-0.16778179 -0.34925918 +0.92188247 
-0.13565242 -0.42222872 +0.89628194 
-0.08181431 -0.35966191 +0.92948896 
+0.00529056 -0.36743570 +0.93003388 
+0.09260466 -0.37138028 +0.92385122 
+0.17949485 -0.37147070 +0.91092871 
+0.22980854 -0.29897943 +0.92617457 
+0.27696364 -0.22379601 +0.93445518 
+0.32165576 -0.14603449 +0.93552739 
+0.28282516 -0.07189655 +0.95647311 
+0.40231613 +0.01425129 +0.91538988 
+0.35846586 +0.08857670 +0.92933116 
+0.39023386 +0.16708983 +0.90542726 
+0.33904158 +0.23830197 +0.91008954 
+0.36707918 +0.31241136 +0.87615753 
+0.31066601 +0.37903755 +0.87167492 
+0.22584936 +0.37363376 +0.89966098 
+0.13974005 +0.36660701 +0.91982173 
+0.08050672 +0.42877057 +0.89981913 
-0.06246959 +0.47587812 +0.87728990 
-0.14681679 +0.45708231 +0.87722323 
-0.23008318 +0.43429009 +0.87089256 
-0.25974946 +0.35485950 +0.89811188 
-0.34446692 +0.32650155 +0.88019275 
-0.38088430 +0.25054361 +0.89003093 
-0.40109077 +0.16338801 +0.90134929 
-0.42750028 +0.06430989 +0.90172487 
-0.35625115 +0.03325452 +0.93379830 
-0.36860625 -0.10330854 +0.92382724 
-0.36937959 -0.25127757 +0.89466100 
-0.32603063 -0.32379787 +0.88817733 
-0.25074385 -0.33665225 +0.90763031 
-0.22677912 -0.40833481 +0.88421373 
-0.18596757 -0.47916643 +0.85779694 
-0.09874227 -0.49363107 +0.86404764 
-0.04731641 -0.43256518 +0.90036022 
+0.04030392 -0.43886493 +0.89764869 
+0.12733682 -0.44102804 +0.88841410 
+0.21343338 -0.43927364 +0.87263100 
+0.26521924 -0.36760375 +0.89136201 
+0.31483458 -0.29392728 +0.90248875 
+0.35948927 -0.21876649 +0.90714314 
+0.40167368 -0.14085899 +0.90488507 
+0.36372770 -0.06640895 +0.92913509 
+0.47907584 +0.02028222 +0.87753916 
+0.43707873 +0.09411102 +0.89448605 
+0.46865072 +0.17143296 +0.86658943 
+0.41980844 +0.24307207 +0.87445803 
+0.44707266 +0.31655665 +0.83661098 
+0.39307447 +0.38381732 +0.83556970 
+0.33542727 +0.44798868 +0.82873077 
+0.25139280 +0.44352620 +0.86028261 
+0.16644834 +0.43853961 +0.88316361 
+0.10693461 +0.50036852 +0.85918352 
+0.02220074 +0.49003044 +0.87142257 
-0.03559299 +0.54827333 +0.83554144 
-0.11917588 +0.53179703 +0.83844441 
-0.20183963 +0.51112075 +0.83547373 
-0.31227041 +0.40702714 +0.85837993 
-0.39349285 +0.37709899 +0.83842694 
-0.43255141 +0.30698837 +0.84773665 
-0.45642952 +0.22019546 +0.86208239 
-0.46978188 +0.13233873 +0.87280665 
-0.50207735 +0.04508038 +0.86364697 
-0.40815970 -0.02620459 +0.91253437 
-0.44783169 -0.10494633 +0.88793752 
-0.40989825 -0.17839348 +0.89451618 
-0.39973697 -0.32838056 +0.85579002 
-0.32696172 -0.39695275 +0.85762728 
-0.36665301 -0.45552603 +0.81120997 
-0.27476410 -0.46006576 +0.84430100 
-0.23286713 -0.53348756 +0.81311987 
-0.14897334 -0.55078401 +0.82124534 
-0.06391351 -0.56298259 +0.82399373 
-0.01199826 -0.50279597 +0.86432185 
+0.07441737 -0.50737295 +0.85850728 
+0.16017039 -0.50780227 +0.84645277 
+0.24463666 -0.50442157 +0.82807716 
+0.29802553 -0.43347298 +0.85045985 
+0.34958111 -0.36076153 +0.86466419 
+0.39883939 -0.28789557 +0.87065681 
+0.43899564 -0.21427679 +0.87256420 
+0.47794188 -0.13458817 +0.86801934 
+0.44172321 -0.06033618 +0.89512019 
+0.55358792 +0.02416735 +0.83244000 
+0.51334433 +0.09819453 +0.85254644 
+0.54384243 +0.17404718 +0.82094031 
+0.49732590 +0.24644843 +0.83182337 
+0.52298390 +0.31945893 +0.79021126 
+0.47164265 +0.38763989 +0.79201548 
+0.41661943 +0.45246701 +0.78848073 
+0.35794852 +0.51378179 +0.77968015 
+0.27504342 +0.51017396 +0.81490714 
+0.19157601 +0.50769553 +0.83996659 
+0.13206186 +0.56841776 +0.81207199 
+0.04828122 +0.56031926 +0.82686834 
-0.00934532 +0.61672087 +0.78712644 
-0.09279832 +0.60239695 +0.79278395 
-0.17572644 +0.58362479 +0.79278138 
-0.25771741 +0.56040351 +0.78710206 
-0.28309319 +0.48616234 +0.82674326 
-0.36230402 +0.45741562 +0.81210021 
-0.43944226 +0.42233091 +0.79279701 
-0.50343130 +0.27903024 +0.81774021 
-0.52887000 +0.18955157 +0.82726460 
-0.53987294 +0.11064851 +0.83444240 
-0.58469459 +0.04565399 +0.80996787 
-0.48086515 -0.02944527 +0.87630000 
-0.52419371 -0.10390272 +0.84523676 
-0.48751900 -0.17958569 +0.85444380 
-0.44649411 -0.25416455 +0.85792971 
-0.47688810 -0.32534577 +0.81653406 
-0.42077094 -0.39521253 +0.81655304 
-0.38217076 -0.53187439 +0.75568191 
-0.31469136 -0.51548367 +0.79702317 
-0.28851082 -0.58135943 +0.76077770 
-0.20275286 -0.60240871 +0.77200714 
-0.11733773 -0.61815598 +0.77724838 
-0.03186290 -0.62841523 +0.77722523 
+0.02145267 -0.57014050 +0.82126706 
+0.10663765 -0.57279057 +0.81273574 
+0.19102781 -0.57156395 +0.79801192 
+0.27367614 -0.56683056 +0.77704857 
+0.32705349 -0.49691137 +0.80381285 
+0.38104293 -0.42465422 +0.82126432 
+0.43291245 -0.35198665 +0.82987481 
+0.48334197 -0.28304533 +0.82841166 
+0.51278166 -0.20844845 +0.83282904 
+0.55046502 -0.12661202 +0.82520158 
+0.51668446 -0.05347021 +0.85450460 
+0.62466852 +0.02494125 +0.78049163 
+0.58641504 +0.10002374 +0.80381133 
+0.61478807 +0.17489818 +0.76905543 
+0.57066523 +0.24836027 +0.78272497 
+0.59370525 +0.32143545 +0.73769460 
+0.54491374 +0.39085902 +0.74182090 
+0.49250238 +0.45684974 +0.74076293 
+0.43645737 +0.51899301 +0.73494981 
+0.37687831 +0.57710126 +0.72451148 
+0.29670759 +0.57316105 +0.76383965 
+0.21528991 +0.57370811 +0.79025898 
+0.15738178 +0.63239108 +0.75849357 
+0.07419176 +0.62657498 +0.77582174 
+0.01878900 +0.68035766 +0.73263936 
-0.06549547 +0.66836732 +0.74094229 
-0.14914131 +0.65153405 +0.74381466 
-0.23208447 +0.62992449 +0.74116931 
-0.31404186 +0.60352049 +0.73289885 
-0.33829298 +0.53278272 +0.77569351 
-0.41729198 +0.49910693 +0.75944695 
-0.49309634 +0.45284664 +0.74282294 
-0.49038866 +0.36072155 +0.79334666 
-0.56041014 +0.32430099 +0.76208224 
-0.57038248 +0.24231619 +0.78482271 
-0.60290591 +0.12976436 +0.78718846 
-0.65138130 +0.05849822 +0.75649214 
-0.55468879 -0.02672766 +0.83162851 
-0.56227561 -0.17553354 +0.80810526 
-0.52239475 -0.25126185 +0.81484428 
-0.55000227 -0.32196062 +0.77060941 
-0.49757511 -0.39523519 +0.77214516 
-0.44132715 -0.46450481 +0.76776665 
-0.46658319 -0.52233328 +0.71377032 
-0.41137839 -0.58332697 +0.70035525 
-0.33930103 -0.61663486 +0.71037754 
-0.25486805 -0.64771055 +0.71799256 
-0.17008971 -0.66739820 +0.72501664 
-0.08502841 -0.68118142 +0.72716026 
+0.00022398 -0.68922913 +0.72454341 
+0.05359356 -0.63348776 +0.77189441 
+0.13887713 -0.63403052 +0.76073546 
+0.22370155 -0.63082792 +0.74297628 
+0.30747413 -0.62406439 +0.71833370 
+0.35343022 -0.55802016 +0.75079996 
+0.40710854 -0.48705069 +0.77268639 
+0.46191431 -0.41397705 +0.78438395 
+0.51593442 -0.34501789 +0.78407546 
+0.56697355 -0.27780715 +0.77547675 
+0.57948121 -0.20051412 +0.78993393 
+0.62039730 -0.12515223 +0.77423776 
+0.58948453 -0.05005480 +0.80622733 
+0.69057797 +0.02263692 +0.72290361 
+0.65503088 +0.09963069 +0.74900485 
+0.68053397 +0.17409577 +0.71173322 
+0.63884757 +0.24901891 +0.72791715 
+0.65847253 +0.32249839 +0.68000641 
+0.61175652 +0.39374524 +0.68608938 
+0.56109991 +0.46174340 +0.68699340 
+0.50625690 +0.52614849 +0.68328011 
+0.44679972 +0.58671867 +0.67537487 
+0.38118474 +0.64349710 +0.66378436 
+0.31520698 +0.63316940 +0.70692367 
+0.23924230 +0.63643595 +0.73328876 
+0.19042093 +0.68993737 +0.69837403 
+0.10379191 +0.68753302 +0.71869714 
+0.04646453 +0.73805416 +0.67313974 
-0.03794796 +0.72893019 +0.68353546 
-0.12181802 +0.71447223 +0.68897736 
-0.20514312 +0.69473532 +0.68939041 
-0.28791458 +0.66983095 +0.68442070 
-0.36981799 +0.63911103 +0.67436766 
-0.39473660 +0.57114067 +0.71970921 
-0.52658539 +0.55616731 +0.64295082 
-0.47355837 +0.52962105 +0.70373575 
-0.55314373 +0.40066649 +0.73040973 
-0.62007854 +0.35550680 +0.69936937 
-0.62724401 +0.27802321 +0.72750811 
-0.62720115 +0.19665545 +0.75362149 
-0.67417056 +0.13309500 +0.72648454 
-0.62806773 -0.02212824 +0.77784399 
-0.59688820 -0.09828151 +0.79628213 
-0.63256874 -0.16863297 +0.75592309 
-0.59429187 -0.24610884 +0.76566808 
-0.62054684 -0.31415610 +0.71848978 
-0.57273238 -0.38796824 +0.72212067 
-0.52103504 -0.45737725 +0.72064453 
-0.53730335 -0.52114921 +0.66310528 
-0.47772883 -0.58761267 +0.65305935 
-0.39782679 -0.64786790 +0.64961606 
-0.31132150 -0.68146529 +0.66233223 
-0.22419370 -0.70928660 +0.66831856 
-0.13841092 -0.72759101 +0.67190308 
-0.05287995 -0.73923135 +0.67137227 
+0.03262392 -0.74484711 +0.66643715 
+0.08545327 -0.69197641 +0.71684475 
+0.17045150 -0.69015944 +0.70329669 
+0.25474808 -0.68478696 +0.68276660 
+0.33647918 -0.67645942 +0.65512169 
+0.38979236 -0.61182166 +0.68828495 
+0.42983700 -0.54836363 +0.71731268 
+0.48358320 -0.47640445 +0.73429292 
+0.53922782 -0.41029917 +0.73545085 
+0.59180082 -0.34414167 +0.72892956 
+0.64299530 -0.28073124 +0.71256369 
+0.64060783 -0.20565186 +0.73981682 
+0.68367881 -0.13129016 +0.71787616 
+0.65795030 -0.05145609 +0.75130132 
+0.75028628 +0.01777479 +0.66087408 
+0.71812311 +0.09702249 +0.68911961 
+0.74044906 +0.17147370 +0.64987073 
+0.70122811 +0.24829891 +0.66830142 
+0.71763176 +0.32142129 +0.61781309 
+0.67311901 +0.39433220 +0.62563002 
+0.62442678 +0.46402988 +0.62830524 
+0.57126978 +0.53016498 +0.62655880 
+0.51319396 +0.59238795 +0.62105432 
+0.44890993 +0.65018709 +0.61297359 
+0.37269449 +0.70026703 +0.60887183 
+0.30339480 +0.74163659 +0.59826981 
+0.28577891 +0.69199941 +0.66292324 
+0.21829713 +0.73745781 +0.63914188 
+0.13153668 +0.74163123 +0.65778509 
-0.01029441 +0.78394000 +0.62075124 
-0.09377820 +0.77217275 +0.62845437 
-0.17697904 +0.75474457 +0.63169538 
-0.25979817 +0.73164284 +0.63024096 
-0.34232087 +0.70275942 +0.62365506 
-0.42371763 +0.66729176 +0.61252353 
-0.45005080 +0.60080293 +0.66067399 
-0.57621060 +0.57860570 +0.57723200 
-0.59755579 +0.50662230 +0.62149894 
-0.54637020 +0.48151197 +0.68529252 
-0.61064981 +0.43085702 +0.66443136 
-0.68352778 +0.29817851 +0.66624271 
-0.68529888 +0.21669132 +0.69527715 
-0.73213898 +0.15079393 +0.66425424 
-0.71688127 +0.06773700 +0.69389692 
-0.69349173 -0.01051832 +0.72038780 
-0.66612590 -0.09080605 +0.74029085 
-0.69857673 -0.15913605 +0.69761471 
-0.66224773 -0.23739393 +0.71068423 
-0.68593004 -0.30475139 +0.66077725 
-0.64118606 -0.38029499 +0.66652544 
-0.59163826 -0.45242017 +0.66729315 
-0.60707263 -0.51257231 +0.60723344 
-0.55158915 -0.57793695 +0.60144683 
-0.49083269 -0.63841817 +0.59287900 
-0.42806557 -0.68730634 +0.58683035 
-0.35226582 -0.71748759 +0.60093290 
-0.27219513 -0.74520979 +0.60874640 
-0.18880894 -0.76778347 +0.61225789 
-0.10449799 -0.78311093 +0.61303951 
-0.01982881 -0.79201073 +0.61018508 
+0.11815028 -0.74493272 +0.65659406 
+0.20395203 -0.74019771 +0.64071126 
+0.29079967 -0.73176751 +0.61640236 
+0.31711113 -0.77293041 +0.54956266 
+0.41237629 -0.66093761 +0.62698267 
+0.47406446 -0.60575099 +0.63900597 
+0.49809684 -0.53950998 +0.67884352 
+0.55487258 -0.47722348 +0.68145005 
+0.60843815 -0.41348989 +0.67736927 
+0.66002739 -0.34972077 +0.66487535 
+0.70915664 -0.28466218 +0.64503046 
+0.70013216 -0.21098726 +0.68212853 
+0.74194933 -0.13685276 +0.65634024 
+0.71984724 -0.05688672 +0.69179755 
+0.80419852 +0.01256761 +0.59422790 
+0.77514816 +0.09247693 +0.62497467 
+0.79438841 +0.16692010 +0.58402460 
+0.75777548 +0.24550004 +0.60457096 
+0.77115723 +0.31795880 +0.55156027 
+0.72903223 +0.39231411 +0.56089361 
+0.68250948 +0.46350786 +0.56510289 
+0.63130073 +0.53118381 +0.56506916 
+0.57502113 +0.59498454 +0.56155507 
+0.51279425 +0.65435565 +0.55575240 
+0.44261765 +0.70769298 +0.55069071 
+0.37142165 +0.75439903 +0.54122828 
+0.29759214 +0.79672921 +0.52598620 
+0.23542918 +0.78429090 +0.57398684 
+0.15583342 +0.79034577 +0.59251119 
+0.07314464 +0.79008895 +0.60861261 
+0.02209642 +0.83288678 +0.55300214 
-0.06281546 +0.82423162 +0.56275790 
-0.14672237 +0.80954221 +0.56843113 
-0.22980490 +0.78881002 +0.57006005 
-0.31225964 +0.76190814 +0.56744154 
-0.39436043 +0.72890386 +0.55962400 
-0.50198615 +0.62562244 +0.59716536 
-0.55022926 +0.64592307 +0.52917970 
-0.62177685 +0.59669626 +0.50729392 
-0.64529552 +0.52638512 +0.55363562 
-0.66257493 +0.45240137 +0.59693170 
-0.67513745 +0.37649883 +0.63438005 
-0.73446195 +0.31616264 +0.60050548 
-0.73827221 +0.23475057 +0.63233402 
-0.78361016 +0.16838611 +0.59799769 
-0.77303503 +0.08423242 +0.62874617 
-0.75463805 +0.00123417 +0.65614015 
-0.72916333 -0.07891223 +0.67977474 
-0.75874415 -0.14675689 +0.63464142 
-0.72516554 -0.22678897 +0.65015513 
-0.74603512 -0.29304508 +0.59796001 
-0.70440798 -0.36971601 +0.60590384 
-0.65807147 -0.44307011 +0.60879456 
-0.66933507 -0.50402641 +0.54584608 
-0.61542877 -0.57186828 +0.54241506 
-0.55486627 -0.63615156 +0.53612928 
-0.48644731 -0.69718177 +0.52659909 
-0.40280368 -0.74448898 +0.53243342 
-0.32096261 -0.77593304 +0.54305701 
-0.23856018 -0.80141981 +0.54846634 
-0.15492936 -0.82061436 +0.55008087 
-0.07071578 -0.83299001 +0.54875033 
+0.01380526 -0.83897942 +0.54398800 
+0.06488035 -0.79488398 +0.60328268 
+0.14940834 -0.79209399 +0.59183128 
+0.23368586 -0.78428617 +0.57470525 
+0.27060908 -0.82003587 +0.50429346 
+0.38039465 -0.71954521 +0.58099450 
+0.47098071 -0.66999368 +0.57383416 
+0.53767068 -0.61692922 +0.57472479 
+0.55433101 -0.55133254 +0.62349784 
+0.61336498 -0.48757151 +0.62133520 
+0.66748587 -0.42273305 +0.61299216 
+0.71858283 -0.35687020 +0.59689394 
+0.76565298 -0.28857805 +0.57488974 
+0.75688157 -0.21440095 +0.61738361 
+0.79555078 -0.14086477 +0.58928437 
+0.77616781 -0.06216840 +0.62745408 
+0.85245112 +0.00741663 +0.52275432 
+0.82628796 +0.08700275 +0.55648785 
+0.84240902 +0.16087958 +0.51426141 
+0.80839635 +0.24062382 +0.53721087 
+0.81900147 +0.31204262 +0.48152466 
+0.77943720 +0.38749938 +0.49226200 
+0.73530234 +0.45993525 +0.49778514 
+0.68630319 +0.52892123 +0.49922968 
+0.63217605 +0.59409546 +0.49739725 
+0.57245030 +0.65493568 +0.49331523 
+0.50650157 +0.71040587 +0.48865085 
+0.43739141 +0.75986089 +0.48093678 
+0.36520406 +0.80372332 +0.46973910 
+0.28671856 +0.84023766 +0.46020988 
+0.19807397 +0.83091625 +0.51994700 
+0.13337216 +0.87362307 +0.46796859 
+0.10860095 +0.83528797 +0.53898037 
-0.03290188 +0.86948309 +0.49286573 
-0.11622031 +0.85803766 +0.50026414 
-0.19899914 +0.84032009 +0.50424348 
-0.28103625 +0.81620293 +0.50480829 
-0.36235863 +0.78558539 +0.50154942 
-0.44331786 +0.74933892 +0.49189477 
-0.47436665 +0.69015036 +0.54650596 
-0.52144583 +0.70815763 +0.47603258 
-0.59387197 +0.66233557 +0.45675779 
-0.66154016 +0.61222660 +0.43306260 
-0.68786149 +0.54286360 +0.48181499 
-0.70867586 +0.46998301 +0.52620766 
-0.72411674 +0.39447480 +0.56572482 
-0.77985924 +0.33238389 +0.53041542 
-0.78595249 +0.25175491 +0.56471068 
-0.82243683 +0.10137304 +0.55975098 
-0.80823004 +0.01724260 +0.58861439 
-0.78676684 -0.06580135 +0.61373294 
-0.81307373 -0.13270815 +0.56683301 
-0.78235153 -0.21371528 +0.58502296 
-0.80002635 -0.27953380 +0.53086598 
-0.76137193 -0.35763853 +0.54074714 
-0.71787919 -0.43255696 +0.54547589 
-0.72684157 -0.49156001 +0.47965622 
-0.67714523 -0.55949475 +0.47795393 
-0.62278309 -0.62271840 +0.47366974 
-0.56448722 -0.68049067 +0.46721154 
-0.50436143 -0.73257134 +0.45712010 
-0.43571882 -0.77107652 +0.46431682 
-0.36048215 -0.80385115 +0.47315530 
-0.28232277 -0.83076649 +0.47970918 
-0.20177915 -0.85220424 +0.48273503 
-0.11955496 -0.86764694 +0.48259237 
-0.03658765 -0.87678361 +0.47949123 
+0.09851376 -0.83880611 +0.53544314 
+0.12882789 -0.87667516 +0.46351271 
+0.18363842 -0.83250054 +0.52270430 
+0.28944012 -0.85315789 +0.43398851 
+0.38577488 -0.76814463 +0.51101034 
+0.45456815 -0.72548010 +0.51676534 
+0.52872052 -0.67807900 +0.51055214 
+0.59469429 -0.62342999 +0.50761575 
+0.60900937 -0.55867225 +0.56302122 
+0.66765062 -0.49452964 +0.55649176 
+0.72123045 -0.42851360 +0.54424510 
+0.77073791 -0.36050128 +0.52535883 
+0.81529205 -0.29011313 +0.50113196 
+0.80839167 -0.21709464 +0.54714973 
+0.84387277 -0.14361558 +0.51696548 
+0.82714690 -0.06662737 +0.55802222 
+0.89504211 +0.00306906 +0.44597109 
+0.87160803 +0.08077983 +0.48350187 
+0.88451805 +0.15335339 +0.44057979 
+0.85305067 +0.23381125 +0.46651566 
+0.86124954 +0.30330358 +0.40774523 
+0.82435125 +0.37948040 +0.42004720 
+0.78275062 +0.45297638 +0.42674801 
+0.73608179 +0.52318824 +0.42948535 
+0.68415368 +0.58975200 +0.42909942 
+0.62669761 +0.65221860 +0.42645164 
+0.56346112 +0.70987980 +0.42258992 
+0.49578731 +0.76216338 +0.41629547 
+0.42374971 +0.80903800 +0.40730050 
+0.34549701 +0.84988954 +0.39789393 
+0.26379875 +0.88456925 +0.38463939 
+0.21297216 +0.86735035 +0.44982912 
+0.08665500 +0.90955495 +0.40644890 
+0.05059562 +0.87462689 +0.48214923 
+0.00139175 +0.90811479 +0.41871900 
-0.08292082 +0.90012666 +0.42766359 
-0.16624533 +0.88567208 +0.43352907 
-0.24846540 +0.86476465 +0.43640239 
-0.32941588 +0.83729854 +0.43636721 
-0.40916448 +0.80339602 +0.43259595 
-0.48875787 +0.76450342 +0.42029783 
-0.56388749 +0.72250184 +0.40002749 
-0.63006181 +0.67753328 +0.37943481 
-0.69555835 +0.62377057 +0.35652328 
-0.72483807 +0.55588562 +0.40694096 
-0.78332653 +0.49566162 +0.37512546 
-0.74891475 +0.48437960 +0.45222018 
-0.76724214 +0.40987035 +0.49330092 
-0.82821049 +0.26725870 +0.49258519 
-0.82915405 +0.18517182 +0.52746087 
-0.86558663 +0.11807000 +0.48664080 
-0.85512213 +0.03418395 +0.51729837 
-0.83752919 -0.04982079 +0.54411648 
-0.86079602 -0.11655660 +0.49542384 
-0.83339815 -0.19904973 +0.51558387 
-0.84766466 -0.26442018 +0.45994195 
-0.81208683 -0.34361004 +0.47164300 
-0.77189008 -0.41946311 +0.47774094 
-0.77604917 -0.47977460 +0.40934584 
-0.72876895 -0.54954164 +0.40853373 
-0.67649342 -0.61506548 +0.40503224 
-0.61923462 -0.67606157 +0.39936104 
-0.55717791 -0.73257817 +0.39100127 
-0.48456336 -0.78288452 +0.39024374 
-0.40809684 -0.82127865 +0.39869580 
-0.32955675 -0.85225500 +0.40626809 
-0.24914610 -0.87690677 +0.41104835 
-0.16708480 -0.89551282 +0.41247964 
-0.08388697 -0.90787622 +0.41075995 
-0.00020071 -0.91390864 +0.40591989 
+0.04641349 -0.87975305 +0.47315998 
+0.08343819 -0.91366060 +0.39782203 
+0.21007783 -0.86757565 +0.45075469 
+0.24973423 -0.89375960 +0.37259440 
+0.35755166 -0.81676917 +0.45281888 
+0.43820115 -0.78079040 +0.44536064 
+0.50934734 -0.73530768 +0.44708826 
+0.57967114 -0.68440127 +0.44224006 
+0.64424004 -0.62742089 +0.43737604 
+0.65995099 -0.56329551 +0.49715478 
+0.71719191 -0.49822267 +0.48724730 
+0.76942909 -0.43063387 +0.47173440 
+0.81680190 -0.36070751 +0.45024965 
+0.85860244 -0.28862161 +0.42367372 
+0.85437613 -0.21743224 +0.47197950 
+0.88677265 -0.14362478 +0.43932469 
+0.87263675 -0.06990069 +0.48334149 
+0.93190465 +0.00277526 +0.36269273 
+0.91109872 +0.07494940 +0.40531680 
+0.92061443 +0.14601287 +0.36214543 
+0.89170868 +0.22491487 +0.39277084 
+0.89851543 +0.28994995 +0.32954369 
+0.86431365 +0.36645125 +0.34449295 
+0.82535078 +0.44110880 +0.35244733 
+0.78112763 +0.51266027 +0.35639735 
+0.73150393 +0.58069786 +0.35734017 
+0.67634440 +0.64482486 +0.35603252 
+0.61558466 +0.70448297 +0.35321279 
+0.54987865 +0.75910676 +0.34841125 
+0.47928609 +0.80845602 +0.34158997 
+0.40267105 +0.85214189 +0.33423080 
+0.31985688 +0.88980621 +0.32547886 
+0.22289988 +0.92039763 +0.32122244 
+0.17287083 +0.90506451 +0.38855362 
+0.12472972 +0.93550210 +0.33057273 
+0.03684196 +0.93873605 +0.34266208 
-0.04863135 +0.93467798 +0.35215348 
-0.13261758 +0.92382037 +0.35912185 
-0.21520490 +0.90638548 +0.36352745 
-0.29621960 +0.88244667 +0.36543375 
-0.37539177 +0.85203191 +0.36485975 
-0.45286782 +0.81533865 +0.36074038 
-0.53041865 +0.77499490 +0.34356798 
-0.59464040 +0.74045238 +0.31326199 
-0.65946875 +0.68775178 +0.30347727 
-0.72406540 +0.63140739 +0.27758603 
-0.75612647 +0.56550225 +0.32936298 
-0.81194723 +0.50361223 +0.29515491 
-0.80452017 +0.42261242 +0.41730809 
-0.81966091 +0.34647504 +0.45619189 
-0.86486850 +0.28077145 +0.41613685 
-0.86886205 +0.20057441 +0.45260208 
-0.90257315 +0.13369604 +0.40925186 
-0.89556318 +0.05106502 +0.44199428 
-0.88161976 -0.03280158 +0.47081914 
-0.90182723 -0.09925452 +0.42054272 
-0.87786612 -0.18264307 +0.44271050 
-0.88848501 -0.24803021 +0.38610283 
-0.85578553 -0.32878414 +0.39941472 
-0.81848553 -0.40608579 +0.40641822 
-0.81820743 -0.46634211 +0.33624640 
-0.77311211 -0.53784617 +0.33618324 
-0.72275418 -0.60531621 +0.33349464 
-0.66698658 -0.66852042 +0.32895189 
-0.60557275 -0.72736736 +0.32282870 
-0.53509478 -0.78132079 +0.32126529 
-0.45771313 -0.82790532 +0.32414730 
-0.37842135 -0.86440066 +0.33107218 
-0.29740780 -0.89336898 +0.33680924 
-0.21479302 -0.91565624 +0.33976111 
-0.13086615 -0.93145150 +0.33951753 
-0.04613313 -0.94069205 +0.33611040 
+0.03885470 -0.94334879 +0.32951991 
+0.12373947 -0.93932144 +0.31994339 
+0.16669887 -0.90704447 +0.38662879 
+0.20872950 -0.92810359 +0.30831109 
+0.33682215 -0.86600811 +0.36956838 
+0.40991269 -0.82941775 +0.37952309 
+0.48661110 -0.78865641 +0.37580674 
+0.55725514 -0.74067413 +0.37532458 
+0.62496885 -0.68707254 +0.37060121 
+0.68769918 -0.62788646 +0.36445635 
+0.70580736 -0.56517899 +0.42709329 
+0.76140924 -0.49853361 +0.41439138 
+0.81185485 -0.42909873 +0.39593684 
+0.85677975 -0.35732966 +0.37181176 
+0.89557580 -0.28397798 +0.34249161 
+0.89432779 -0.21508275 +0.39232284 
+0.92339784 -0.14152473 +0.35680132 
+0.91259927 -0.07007896 +0.40280455 
+0.96112109 +0.00424697 +0.27609457 
+0.94439516 +0.07583223 +0.31994883 
+0.94932271 +0.15117483 +0.27555862 
+0.92417757 +0.21604153 +0.31499504 
+0.93798410 +0.24706077 +0.24320117 
+0.90157936 +0.34011912 +0.26734555 
+0.86432656 +0.42032751 +0.27616005 
+0.82219603 +0.49504445 +0.28093538 
+0.77473850 +0.56545366 +0.28291769 
+0.72180599 +0.63169936 +0.28275792 
+0.66344795 +0.69347838 +0.28093513 
+0.60012436 +0.75028210 +0.27735811 
+0.53217306 +0.80172207 +0.27209108 
+0.45964547 +0.84731374 +0.26605537 
+0.38362928 +0.88633528 +0.25930358 
+0.30544821 +0.91807328 +0.25267142 
+0.22998020 +0.94178020 +0.24527366 
+0.15164355 +0.95444726 +0.25697210 
+0.06768199 +0.96177467 +0.26534625 
-0.01628175 +0.96145573 +0.27447728 
-0.09987588 +0.95421462 +0.28195615 
-0.18263625 +0.94024350 +0.28737807 
-0.26411453 +0.91966864 +0.29060817 
-0.34383390 +0.89257960 +0.29168460 
-0.42135615 +0.85903046 +0.29073298 
-0.49701406 +0.81900381 +0.28672249 
-0.55480288 +0.79735884 +0.23751345 
-0.62094546 +0.74755269 +0.23577894 
-0.68544392 +0.69202493 +0.22642464 
-0.74922257 +0.63280403 +0.19551112 
-0.78202002 +0.57112344 +0.24952495 
-0.83322295 +0.51090435 +0.21146220 
-0.83587524 +0.43252662 +0.33798417 
-0.85365922 +0.35818244 +0.37811541 
-0.89545278 +0.29248120 +0.33558765 
-0.90260340 +0.21419419 +0.37340053 
-0.93327149 +0.14754262 +0.32746831 
-0.92957790 +0.06716608 +0.36245502 
-0.91909346 -0.01546327 +0.39373607 
-0.93610327 -0.08122247 +0.34221861 
-0.91555111 -0.16501469 +0.36679193 
-0.92254800 -0.22999106 +0.30985367 
-0.89266906 -0.31232192 +0.32495686 
-0.85822414 -0.39107669 +0.33243097 
-0.85404391 -0.45002008 +0.26094239 
-0.81123731 -0.52296934 +0.26152837 
-0.76297015 -0.59202826 +0.25957482 
-0.70907697 -0.65699385 +0.25606429 
-0.64924001 -0.71771561 +0.25173739 
-0.58155836 -0.77393119 +0.25063997 
-0.50682603 -0.82422255 +0.25255605 
-0.42730500 -0.86705756 +0.25616720 
-0.34578939 -0.90112691 +0.26153394 
-0.26261328 -0.92767702 +0.26542344 
-0.17800808 -0.94723788 +0.26655867 
-0.09237437 -0.95993143 +0.26457253 
-0.00626738 -0.96574599 +0.25941357 
+0.07983366 -0.96461041 +0.25130328 
+0.16601483 -0.95611016 +0.24143828 
+0.25380680 -0.93832355 +0.23479998 
+0.29651311 -0.90589139 +0.30239175 
+0.38048950 -0.87462434 +0.30043302 
+0.45556483 -0.83604096 +0.30577147 
+0.52996850 -0.79191809 +0.30331357 
+0.59949915 -0.74150241 +0.30128879 
+0.66499379 -0.68554181 +0.29633711 
+0.72570259 -0.62425500 +0.28924287 
+0.74642899 -0.56356673 +0.35388742 
+0.80019206 -0.49501891 +0.33859850 
+0.84845804 -0.42365004 +0.31723746 
+0.89052222 -0.35044474 +0.29010111 
+0.92575996 -0.27724275 +0.25710883 
+0.92779431 -0.21051251 +0.30802955 
+0.95312178 -0.13800866 +0.26928142 
+0.94574085 -0.06876436 +0.31756214 
+0.98231415 +0.00988415 +0.18697917 
+0.96902006 +0.07897588 +0.23401481 
+0.98490265 +0.08903951 +0.14845447 
+0.96712177 +0.15993019 +0.19773167 
+0.95906878 +0.23171758 +0.16276989 
+0.92851588 +0.31556426 +0.19564628 
+0.89562600 +0.39739576 +0.19982663 
+0.85677315 +0.47362557 +0.20400635 
+0.81222435 +0.54559807 +0.20643243 
+0.76194588 +0.61359946 +0.20720565 
+0.70605124 +0.67743136 +0.20634534 
+0.64490249 +0.73660019 +0.20376690 
+0.57888481 +0.79061887 +0.19953492 
+0.50826254 +0.83902237 +0.19419232 
+0.43365527 +0.88127329 +0.18788425 
+0.35560074 +0.91695720 +0.18093538 
+0.27482864 +0.94583100 +0.17283790 
+0.18831273 +0.96637494 +0.17509367 
+0.10440961 +0.97699920 +0.18593332 
+0.01953538 +0.98070623 +0.19450875 
-0.06497160 +0.97709628 +0.20263649 
-0.14892885 +0.96649331 +0.20907147 
-0.23197205 +0.94898974 +0.21355900 
-0.31375494 +0.92458862 +0.21608731 
-0.39406370 +0.89311172 +0.21694528 
-0.47332117 +0.85360466 +0.21754574 
-0.52050140 +0.83989850 +0.15378163 
-0.58763209 +0.79331078 +0.15920595 
-0.65185233 +0.74207274 +0.15625808 
-0.71247975 +0.68587549 +0.14814662 
-0.79906302 +0.57811567 +0.16516826 
-0.84773935 +0.51515889 +0.12629060 
-0.87810496 +0.44734336 +0.16975160 
-0.86049135 +0.44099847 +0.25509799 
-0.88130311 +0.36815192 +0.29625833 
-0.91941686 +0.30243173 +0.25141137 
-0.92985784 +0.22608173 +0.29026100 
-0.95704309 +0.15992460 +0.24185253 
-0.95703670 +0.08139686 +0.27830792 
-0.94992003 +0.00142117 +0.31248986 
-0.96357270 -0.06325331 +0.25985893 
-0.94644927 -0.14604787 +0.28793020 
-0.94995794 -0.20987808 +0.23136791 
-0.92297852 -0.29360078 +0.24881567 
-0.89155872 -0.37342749 +0.25627127 
-0.88395136 -0.42992179 +0.18384028 
-0.84360765 -0.50408398 +0.18500129 
-0.79762780 -0.57450108 +0.18368016 
-0.74589273 -0.64099307 +0.18103017 
-0.68813577 -0.70339877 +0.17804303 
-0.62335438 -0.76152585 +0.17750405 
-0.55192111 -0.81434617 +0.17950878 
-0.47496077 -0.86080648 +0.18282361 
-0.39371083 -0.90011454 +0.18650896 
-0.31023210 -0.93139578 +0.19041517 
-0.22512241 -0.95512221 +0.19251352 
-0.13879915 -0.97156507 +0.19182314 
-0.05182704 -0.98080231 +0.18799145 
+0.03515630 -0.98283412 +0.18111081 
+0.12202532 -0.97743536 +0.17242370 
+0.20969200 -0.96364224 +0.16559859 
+0.29631052 -0.94155870 +0.16021014 
+0.33985687 -0.91189498 +0.23009750 
+0.42164112 -0.87753372 +0.22837105 
+0.49669436 -0.83669779 +0.23071958 
+0.56908967 -0.78985419 +0.22862043 
+0.63710564 -0.73714360 +0.22520152 
+0.70029122 -0.67912797 +0.21994864 
+0.75870118 -0.61596728 +0.21203024 
+0.78181625 -0.55794954 +0.27830858 
+0.83350607 -0.48732422 +0.26035117 
+0.87911020 -0.41427428 +0.23567366 
+0.91748455 -0.34133751 +0.20423223 
+0.94812753 -0.27090293 +0.16633035 
+0.95385763 -0.20555485 +0.21886712 
+0.97487095 -0.13310193 +0.17863514 
+0.97139560 -0.06497009 +0.22840637 
+0.99754662 -0.05113235 +0.04781444 
+0.99491133 +0.01863641 +0.09901578 
+0.99348841 +0.09652836 +0.06052319 
+0.97995045 +0.16633970 +0.10967323 
+0.96856294 +0.24003799 +0.06532679 
+0.94735945 +0.29769878 +0.11783677 
+0.91947747 +0.37378920 +0.12183108 
+0.88474957 +0.44894463 +0.12516753 
+0.84379279 +0.52122634 +0.12781562 
+0.79674042 +0.59027687 +0.12952961 
+0.74370083 +0.65577452 +0.12988012 
+0.68494491 +0.71717332 +0.12850249 
+0.62087101 +0.77382291 +0.12536863 
+0.55185821 +0.82513321 +0.12086233 
+0.47839555 +0.87054581 +0.11527223 
+0.40088851 +0.90962574 +0.10894684 
+0.31964125 +0.94202247 +0.10209376 
+0.23262950 +0.96733460 +0.10073372 
+0.14458431 +0.98390343 +0.10502107 
+0.05886319 +0.99171345 +0.11419092 
-0.02696190 +0.99212634 +0.12230449 
-0.11227321 +0.98519283 +0.12957549 
-0.19680269 +0.97107381 +0.13521965 
-0.28017295 +0.94981061 +0.13915075 
-0.36205845 +0.92132549 +0.14167927 
-0.44231682 +0.88518601 +0.14422746 
-0.48856038 +0.86934032 +0.07453970 
-0.56114968 +0.82399646 +0.07836366 
-0.62853049 +0.77371224 +0.07949085 
-0.69306370 +0.71681186 +0.07644262 
-0.75791440 +0.64529346 +0.09571891 
-0.80934629 +0.58102694 +0.08582708 
-0.84773821 +0.52907284 +0.03770753 
-0.88615793 +0.45622582 +0.08113032 
-0.90208797 +0.37629981 +0.21127175 
-0.93594599 +0.31164105 +0.16396637 
-0.94524499 +0.31759969 +0.07511557 
-0.95002840 +0.23666829 +0.20355383 
-0.97714947 +0.09408136 +0.19059806 
-0.97394512 +0.01595746 +0.22622173 
-0.98397148 -0.04835685 +0.17164423 
-0.97048538 -0.12659247 +0.20526194 
-0.97051543 -0.18899326 +0.14960400 
-0.94684939 -0.27222622 +0.17137418 
-0.91877840 -0.35230576 +0.17812048 
-0.90857932 -0.40419431 +0.10540672 
-0.87085294 -0.47971551 +0.10718291 
-0.82729221 -0.55160634 +0.10638629 
-0.77787686 -0.61968546 +0.10439115 
-0.72244561 -0.68381247 +0.10233694 
-0.66052457 -0.74381670 +0.10219593 
-0.59235701 -0.79889268 +0.10432481 
-0.51864713 -0.84815200 +0.10790430 
-0.44004940 -0.89094874 +0.11210208 
-0.35722287 -0.92683934 +0.11558836 
-0.27195141 -0.95503782 +0.11808978 
-0.18515213 -0.97555132 +0.11839897 
-0.09752915 -0.98848006 +0.11573776 
-0.00994351 -0.99390022 +0.10983383 
+0.07722074 -0.99180270 +0.10180555 
+0.16466227 -0.98177970 +0.09484178 
+0.25132659 -0.96378566 +0.08917482 
+0.33631210 -0.93795628 +0.08445224 
+0.38045201 -0.91156195 +0.15592011 
+0.46012647 -0.87440906 +0.15392346 
+0.53415260 -0.83118997 +0.15428618 
+0.60450555 -0.78192080 +0.15222648 
+0.67074334 -0.72693087 +0.14722391 
+0.73126512 -0.66720287 +0.14174504 
+0.78695027 -0.60254195 +0.13286255 
+0.81199778 -0.54797530 +0.20095440 
+0.86123973 -0.47533096 +0.17979599 
+0.90303731 -0.40251373 +0.15002103 
+0.93605648 -0.33356548 +0.11194794 
+0.96200626 -0.26318466 +0.07264841 
+0.97167071 -0.19950560 +0.12670261 
+0.98817867 -0.12654497 +0.08654070 
+0.98869574 -0.05888154 +0.13789019 
-0.99815599 +0.04148118 +0.04431632 
+0.99963850 +0.02494469 +0.01003144 
-0.99452044 -0.10100759 +0.02695476 
+0.98434595 +0.17499533 +0.02096853 
-0.96310865 -0.26874383 +0.01408809 
+0.94360157 +0.32841032 +0.04198494 
+0.91082944 +0.41021955 +0.04593092 
+0.87226359 +0.48666765 +0.04807112 
+0.82781369 +0.55874586 +0.05027486 
+0.77744141 +0.62681071 +0.05189596 
+0.72114211 +0.69082844 +0.05205882 
+0.65913254 +0.75034288 +0.05029774 
+0.59180732 +0.80471713 +0.04684477 
+0.51963101 +0.85335163 +0.04212611 
+0.44300462 +0.89577173 +0.03660493 
+0.36220686 +0.93158858 +0.03080435 
+0.27646015 +0.96060857 +0.02830108 
+0.18824576 +0.98169103 +0.02909035 
+0.10010607 +0.99440169 +0.03382384 
+0.01344355 +0.99902623 +0.04202212 
-0.07311431 +0.99608789 +0.04963074 
-0.15908534 +0.98566471 +0.05618659 
-0.24405598 +0.96782421 +0.06126153 
-0.32760283 +0.94257349 +0.06505078 
-0.40935961 +0.90979703 +0.06851329 
+0.45468725 -0.89064531 +0.00323024 
+0.53024971 -0.84784150 +0.00019860 
-0.60078773 +0.79940746 +0.00134639 
-0.66735811 +0.74473327 +0.00234785 
-0.73249827 +0.68062929 +0.01378625 
-0.78800277 +0.61543278 +0.01715020 
+0.85458273 -0.51772518 +0.04060780 
+0.89041185 -0.45514886 +0.00249990 
-0.92117265 +0.38752666 +0.03555316 
-0.91479730 +0.38468312 +0.12314545 
-0.96689570 +0.25423232 +0.02187791 
-0.96272199 +0.24508139 +0.11446171 
-0.97341689 +0.17041266 +0.15303297 
-0.98940700 +0.10588382 +0.09930969 
-0.99017932 +0.02962334 +0.13662858 
-0.99607014 -0.03470185 +0.08148658 
-0.98688474 -0.11260396 +0.11566703 
-0.98203195 -0.17917767 +0.05923351 
-0.96393156 -0.24995619 +0.09142123 
-0.94042480 -0.32571106 +0.09753721 
-0.93058073 -0.36498972 +0.02831995 
-0.89451814 -0.44603802 +0.02978881 
-0.85297297 -0.52115342 +0.02891767 
-0.80569626 -0.59170868 +0.02709948 
-0.75253830 -0.65805567 +0.02547255 
-0.69330068 -0.72019912 +0.02544389 
-0.62817695 -0.77758492 +0.02748491 
-0.55767300 -0.82947633 +0.03114234 
-0.48227923 -0.87528635 +0.03578471 
-0.40239762 -0.91455777 +0.04074612 
-0.31807592 -0.94705050 +0.04385277 
-0.23117477 -0.97187600 +0.04489176 
-0.14309228 -0.98876653 +0.04318968 
-0.05513104 -0.99775589 +0.03799667 
+0.03197320 -0.99903407 +0.03014356 
+0.11906002 -0.99262226 +0.02292970 
+0.20549101 -0.97851289 +0.01691033 
+0.29066144 -0.95674918 +0.01212151 
+0.37401003 -0.92739034 +0.00797871 
+0.41858636 -0.90463441 +0.08013768 
+0.49621159 -0.86472027 +0.07767181 
+0.56864154 -0.81899890 +0.07673070 
+0.63691575 -0.76730024 +0.07475733 
+0.70147262 -0.70950126 +0.06741013 
+0.75870209 -0.64849141 +0.06188723 
+0.81112455 -0.58263648 +0.05110478 
+0.83685907 -0.53359545 +0.12224074 
+0.88215532 -0.46117522 +0.09549556 
+0.91718254 -0.39438408 +0.05689796 
+0.94547378 -0.32520350 +0.01794486 
+0.98100338 -0.19121862 +0.03267728 
-0.98160162 +0.18092148 +0.06103831 
-0.99311445 +0.11697985 +0.00627687 

