+0.23170847 +0.86478423 +0.44548785 
-0.68649584 -0.69317004 +0.21963324 
+0.57204011 -0.79686917 +0.19434413 
+0.78094060 -0.53930756 +0.31508592 
-0.01337473 -0.62219680 +0.78274661 
+0.70145413 +0.31926493 +0.63720641 
-0.67065704 -0.19699009 +0.71513218 
-0.51373517 -0.83185151 +0.20999821 
+0.45904823 -0.01585023 +0.88826994 
+0.65722989 +0.11291378 +0.74518410 
-0.21025187 +0.93585738 +0.28278106 
-0.97181038 -0.04650483 +0.23113173 
+0.92036054 -0.16205638 +0.35591321 
-0.25318225 -0.59420410 +0.76342664 
+0.42471425 +0.54294203 +0.72445273 
-0.32296602 -0.66984997 +0.66857608 
-0.50588584 -0.68449550 +0.52492421 
+0.00283108 +0.72867114 +0.68485790 
-0.81788536 +0.08478844 +0.56909970 
-0.40656770 -0.91357980 +0.00864091 
+0.18652092 +0.80904766 +0.55736149 
+0.36038102 +0.84418377 +0.39683659 
+0.11047311 +0.46418741 +0.87882065 
-0.32894794 +0.72908229 +0.60019353 
-0.54980764 +0.61920301 +0.56062393 
-0.72958382 +0.52772510 +0.43498697 
-0.71802142 -0.55820651 +0.41575321 
+0.22012997 -0.11130819 +0.96909921 
-0.79936883 +0.49812526 +0.33597723 
+0.50385874 -0.33796261 +0.79492619 
+0.27151849 +0.90610711 +0.32441889 
-0.07859832 +0.17801402 +0.98088394 
+0.31913247 +0.79519201 +0.51558135 
+0.36384070 +0.45921043 +0.81039850 
-0.35987044 -0.02855195 +0.93256531 
+0.10999287 -0.59634413 +0.79515737 
-0.30849716 -0.82023915 +0.48170243 
+0.87880742 +0.04237444 +0.47529142 
-0.09663962 +0.52237935 +0.84721933 
-0.65666690 +0.07025398 +0.75090143 
+0.06805910 -0.27594505 +0.95876081 
-0.34421199 +0.93801029 +0.04067932 
-0.77034276 -0.61907755 +0.15269257 
+0.82429464 +0.53321808 +0.19030719 
-0.30093612 +0.55799241 +0.77335757 
+0.63942235 +0.24899444 +0.72742067 
+0.40176937 +0.71159893 +0.57637517 
-0.58563511 +0.32093634 +0.74433285 
+0.08515466 +0.65232211 +0.75314311 
-0.73124702 +0.14000226 +0.66759057 
+0.68065930 +0.70480830 +0.19987039 
-0.23640596 +0.00718401 +0.97162782 
+0.76602826 +0.63022579 +0.12655493 
-0.86881392 +0.16764699 +0.46589361 
-0.90009583 +0.25387741 +0.35408157 
+0.38845712 +0.88221767 +0.26606962 
-0.08235462 +0.95569975 +0.28258751 
-0.53448403 +0.44173988 +0.72055027 
+0.32741154 -0.92474197 +0.19404631 
-0.74222280 -0.25648789 +0.61912783 
+0.41389637 -0.80965430 +0.41611261 
-0.17653208 +0.26855995 +0.94694877 
-0.44319639 +0.67924627 +0.58497988 
+0.63166253 +0.62708765 +0.45581084 
+0.93179915 +0.34029510 +0.12629171 
+0.01102192 -0.51556409 +0.85678013 
-0.48984949 -0.20488681 +0.84738945 
+0.88014438 +0.41264330 +0.23467293 
-0.68179741 +0.69129178 +0.23930728 
-0.75661263 +0.32873257 +0.56521874 
-0.87199706 +0.48940816 +0.01003884 
-0.77906100 +0.58181325 +0.23357503 
-0.54686257 +0.12634889 +0.82763355 
-0.25779270 -0.12274316 +0.95837208 
-0.12638439 +0.90901051 +0.39714843 
+0.78736046 +0.44181229 +0.42995977 
+0.78417217 -0.27210111 +0.55770511 
+0.81124321 +0.11448797 +0.57339075 
-0.93146098 +0.36382010 +0.00392100 
+0.95390037 +0.15652208 +0.25607602 
-0.22227712 +0.48305429 +0.84690698 
-0.12897169 +0.70611102 +0.69625680 
+0.13670458 +0.73858070 +0.66015938 
-0.87417859 -0.39729533 +0.27922790 
+0.46314880 +0.11309522 +0.87903507 
-0.71567359 -0.38884018 +0.58018499 
-0.42001554 +0.50445078 +0.75439801 
+0.50294477 +0.83970286 +0.20480641 
+0.27144147 +0.73303332 +0.62368396 
+0.19554319 -0.23910821 +0.95109943 
+0.86055600 -0.21809262 +0.46030314 
-0.79359116 +0.60817378 +0.01837743 
+0.83262297 +0.30937370 +0.45937664 
+0.65756435 -0.01984211 +0.75313705 
+0.74301769 +0.04771617 +0.66756863 
-0.85689584 +0.46103790 +0.23059395 
+0.82801683 -0.34327385 +0.44334094 
+0.52267750 +0.67565294 +0.51990512 
+0.09819071 +0.98273522 +0.15681224 
-0.69790435 +0.26391417 +0.66579188 
-0.30013596 +0.22556900 +0.92684251 
-0.81986026 -0.17649293 +0.54468285 
+0.49320156 -0.81734393 +0.29782732 
-0.46419524 +0.37712447 +0.80143616 
+0.52458759 -0.84743181 +0.08165280 
+0.18121778 +0.95316774 +0.24213917 
+0.21863179 +0.65738680 +0.72113988 
-0.97910159 +0.16453798 +0.11952962 
-0.12225802 -0.79032412 +0.60036720 
+0.16969006 -0.89099115 +0.42111762 
+0.40044573 -0.91304761 +0.07737757 
-0.19117095 -0.34730205 +0.91806043 
+0.94337802 -0.23390131 +0.23521922 
+0.84618316 -0.48882310 +0.21219340 
+0.47669927 +0.81205116 +0.33664629 
+0.35333751 -0.51489136 +0.78105025 
+0.56553815 +0.04527817 +0.82347829 
+0.45235327 +0.23421887 +0.86053358 
-0.80315364 -0.48212237 +0.35000322 
-0.99273003 +0.03679691 +0.11459961 
-0.65224277 +0.38339241 +0.65390338 
-0.43087572 -0.45128034 +0.78146796 
-0.48812896 +0.56647239 +0.66395719 
+0.69776368 +0.51175383 +0.50123234 
-0.64815472 +0.54920296 +0.52751452 
-0.09482525 -0.90967716 +0.40434593 
-0.88562061 +0.03905350 +0.46276447 
-0.41278008 +0.76803771 +0.48962300 
+0.03829773 -0.90916367 +0.41467422 
+0.22334033 -0.81930122 +0.52807633 
+0.34352739 -0.06208229 +0.93708843 
+0.47139484 -0.46183985 +0.75132606 
-0.92652645 +0.12600944 +0.35450015 
-0.60646974 +0.71520059 +0.34739397 
-0.91093125 +0.33792538 +0.23666581 
-0.17685644 -0.84849312 +0.49877974 
+0.63842833 -0.76529149 +0.08208652 
+0.86328587 +0.36388227 +0.34975306 
-0.61046568 -0.77850783 +0.14579853 
-0.93050300 -0.13485572 +0.34055559 
+0.65549218 +0.45038455 +0.60620439 
+0.53433685 -0.21271682 +0.81806826 
-0.75357648 -0.12139364 +0.64605424 
-0.20059934 -0.70730860 +0.67784544 
-0.97144816 -0.21582406 +0.09853145 
+0.03114189 +0.55353578 +0.83224295 
+0.09740476 +0.87200600 +0.47970601 
+0.86399233 +0.17624737 +0.47165042 
-0.95916000 -0.17556927 +0.22178262 
+0.06863285 -0.97904827 +0.19171336 
-0.45715457 +0.05167833 +0.88788459 
+0.72819024 +0.56546737 +0.38727977 
+0.96724194 +0.21224175 +0.13927123 
-0.70778581 +0.44212224 +0.55096931 
-0.00956838 -0.05182576 +0.99861030 
+0.84928708 -0.41602878 +0.32501002 
+0.04804812 +0.95997165 +0.27594529 
-0.05301328 +0.30662039 +0.95035442 
-0.94887261 +0.29169399 +0.12064572 
+0.24524365 +0.46531570 +0.85049212 
-0.22734653 -0.89292043 +0.38859575 
+0.29505118 -0.85722592 +0.42202906 
-0.75059775 +0.01174099 +0.66065511 
-0.45548649 +0.84997130 +0.26472787 
+0.14362335 -0.76819917 +0.62389291 
+0.47290796 -0.71854183 +0.50995657 
+0.09351035 -0.84771032 +0.52215230 
-0.84464548 -0.35628048 +0.39954754 
-0.35521972 -0.85810025 +0.37078689 
-0.65290905 -0.33185018 +0.68087093 
+0.41255513 +0.90093587 +0.13458388 
-0.67244999 -0.06068794 +0.73765031 
-0.65817290 -0.66436700 +0.35415382 
-0.90111309 +0.41683853 +0.11933495 
+0.04558510 +0.99801790 +0.04338513 
+0.55613868 -0.08514422 +0.82671654 
-0.29315558 +0.81394258 +0.50155486 
-0.74446827 +0.65483668 +0.13021487 
+0.61753190 -0.27570880 +0.73664035 
+0.76946907 -0.60599393 +0.20171442 
-0.13980084 +0.39891824 +0.90626705 
-0.32192194 -0.38228427 +0.86615530 
-0.63215564 +0.63728958 +0.44072809 
+0.69625046 +0.71507771 +0.06244336 
+0.01149706 -0.99726238 +0.07304491 
+0.41592597 -0.27030577 +0.86829740 
-0.38643760 -0.57008540 +0.72503008 
-0.67382058 -0.51319589 +0.53159741 
+0.48850401 +0.43112348 +0.75861477 
-0.01468604 +0.43443948 +0.90058129 
-0.69726718 +0.71637507 +0.02500456 
+0.58170946 -0.39900999 +0.70880543 
-0.37423451 +0.62393046 +0.68604615 
-0.93065651 -0.30428996 +0.20318975 
-0.50997420 +0.25252186 +0.82228890 
+0.01459052 -0.79006218 +0.61285305 
-0.06180122 -0.71902706 +0.69222879 
+0.44404635 +0.76738369 +0.46254200 
+0.68878787 -0.33579608 +0.64250468 
-0.15770065 +0.97372982 +0.16425815 
+0.99970977 +0.02136963 +0.01112251 
-0.58555179 -0.13357896 +0.79955348 
+0.26417980 -0.44323871 +0.85659120 
+0.67724250 -0.70983668 +0.19358327 
+0.26812931 -0.73250074 +0.62573904 
-0.93705173 -0.33957251 +0.08139144 
+0.19007902 +0.97882812 +0.07593071 
+0.19981946 -0.96029163 +0.19471047 
+0.77892722 -0.46481935 +0.42096954 
+0.93064992 -0.03139503 +0.36456149 
-0.31935193 -0.93641858 +0.14537737 
+0.23915824 +0.01682928 +0.97083475 
+0.96380937 -0.10445121 +0.24527830 
-0.08801778 +0.99517953 +0.04325015 
+0.50364345 -0.63059918 +0.59049805 
-0.38593484 +0.30521259 +0.87057428 
+0.64389182 -0.14956109 +0.75035646 
+0.13506643 +0.11590871 +0.98403365 
+0.92414922 +0.10069226 +0.36852313 
+0.27442561 -0.95853250 +0.07685074 
+0.00525522 +0.92043505 +0.39086021 
+0.81100392 +0.49317268 +0.31472743 
+0.23252966 -0.56014885 +0.79508693 
+0.60469410 -0.58331412 +0.54230035 
-0.12011511 -0.54039243 +0.83279552 
+0.35770216 +0.07226029 +0.93103578 
+0.01261430 +0.08103391 +0.99663152 
+0.75060476 +0.38394344 +0.53775453 
-0.33511966 +0.90054817 +0.27696174 
+0.74136251 -0.66543000 +0.08708933 
+0.35186865 +0.64448338 +0.67884433 
-0.04913490 +0.63436887 +0.77146736 
+0.29070135 +0.93793126 +0.18914988 
+0.31281285 -0.62919183 +0.71152355 
-0.71206629 +0.61499975 +0.33872837 
+0.88504046 +0.45194587 +0.11157201 
-0.31702643 -0.49718079 +0.80765432 
-0.16769890 +0.84654512 +0.50521128 
-0.57241148 -0.00218920 +0.81996360 
-0.74870773 -0.59627244 +0.28964791 
-0.21152546 -0.46292625 +0.86078816 
+0.05181981 +0.80836027 +0.58640292 
-0.27471545 -0.25213556 +0.92787881 
-0.52476855 +0.83914703 +0.14300432 
+0.47823949 +0.61424480 +0.62768648 
-0.88869298 -0.43239116 +0.15252103 
-0.25767596 -0.96527236 +0.04303916 
+0.78838315 +0.24909630 +0.56249714 
+0.11525560 -0.01646513 +0.99319940 
-0.17704667 +0.60108258 +0.77932933 
-0.94758824 +0.21159892 +0.23937926 
-0.37748549 +0.84148767 +0.38652711 
+0.45124851 -0.87197635 +0.18982104 
-0.82640729 -0.04439720 +0.56131977 
+0.18884127 +0.36670602 +0.91096963 
+0.60195202 +0.38196051 +0.70125597 
-0.45075930 -0.63211626 +0.63027381 
-0.25430194 +0.67052817 +0.69693794 
+0.59455314 +0.56979225 +0.56731240 
-0.49508533 +0.78620764 +0.36982168 
+0.09472971 -0.14734150 +0.98453886 
-0.47921247 -0.07617866 +0.87438677 
-0.20588107 +0.13821513 +0.96876703 
-0.52595268 +0.70964847 +0.46879935 
-0.12826619 -0.99031201 +0.05319695 
+0.69642101 -0.50650202 +0.50838320 
-0.93679556 -0.00405728 +0.34985371 
+0.60111275 -0.66412776 +0.44451972 
-0.47101033 -0.33913518 +0.81433199 
+0.14499299 -0.98649714 +0.07616056 
+0.29638028 +0.56487949 +0.77011031 
-0.79056702 +0.41258031 +0.45252765 
+0.98715378 +0.08401987 +0.13589732 
-0.90873477 -0.26599161 +0.32163579 
-0.99010516 -0.09036048 +0.10736271 
-0.01252300 -0.95391014 +0.29983098 
-0.25693774 -0.76961350 +0.58453234 
-0.82570161 -0.51827848 +0.22272017 
-0.61810467 -0.62565412 +0.47592388 
-0.08526276 -0.42931248 +0.89912238 
-0.50487746 -0.51935518 +0.68947005 
-0.61625368 -0.78754505 +0.00205009 
+0.37399725 -0.87509627 +0.30713608 
-0.47834397 -0.81095024 +0.33696699 
-0.20804397 +0.76789402 +0.60585186 
+0.52555257 -0.74999215 +0.40162952 
-0.96790918 +0.08293648 +0.23722007 
+0.07004442 +0.33816308 +0.93847723 
+0.29449084 -0.32008430 +0.90045610 
+0.96723249 +0.02592494 +0.25256526 
-0.80025620 -0.30990263 +0.51337158 
+0.94649873 -0.30199087 +0.11376148 
-0.76628943 -0.43867498 +0.46943026 
-0.03049384 +0.98621249 +0.16265008 
+0.90524457 -0.36213509 +0.22223962 
+0.41748697 +0.35057396 +0.83833318 
+0.19104512 -0.67075524 +0.71665135 
-0.38240400 -0.73025372 +0.56612426 
-0.84215051 -0.53280143 +0.08309727 
-0.03741898 +0.86520614 +0.50001816 
-0.62723053 +0.19737726 +0.75340831 
+0.90200951 +0.23370408 +0.36298932 
+0.06640840 -0.70147955 +0.70958887 
-0.25424029 +0.88259223 +0.39546534 
+0.83542413 +0.54756665 +0.04730006 
-0.42565018 +0.17840115 +0.88712736 
-0.59095242 -0.75510199 +0.28389475 
+0.34148564 +0.21802033 +0.91425089 
+0.25415717 +0.14501401 +0.95622961 
+0.43131977 -0.57840413 +0.69239578 
-0.40613818 +0.90071928 +0.15413162 
+0.18522692 +0.24858340 +0.95073513 
+0.97725340 -0.17361030 +0.12180006 
-0.27325121 -0.92304199 +0.27079007 
+0.80803327 -0.14740059 +0.57039924 
+0.99057994 -0.04480599 +0.12939784 
+0.04233241 -0.39884798 +0.91603944 
-0.11161474 +0.04424622 +0.99276605 
-0.97174159 +0.23604467 +0.00109363 
+0.60706670 -0.73235940 +0.30841485 
-0.77208443 -0.63529810 +0.01679170 
+0.69733686 -0.64725203 +0.30787353 
-0.28320740 +0.94525505 +0.16213101 
+0.89643171 -0.43029077 +0.10611331 
-0.33262780 +0.09829917 +0.93792111 
+0.51174501 +0.85674286 +0.06409936 
+0.53594103 +0.30811154 +0.78602449 
-0.43148760 -0.89289276 +0.12868942 
+0.12010597 -0.94356852 +0.30863087 
+0.38659539 -0.39530744 +0.83323228 
-0.03106040 -0.18262822 +0.98269130 
-0.64001768 +0.75623618 +0.13595662 
+0.05092909 +0.21486514 +0.97531492 
+0.69671318 -0.58605353 +0.41368105 
+0.81740550 -0.01838302 +0.57576933 
+0.95956502 +0.28049992 +0.02355338 
+0.73053214 +0.18265549 +0.65799678 
+0.16647073 +0.56515885 +0.80801174 
-0.55103324 -0.40105057 +0.73179288 
-0.14387979 -0.94658738 +0.28856703 
-0.69695068 -0.71244995 +0.08169964 
-0.58673330 +0.80924949 +0.02931360 
+0.72047194 -0.21178348 +0.66035440 
-0.57714409 -0.27025820 +0.77062650 
-0.26344380 +0.35587847 +0.89663140 
-0.34476490 +0.43435843 +0.83214777 
-0.83672542 +0.29245242 +0.46299261 
+0.56162662 +0.17707763 +0.80821968 
+0.30487753 +0.33656354 +0.89094034 
+0.16911790 -0.36372937 +0.91602406 
-0.56701819 -0.57730412 +0.58754602 
-0.04144900 -0.85747693 +0.51285017 
+0.38842908 -0.68559998 +0.61569109 
-0.39637854 -0.88245613 +0.25328881 
-0.52674019 -0.84751631 +0.06527544 
+0.13872199 -0.48391738 +0.86404871 
-0.55253949 -0.72582492 +0.40972953 
-0.19364489 -0.96678499 +0.16681857 
+0.54521501 -0.52218704 +0.65579058 
+0.55707236 +0.72735568 +0.40077937 
-0.88622952 -0.09173676 +0.45407225 
+0.24950777 -0.91729426 +0.31034997 
+0.58539839 +0.76391918 +0.27154412 
-0.15549282 -0.21835529 +0.96340176 
-0.57090097 +0.78270957 +0.24786652 
+0.99418618 -0.10758995 +0.00427097 
+0.74706764 -0.39177297 +0.53703247 
-0.43365528 -0.77745551 +0.45552830 
-0.06519004 -0.98169794 +0.17893970 
-0.38652654 -0.27826967 +0.87929701 
-0.13770449 -0.63670330 +0.75871363 
+0.44157279 -0.14386045 +0.88561710 
+0.82774176 -0.55273315 +0.09659006 
+0.32095620 -0.19257097 +0.92730984 
+0.73891613 -0.08387824 +0.66855620 
-0.79386663 +0.20936599 +0.57091300 
-0.83259496 +0.53983480 +0.12395169 
-0.85805427 +0.37808987 +0.34754988 
+0.14073677 +0.92016630 +0.36535893 
+0.74827424 +0.60893046 +0.26322870 
-0.90176464 -0.43213916 +0.00873348 
+0.65941620 +0.67349335 +0.33403141 
-0.06085880 -0.31046414 +0.94863493 
+0.64566183 -0.45692947 +0.61183026 
-0.13460210 -0.08780302 +0.98700198 
+0.89349987 -0.29045160 +0.34248483 
-0.37760908 -0.15410890 +0.91305084 
+0.31307432 +0.94739675 +0.06651211 
-0.46803471 +0.88308564 +0.03321549 
+0.60205186 +0.78722620 +0.13344840 
+0.34911654 -0.77618127 +0.52503360 
+0.92519505 +0.28731407 +0.24792086 
-0.87168144 -0.22383306 +0.43597044 
-0.08057440 +0.79391401 +0.60266766 
-0.59603757 +0.49899103 +0.62908438 
+0.87775071 -0.08931323 +0.47071950 
-0.61779863 -0.46068055 +0.63725840 
-0.21768840 +0.97506310 +0.04317073 
+0.98844877 +0.15045601 +0.01822138 
+0.54645449 +0.50457258 +0.66842652 

