0.0232657 -0.00187035 0.999728 
-0.00478876 0.0596503 0.998208 
-0.0254722 -0.0492229 0.998463 
0.0979563 -0.00785245 0.99516 
0.0692603 0.0571215 0.995962 
0.0375119 0.120674 0.991983 
-0.0369455 0.117195 0.992421 
-0.0598598 0.0215469 0.997974 
-0.0967636 -0.0404271 0.994486 
-0.0647114 -0.108597 0.991977 
0.00786401 -0.118356 0.99294 
0.0527337 -0.0656403 0.996449 
0.169916 -0.0127458 0.985376 
0.141207 0.0536883 0.988523 
0.110745 0.118953 0.986704 
0.0753236 0.181503 0.980501 
-0.000377921 0.180566 0.983563 
-0.0752198 0.172313 0.982166 
-0.0987256 0.0913625 0.990912 
-0.169268 0.0931086 0.981162 
-0.130415 0.0271631 0.991087 
-0.168409 -0.036318 0.985048 
-0.137051 -0.101872 0.985312 
-0.105725 -0.167553 0.980178 
-0.032457 -0.175939 0.983866 
0.0399117 -0.187169 0.981517 
0.082613 -0.131464 0.987873 
0.126748 -0.0734927 0.989209 
0.240223 -0.0177378 0.970556 
0.211414 0.0496295 0.976136 
0.182636 0.116198 0.97629 
0.150682 0.179412 0.972166 
0.111332 0.240305 0.964292 
0.0352376 0.241267 0.969819 
-0.0407502 0.23767 0.970491 
-0.113929 0.229884 0.966527 
-0.141688 0.158168 0.977194 
-0.212172 0.156551 0.964611 
-0.240433 0.0922805 0.966269 
-0.20141 0.0286422 0.979088 
-0.239864 -0.0352225 0.970167 
-0.20923 -0.0988826 0.972854 
-0.178635 -0.162609 0.970385 
-0.147455 -0.225972 0.962909 
-0.0736681 -0.232613 0.969775 
-0.000705767 -0.243495 0.969902 
0.110718 -0.199312 0.973661 
0.154799 -0.139705 0.978018 
0.227006 -0.14402 0.963186 
0.198424 -0.0791998 0.976911 
0.309743 -0.022523 0.950553 
0.279867 0.0444633 0.959009 
0.252212 0.112666 0.961091 
0.226313 0.176445 0.95794 
0.187407 0.23707 0.953245 
0.14613 0.297307 0.943533 
0.0702874 0.300078 0.951322 
-0.00558612 0.299184 0.954179 
-0.0802688 0.294919 0.952145 
-0.152882 0.287854 0.945393 
-0.183304 0.221154 0.957857 
-0.254852 0.21539 0.942686 
-0.284041 0.151712 0.946733 
-0.312051 0.0894634 0.945844 
-0.271612 0.0283034 0.961991 
-0.310985 -0.0336447 0.949819 
-0.280946 -0.0969123 0.954818 
-0.250548 -0.16023 0.954752 
-0.219446 -0.223386 0.949706 
-0.187081 -0.286046 0.939776 
-0.11528 -0.288398 0.950546 
-0.0413226 -0.297865 0.953713 
0.0673956 -0.25852 0.963652 
0.139102 -0.263916 0.954463 
0.183048 -0.203933 0.96172 
0.255408 -0.206948 0.944425 
0.298806 -0.147232 0.942888 
0.269525 -0.0835912 0.959359 
0.378797 -0.0250841 0.92514 
0.347229 0.0392893 0.936957 
0.31805 0.107538 0.941955 
0.302886 0.172812 0.937228 
0.263347 0.232544 0.936254 
0.221993 0.293142 0.929939 
0.178629 0.353082 0.918382 
0.103978 0.357346 0.928166 
0.028909 0.358481 0.933089 
-0.0457312 0.356524 0.933166 
-0.119398 0.351557 0.928521 
-0.191925 0.343849 0.919202 
-0.224089 0.279455 0.933643 
-0.296227 0.268595 0.916573 
-0.327803 0.201654 0.922974 
-0.359627 0.132391 0.923656 
-0.395121 0.0611787 0.91659 
-0.340972 0.0298979 0.939598 
-0.381885 -0.0219388 0.923949 
-0.352466 -0.0897873 0.931507 
-0.321869 -0.155155 0.933985 
-0.290483 -0.219555 0.931351 
-0.257739 -0.28314 0.923798 
-0.222053 -0.345682 0.9117 
-0.151442 -0.347595 0.925334 
-0.0228358 -0.382309 0.923752 
0.0223913 -0.317461 0.948007 
0.0949824 -0.322892 0.941658 
0.166385 -0.326955 0.930278 
0.210795 -0.266453 0.940515 
0.282354 -0.268481 0.920975 
0.326984 -0.209294 0.921563 
0.369465 -0.149301 0.917172 
0.340135 -0.0867365 0.936368 
0.445655 -0.0242582 0.894876 
0.413685 0.0388039 0.909593 
0.380254 0.103571 0.919065 
0.378974 0.169838 0.909689 
0.338279 0.228698 0.912833 
0.29632 0.288794 0.91038 
0.252935 0.349132 0.902292 
0.207984 0.408299 0.888839 
0.13526 0.413612 0.90035 
0.0617324 0.416185 0.907182 
-0.0119761 0.415958 0.909305 
-0.0853746 0.412761 0.906829 
-0.158154 0.406511 0.899854 
-0.230186 0.397271 0.888363 
-0.263758 0.333611 0.905061 
-0.333892 0.323935 0.885202 
-0.365039 0.258844 0.894285 
-0.394839 0.192132 0.898436 
-0.424468 0.124303 0.89687 
-0.458215 0.0567019 0.887031 
-0.442106 -0.00941527 0.896913 
-0.419339 -0.0813036 0.904181 
-0.390532 -0.148731 0.908495 
-0.359696 -0.214285 0.90813 
-0.327159 -0.2787 0.902936 
-0.291824 -0.341902 0.893276 
-0.252066 -0.403354 0.879641 
-0.180511 -0.406004 0.895866 
-0.106659 -0.404986 0.90808 
0.00838348 -0.440262 0.89783 
0.0480337 -0.377691 0.924685 
0.123223 -0.385648 0.914381 
0.189033 -0.390778 0.900866 
0.236 -0.327817 0.91479 
0.307251 -0.328232 0.89323 
0.353411 -0.269902 0.895686 
0.39713 -0.21062 0.893268 
0.438074 -0.149823 0.886366 
0.409286 -0.0879077 0.908161 
0.509055 -0.0212274 0.860472 
0.477021 0.042516 0.877863 
0.440806 0.106868 0.891218 
0.452192 0.171443 0.875288 
0.410251 0.228119 0.882981 
0.36838 0.286837 0.884319 
0.325015 0.34578 0.880228 
0.280668 0.405123 0.870116 
0.234768 0.462546 0.854948 
0.163954 0.469061 0.867814 
0.0922976 0.47269 0.876382 
0.0201242 0.473763 0.880422 
-0.0521947 0.472027 0.880037 
-0.12431 0.467271 0.875331 
-0.19593 0.459391 0.866355 
-0.266725 0.449271 0.852651 
-0.301065 0.387306 0.871409 
-0.370709 0.377549 0.848547 
-0.402199 0.314565 0.859817 
-0.431814 0.250151 0.86658 
-0.460105 0.18487 0.868405 
-0.4882 0.119442 0.86452 
-0.520878 0.055142 0.851848 
-0.504712 -0.00848732 0.863246 
-0.482047 -0.0736404 0.873045 
-0.456233 -0.141316 0.878568 
-0.426769 -0.207662 0.880196 
-0.394986 -0.272765 0.87726 
-0.360486 -0.336536 0.869939 
-0.322208 -0.398529 0.858695 
-0.280849 -0.458313 0.843251 
-0.209352 -0.461911 0.861864 
-0.135914 -0.461386 0.876727 
-0.0598786 -0.449887 0.891076 
0.0559011 -0.491775 0.868926 
0.0786546 -0.434721 0.897124 
0.137367 -0.459163 0.877667 
0.206657 -0.448463 0.869583 
0.258508 -0.386325 0.885397 
0.329768 -0.386129 0.861486 
0.377662 -0.329012 0.865519 
0.422777 -0.270681 0.864865 
0.464942 -0.21077 0.859887 
0.503701 -0.148757 0.850974 
0.475641 -0.0868274 0.875344 
0.569533 -0.018629 0.821758 
0.537994 0.0455039 0.84172 
0.501695 0.109775 0.858051 
0.520588 0.172958 0.836106 
0.479886 0.230577 0.846489 
0.437974 0.287479 0.851783 
0.395266 0.344957 0.851334 
0.350862 0.402264 0.845624 
0.306157 0.460545 0.833167 
0.259721 0.515138 0.81681 
0.190894 0.523279 0.830505 
0.12109 0.527889 0.840637 
0.0506009 0.53006 0.846449 
-0.0202806 0.52956 0.84803 
-0.0912387 0.52618 0.845464 
-0.161949 0.519736 0.838837 
-0.232089 0.510458 0.82799 
-0.301722 0.498926 0.812426 
-0.337137 0.438902 0.832888 
-0.406444 0.428433 0.807 
-0.438729 0.367307 0.820123 
-0.468853 0.304451 0.829148 
-0.497305 0.240185 0.833666 
-0.524755 0.174881 0.833096 
-0.551704 0.108032 0.827014 
-0.568653 0.014568 0.822448 
-0.545668 -0.0589611 0.835925 
-0.519838 -0.129142 0.844447 
-0.491757 -0.197886 0.847948 
-0.460992 -0.264522 0.847062 
-0.427605 -0.329293 0.841855 
-0.390907 -0.392017 0.832775 
-0.350917 -0.452361 0.819894 
-0.308355 -0.510539 0.802663 
-0.237286 -0.515408 0.823438 
-0.16441 -0.516221 0.840527 
-0.0896874 -0.510134 0.855406 
-0.0173265 -0.502189 0.864584 
0.0254414 -0.550673 0.834333 
0.09856 -0.533301 0.840164 
0.163523 -0.512705 0.842849 
0.23305 -0.501376 0.833253 
0.304661 -0.492632 0.815166 
0.353252 -0.440036 0.825579 
0.401131 -0.385337 0.831029 
0.446919 -0.328719 0.83199 
0.490016 -0.270235 0.828769 
0.529852 -0.209602 0.821781 
0.565987 -0.146746 0.811248 
0.538575 -0.0844267 0.838337 
0.627127 -0.0165796 0.778741 
0.596746 0.0474987 0.801023 
0.562166 0.111336 0.819496 
0.583778 0.174361 0.79297 
0.545407 0.233366 0.805029 
0.50477 0.290442 0.812927 
0.462697 0.346664 0.815926 
0.419105 0.402601 0.813795 
0.373604 0.458124 0.806562 
0.329169 0.516217 0.790676 
0.284043 0.565658 0.774177 
0.218328 0.575602 0.788045 
0.150288 0.581108 0.79983 
0.0810953 0.584377 0.80742 
0.0113296 0.585088 0.810891 
-0.0586185 0.583034 0.81033 
-0.128417 0.57803 0.805848 
-0.197754 0.570033 0.797468 
-0.266492 0.55917 0.785055 
-0.334835 0.545639 0.768221 
-0.371786 0.487753 0.789856 
-0.440403 0.476732 0.76077 
-0.473657 0.417469 0.77548 
-0.504485 0.356069 0.786581 
-0.533287 0.292662 0.793696 
-0.560628 0.227319 0.796255 
-0.586521 0.159254 0.794123 
-0.603051 0.0820054 0.793477 
-0.624654 0.0161599 0.780735 
-0.602426 -0.0502096 0.796594 
-0.579309 -0.119301 0.80633 
-0.55304 -0.1877 0.811736 
-0.52407 -0.255063 0.812584 
-0.49232 -0.320603 0.809219 
-0.457463 -0.38403 0.802028 
-0.419327 -0.445005 0.791287 
-0.377989 -0.503417 0.776978 
-0.334572 -0.559983 0.757945 
-0.264503 -0.566363 0.780558 
-0.192833 -0.568856 0.799511 
-0.119801 -0.566202 0.815514 
-0.0473449 -0.560306 0.826931 
-0.00835505 -0.608902 0.793202 
0.0614504 -0.597851 0.799249 
0.1286 -0.582654 0.802481 
0.194076 -0.563756 0.802816 
0.261898 -0.550945 0.792382 
0.331069 -0.540974 0.773136 
0.378175 -0.491512 0.784474 
0.424593 -0.43913 0.791761 
0.470076 -0.384583 0.794434 
0.513511 -0.32795 0.792941 
0.554098 -0.269054 0.787773 
0.591293 -0.207896 0.7792 
0.62485 -0.14481 0.767198 
0.598335 -0.0821753 0.797021 
0.681505 -0.0147229 0.731666 
0.652784 0.0492231 0.755943 
0.62053 0.11268 0.776045 
0.642119 0.176337 0.746049 
0.606132 0.236244 0.759469 
0.567414 0.294208 0.769079 
0.526447 0.35052 0.77459 
0.483602 0.405829 0.775521 
0.438461 0.460337 0.771908 
0.39019 0.514575 0.763521 
0.337641 0.582034 0.739754 
0.262444 0.620202 0.739238 
0.18801 0.629424 0.753975 
0.1161 0.634972 0.763761 
0.045202 0.637496 0.769126 
-0.0250931 0.637068 0.770399 
-0.0948034 0.63365 0.767789 
-0.163793 0.627195 0.761445 
-0.231919 0.617672 0.751462 
-0.299157 0.605119 0.737792 
-0.365725 0.589108 0.720554 
-0.404527 0.533859 0.742531 
-0.471158 0.524004 0.709527 
-0.50548 0.466849 0.725632 
-0.537209 0.407203 0.738642 
-0.566535 0.345268 0.748216 
-0.593805 0.281213 0.753866 
-0.619133 0.214947 0.755296 
-0.640369 0.145578 0.754145 
-0.658034 0.0793872 0.748792 
-0.67862 0.0143382 0.73435 
-0.658651 -0.0469504 0.750983 
-0.636162 -0.111517 0.763454 
-0.611501 -0.178325 0.770887 
-0.584115 -0.245134 0.773769 
-0.554212 -0.310889 0.772138 
-0.521343 -0.374778 0.766644 
-0.485305 -0.436339 0.757686 
-0.445955 -0.495252 0.745553 
-0.403407 -0.551542 0.730112 
-0.290708 -0.614728 0.733211 
-0.22077 -0.619112 0.753632 
-0.178139 -0.66908 0.721525 
-0.149815 -0.619243 0.770775 
-0.0789559 -0.615863 0.783887 
-0.0385448 -0.663514 0.74717 
0.0309907 -0.655328 0.754708 
0.099713 -0.643333 0.759065 
0.167084 -0.626824 0.761035 
0.233386 -0.609615 0.757563 
0.301862 -0.593579 0.746018 
0.387397 -0.55199 0.738397 
0.439697 -0.497046 0.748072 
0.48787 -0.441996 0.752743 
0.533118 -0.385944 0.752883 
0.575176 -0.328131 0.749335 
0.613767 -0.268325 0.742491 
0.648704 -0.206622 0.732455 
0.679945 -0.14326 0.719132 
0.654806 -0.0802459 0.751525 
0.732222 -0.0128314 0.680945 
0.705477 0.0511243 0.706886 
0.675572 0.114452 0.728357 
0.695799 0.178999 0.695574 
0.662063 0.239544 0.710135 
0.625376 0.298262 0.721072 
0.586001 0.35513 0.728345 
0.544337 0.410393 0.731624 
0.500385 0.46424 0.730819 
0.453444 0.516513 0.726362 
0.400138 0.566063 0.720738 
0.339633 0.634194 0.694584 
0.281297 0.664805 0.692031 
0.214543 0.674142 0.706756 
0.145581 0.681791 0.716915 
0.0759645 0.68619 0.723445 
0.00622637 0.687503 0.726155 
-0.0632452 0.685754 0.725081 
-0.132096 0.680928 0.720339 
-0.19998 0.673006 0.712089 
-0.266543 0.661977 0.700529 
-0.331401 0.64797 0.68579 
-0.393963 0.629749 0.669485 
-0.43425 0.578464 0.690512 
-0.492606 0.576372 0.652023 
-0.530727 0.518763 0.670234 
-0.565077 0.459248 0.685404 
-0.596204 0.397679 0.697418 
-0.624556 0.334031 0.705941 
-0.650462 0.268208 0.710608 
-0.673545 0.199831 0.711622 
-0.694308 0.130666 0.707716 
-0.712751 0.0610429 0.698756 
-0.719441 -0.022102 0.694202 
-0.693222 -0.0938058 0.714594 
-0.66819 -0.16403 0.725683 
-0.641695 -0.232663 0.730819 
-0.613288 -0.299396 0.730918 
-0.582284 -0.364047 0.726922 
-0.54831 -0.426306 0.719457 
-0.51116 -0.485902 0.708953 
-0.470666 -0.542627 0.695722 
-0.426909 -0.596648 0.679529 
-0.359281 -0.60655 0.709235 
-0.315569 -0.660305 0.681479 
-0.247442 -0.666607 0.703141 
-0.205407 -0.715226 0.668027 
-0.108383 -0.668046 0.736185 
-0.0663797 -0.713893 0.697101 
0.00342074 -0.707899 0.706306 
0.0729104 -0.698138 0.712241 
0.141734 -0.684188 0.715401 
0.209416 -0.667071 0.714955 
0.277057 -0.648755 0.708771 
0.346463 -0.619912 0.70404 
0.407829 -0.59598 0.691725 
0.456042 -0.547519 0.701605 
0.503983 -0.495718 0.707294 
0.549909 -0.441833 0.708791 
0.593075 -0.385793 0.706701 
0.633009 -0.327611 0.701406 
0.669407 -0.267415 0.693097 
0.702112 -0.205401 0.681799 
0.731103 -0.141788 0.667371 
0.707636 -0.0785372 0.702199 
0.778918 -0.0107735 0.627033 
0.754319 0.0533514 0.654336 
0.72665 0.116792 0.677008 
0.744813 0.182258 0.6419 
0.713095 0.243473 0.657431 
0.67823 0.302997 0.669475 
0.640357 0.360713 0.678107 
0.599791 0.416668 0.68311 
0.556676 0.470935 0.684348 
0.510561 0.523348 0.682227 
0.459608 0.573 0.678551 
0.402154 0.617217 0.676251 
0.387479 0.669039 0.634229 
0.323571 0.693421 0.643793 
0.250413 0.714687 0.653082 
0.179684 0.724187 0.665783 
0.108936 0.730745 0.673903 
0.0382431 0.733893 0.678188 
-0.0322951 0.733781 0.678618 
-0.102549 0.7304 0.675277 
-0.172439 0.72365 0.668278 
-0.242023 0.713324 0.657718 
-0.311657 0.69902 0.643616 
-0.382505 0.679718 0.625838 
-0.448987 0.632519 0.631134 
-0.511152 0.620255 0.594986 
-0.552526 0.564954 0.612815 
-0.589365 0.507131 0.628862 
-0.622474 0.446954 0.642462 
-0.652283 0.384487 0.65322 
-0.679142 0.319734 0.660709 
-0.703127 0.252566 0.664697 
-0.724653 0.183424 0.664254 
-0.74439 0.112569 0.658188 
-0.75673 0.0380834 0.652618 
-0.767468 -0.0292294 0.64042 
-0.742237 -0.085482 0.664663 
-0.719657 -0.152903 0.677285 
-0.694946 -0.220931 0.68428 
-0.668483 -0.287824 0.685775 
-0.639445 -0.352849 0.683086 
-0.607529 -0.415644 0.676866 
-0.572552 -0.475875 0.667628 
-0.53435 -0.533254 0.655828 
-0.49276 -0.587578 0.641825 
-0.447804 -0.639054 0.625365 
-0.382214 -0.650122 0.656699 
-0.340006 -0.702713 0.624972 
-0.273694 -0.710723 0.648047 
-0.234331 -0.756531 0.610532 
-0.136125 -0.716299 0.684387 
-0.0934477 -0.75975 0.643465 
-0.0230266 -0.755835 0.654357 
0.0471789 -0.748114 0.66189 
0.116985 -0.736268 0.666501 
0.186123 -0.720502 0.668008 
0.254911 -0.701641 0.665372 
0.324711 -0.675983 0.661521 
0.393062 -0.649845 0.650542 
0.46048 -0.605581 0.649022 
0.512112 -0.552072 0.657996 
0.560836 -0.498562 0.660983 
0.606115 -0.443441 0.660291 
0.647935 -0.386436 0.65639 
0.686137 -0.327515 0.649576 
0.720591 -0.266762 0.639989 
0.751228 -0.204322 0.627622 
0.778061 -0.140362 0.612306 
0.75654 -0.0768147 0.64942 
0.821337 -0.00863006 0.570378 
0.79901 0.0558308 0.59872 
0.773444 0.119572 0.622485 
0.789311 0.185526 0.585293 
0.759469 0.247412 0.60166 
0.726278 0.307735 0.61467 
0.689791 0.366358 0.624477 
0.650215 0.423263 0.630927 
0.607685 0.478471 0.633865 
0.561819 0.531841 0.633643 
0.511083 0.582748 0.631823 
0.503301 0.638487 0.582256 
0.436854 0.683563 0.584723 
0.365818 0.719932 0.589809 
0.291896 0.742889 0.602422 
0.216211 0.760626 0.612128 
0.14388 0.770094 0.621493 
0.0722556 0.775568 0.627115 
0.00108452 0.777385 0.629024 
-0.0695978 0.775713 0.627236 
-0.139662 0.770533 0.621911 
-0.208985 0.76169 0.613313 
-0.277473 0.748918 0.601773 
-0.344969 0.731701 0.587887 
-0.410596 0.710537 0.571444 
-0.463571 0.671935 0.577586 
-0.518304 0.666737 0.535558 
-0.566603 0.611353 0.552458 
-0.607832 0.554054 0.568827 
-0.644005 0.494686 0.583561 
-0.676078 0.43314 0.596078 
-0.704577 0.369358 0.605926 
-0.729799 0.303255 0.612724 
-0.752002 0.234832 0.615911 
-0.771763 0.163839 0.614442 
-0.788821 0.0888935 0.608161 
-0.801585 0.016843 0.597643 
-0.803204 -0.0602552 0.592649 
-0.769117 -0.132596 0.625202 
-0.789488 -0.193356 0.582513 
-0.745132 -0.205228 0.634554 
-0.720185 -0.274136 0.637325 
-0.692794 -0.340498 0.635686 
-0.662553 -0.40443 0.630445 
-0.629272 -0.465806 0.622126 
-0.592762 -0.524421 0.611241 
-0.55278 -0.580062 0.598299 
-0.508981 -0.632591 0.583752 
-0.4607 -0.682385 0.567545 
-0.403233 -0.690987 0.599951 
-0.30506 -0.74925 0.587846 
-0.259258 -0.792691 0.551748 
-0.189255 -0.79881 0.571038 
-0.163898 -0.759991 0.628928 
-0.118935 -0.800881 0.586894 
-0.0484322 -0.799112 0.599229 
0.02199 -0.793489 0.608187 
0.0921537 -0.783726 0.614232 
0.161886 -0.769748 0.617479 
0.231272 -0.751722 0.617598 
0.301034 -0.728031 0.615913 
0.370769 -0.700151 0.610179 
0.445772 -0.659166 0.60563 
0.513796 -0.605708 0.607563 
0.566589 -0.5533 0.610603 
0.614453 -0.499492 0.6107 
0.658386 -0.443857 0.607881 
0.698559 -0.386325 0.602302 
0.734926 -0.326933 0.594136 
0.767422 -0.265787 0.583455 
0.79601 -0.203028 0.570218 
0.820699 -0.138803 0.554244 
0.80125 -0.0750528 0.593603 
0.859355 -0.006598 0.511337 
0.839446 0.0582248 0.540315 
0.815903 0.122315 0.565103 
0.829511 0.188059 0.525875 
0.801555 0.250451 0.542941 
0.770099 0.311354 0.556782 
0.735144 0.37061 0.567636 
0.696825 0.428166 0.575421 
0.655242 0.484013 0.579991 
0.61008 0.538029 0.581659 
0.560047 0.589743 0.581851 
0.554742 0.641771 0.52952 
0.497695 0.685479 0.53143 
0.440836 0.723711 0.530948 
0.382031 0.75393 0.534455 
0.318255 0.773875 0.547569 
0.249864 0.790873 0.558648 
0.177963 0.804386 0.566826 
0.106232 0.812413 0.573323 
0.0346761 0.816409 0.576432 
-0.0365439 0.816642 0.575986 
-0.107284 0.81318 0.572039 
-0.177467 0.805882 0.564854 
-0.247157 0.794416 0.554812 
-0.316642 0.778196 0.542355 
-0.386559 0.756417 0.527642 
-0.460112 0.719755 0.519855 
-0.527705 0.702588 0.477386 
-0.576933 0.651596 0.492514 
-0.621692 0.596567 0.507551 
-0.661086 0.538811 0.522156 
-0.695763 0.47867 0.535527 
-0.726328 0.416202 0.547013 
-0.753183 0.351388 0.556094 
-0.776577 0.28418 0.56229 
-0.796704 0.214354 0.565079 
-0.813765 0.141048 0.56382 
-0.830165 0.0654547 0.553662 
-0.838172 -0.0117729 0.545279 
-0.84357 -0.0836547 0.530464 
-0.810284 -0.12474 0.572608 
-0.831983 -0.170951 0.527806 
-0.811247 -0.242861 0.53188 
-0.767091 -0.261544 0.585804 
-0.74165 -0.328115 0.58506 
-0.713102 -0.39277 0.580704 
-0.681335 -0.455213 0.573204 
-0.646143 -0.515211 0.563078 
-0.60719 -0.572575 0.550888 
-0.563848 -0.627176 0.537332 
-0.514482 -0.679111 0.523561 
-0.449998 -0.726374 0.519503 
-0.376988 -0.737341 0.560543 
-0.328953 -0.782371 0.528853 
-0.213372 -0.833124 0.510272 
-0.168601 -0.869082 0.465048 
-0.143534 -0.837439 0.527346 
-0.0731848 -0.837814 0.541028 
-0.00285127 -0.834353 0.551224 
0.0672068 -0.826772 0.558508 
0.13676 -0.814943 0.563174 
0.205631 -0.798903 0.565216 
0.273707 -0.778199 0.565235 
0.340094 -0.753548 0.562584 
0.404304 -0.724527 0.558211 
0.462958 -0.693621 0.55187 
0.514944 -0.650922 0.557794 
0.569457 -0.603637 0.557979 
0.619 -0.552511 0.558185 
0.664697 -0.498917 0.556112 
0.706689 -0.443155 0.551548 
0.74493 -0.385382 0.544572 
0.779334 -0.325736 0.535289 
0.809825 -0.264374 0.523727 
0.836354 -0.201461 0.509829 
0.858904 -0.13715 0.493431 
0.841619 -0.0732504 0.535082 
0.892908 -0.0049362 0.450211 
0.875637 0.0601366 0.479211 
0.854088 0.124437 0.505023 
0.865497 0.189337 0.463752 
0.839467 0.252113 0.481387 
0.809826 0.313446 0.495917 
0.77655 0.373151 0.50767 
0.739745 0.431126 0.516632 
0.699524 0.487309 0.522682 
0.655742 0.541538 0.526061 
0.607681 0.593319 0.527918 
0.598921 0.646272 0.472891 
0.543342 0.692384 0.474746 
0.485249 0.734497 0.474391 
0.422671 0.771093 0.476199 
0.354575 0.798836 0.48594 
0.284948 0.817869 0.499895 
0.213763 0.833035 0.510254 
0.141446 0.844182 0.517059 
0.0693878 0.850597 0.52122 
-0.00230339 0.852942 0.522 
-0.0734691 0.851392 0.51936 
-0.14399 0.845892 0.513551 
-0.213853 0.836161 0.505075 
-0.283131 0.821747 0.494539 
-0.351766 0.802228 0.48238 
-0.419343 0.77604 0.471077 
-0.479208 0.747444 0.460095 
-0.528028 0.742712 0.411784 
-0.580719 0.691333 0.42991 
-0.629268 0.637382 0.444709 
-0.672508 0.580819 0.458674 
-0.710432 0.521916 0.472114 
-0.743607 0.460764 0.484506 
-0.772561 0.397366 0.495227 
-0.797643 0.331709 0.503721 
-0.819024 0.263743 0.509548 
-0.836712 0.193329 0.512384 
-0.851475 0.120789 0.510294 
-0.86637 0.0459669 0.497283 
-0.874041 -0.0205859 0.485415 
-0.876904 -0.0871049 0.472708 
-0.866666 -0.153156 0.474799 
-0.850425 -0.223891 0.476077 
-0.828983 -0.292609 0.476621 
-0.787434 -0.311433 0.531938 
-0.76041 -0.377525 0.528442 
-0.730135 -0.441219 0.521755 
-0.69642 -0.502404 0.512434 
-0.658982 -0.560931 0.501099 
-0.617403 -0.61657 0.488523 
-0.570781 -0.668989 0.476091 
-0.517366 -0.717171 0.466903 
-0.463447 -0.758331 0.458421 
-0.409667 -0.799136 0.439949 
-0.39707 -0.768241 0.502137 
-0.28216 -0.824701 0.490157 
-0.239284 -0.862207 0.446477 
-0.191594 -0.895843 0.400944 
-0.0977269 -0.871719 0.480163 
-0.0271106 -0.870493 0.491433 
0.0431458 -0.865091 0.499757 
0.112918 -0.855371 0.505558 
0.182076 -0.841296 0.508988 
0.250514 -0.822683 0.510329 
0.317879 -0.799785 0.509213 
0.383998 -0.772408 0.505897 
0.448549 -0.740839 0.499961 
0.510847 -0.699567 0.499641 
0.565288 -0.653429 0.503468 
0.617712 -0.604422 0.503096 
0.665753 -0.552504 0.50151 
0.709888 -0.498321 0.49773 
0.750186 -0.442082 0.491715 
0.78662 -0.383925 0.483561 
0.81913 -0.324004 0.473336 
0.847662 -0.262491 0.46105 
0.872167 -0.199563 0.446654 
0.892612 -0.135385 0.430016 
0.877556 -0.0715691 0.474103 
0.921968 -0.00381514 0.387248 
0.907639 0.061114 0.415278 
0.888038 0.125402 0.442337 
0.897407 0.188338 0.398986 
0.873318 0.25161 0.417142 
0.845499 0.313476 0.432277 
0.813906 0.373747 0.444826 
0.778604 0.432314 0.454841 
0.739685 0.489104 0.462216 
0.697072 0.543979 0.467096 
0.650291 0.596569 0.470348 
0.639785 0.647664 0.41377 
0.585367 0.695507 0.416671 
0.527112 0.740204 0.417433 
0.463979 0.780547 0.418891 
0.39497 0.813804 0.426288 
0.321712 0.838866 0.439096 
0.249585 0.856948 0.450941 
0.177315 0.870523 0.459074 
0.104796 0.879699 0.463841 
0.0326426 0.884378 0.465628 
-0.0389932 0.88492 0.464108 
-0.109992 0.881368 0.459447 
-0.180381 0.873488 0.452197 
-0.250363 0.860825 0.443056 
-0.320199 0.842854 0.432516 
-0.352317 0.859557 0.370182 
-0.390463 0.818445 0.421528 
-0.460476 0.788726 0.407276 
-0.534858 0.769051 0.349982 
-0.586185 0.722758 0.366071 
-0.634631 0.672446 0.380867 
-0.679767 0.618515 0.394153 
-0.720429 0.561591 0.406936 
-0.756302 0.502158 0.419338 
-0.787626 0.440431 0.430889 
-0.814754 0.376484 0.440948 
-0.837924 0.310349 0.448961 
-0.857207 0.242034 0.454549 
-0.872721 0.171609 0.457065 
-0.885161 0.0984696 0.454747 
-0.901699 0.0212762 0.431841 
-0.905933 -0.0484963 0.420635 
-0.900752 -0.124141 0.416214 
-0.886388 -0.196674 0.419088 
-0.867347 -0.267807 0.41951 
-0.844036 -0.336424 0.417638 
-0.803846 -0.35951 0.473904 
-0.775222 -0.424285 0.467989 
-0.743015 -0.486715 0.459388 
-0.706956 -0.546654 0.448756 
-0.666759 -0.603904 0.43673 
-0.621869 -0.658064 0.424536 
-0.571351 -0.708507 0.414216 
-0.516876 -0.754483 0.404469 
-0.459014 -0.796571 0.393422 
-0.382407 -0.836982 0.39144 
-0.34857 -0.813336 0.465815 
-0.309966 -0.850851 0.424232 
-0.260578 -0.886871 0.381521 
-0.145316 -0.924383 0.352704 
-0.121013 -0.900668 0.417316 
-0.0504503 -0.901731 0.429345 
0.0198628 -0.898518 0.438486 
0.0898035 -0.890904 0.445226 
0.159255 -0.878805 0.449821 
0.228128 -0.862104 0.452475 
0.296256 -0.840863 0.45297 
0.363542 -0.814958 0.451309 
0.429806 -0.784241 0.447473 
0.495257 -0.745782 0.445567 
0.556133 -0.701594 0.445514 
0.610553 -0.653958 0.446726 
0.661513 -0.603692 0.444923 
0.708159 -0.550978 0.441513 
0.750754 -0.496157 0.436116 
0.789374 -0.439366 0.428772 
0.824022 -0.380756 0.419539 
0.854663 -0.320502 0.408447 
0.881253 -0.258805 0.39549 
0.903742 -0.195881 0.380632 
0.922086 -0.131955 0.363793 
0.909035 -0.0700807 0.410786 
0.946697 -0.0020751 0.322118 
0.93573 0.0599151 0.347591 
0.917886 0.12395 0.376991 
0.92565 0.182023 0.331721 
0.90348 0.246876 0.350394 
0.877496 0.309828 0.366069 
0.847637 0.37097 0.379331 
0.81394 0.430299 0.390314 
0.776466 0.487794 0.398945 
0.735171 0.543381 0.40529 
0.689732 0.596811 0.409983 
0.678206 0.645084 0.351998 
0.62556 0.694018 0.356391 
0.568305 0.740116 0.359525 
0.505087 0.783471 0.362023 
0.435148 0.821799 0.367821 
0.359836 0.852061 0.380145 
0.285638 0.875193 0.390445 
0.21299 0.891833 0.399085 
0.140519 0.903576 0.404727 
0.0681457 0.910779 0.407231 
-0.0037276 0.913578 0.406646 
-0.0748847 0.912151 0.402955 
-0.145276 0.906367 0.396729 
-0.215029 0.895871 0.388816 
-0.284138 0.880359 0.379782 
-0.317797 0.894363 0.314834 
-0.385532 0.870909 0.304767 
-0.418118 0.834373 0.359163 
-0.480427 0.806313 0.345034 
-0.521783 0.803846 0.285612 
-0.582082 0.756119 0.299106 
-0.634526 0.706179 0.314146 
-0.682103 0.653726 0.327686 
-0.72534 0.598518 0.340086 
-0.763949 0.540769 0.352067 
-0.797868 0.480744 0.363719 
-0.827313 0.418598 0.374604 
-0.852561 0.354417 0.384093 
-0.873777 0.288287 0.391669 
-0.891024 0.220335 0.3969 
-0.904349 0.15061 0.399336 
-0.914033 0.0786603 0.397941 
-0.930632 -0.0129684 0.365727 
-0.927949 -0.0877222 0.362236 
-0.917835 -0.164924 0.361079 
-0.901316 -0.238065 0.361877 
-0.880347 -0.308672 0.360155 
-0.855466 -0.376421 0.355648 
-0.817113 -0.40269 0.412513 
-0.786521 -0.46654 0.40463 
-0.751925 -0.527991 0.39476 
-0.713012 -0.587017 0.383439 
-0.669428 -0.643402 0.371348 
-0.620642 -0.696419 0.360283 
-0.566985 -0.745366 0.350654 
-0.50846 -0.790481 0.341481 
-0.442044 -0.83095 0.337816 
-0.382305 -0.86519 0.324483 
-0.32722 -0.873458 0.360553 
-0.290607 -0.904253 0.312848 
-0.217703 -0.91703 0.334158 
-0.166159 -0.943261 0.287488 
-0.0959391 -0.949176 0.299767 
-0.0740862 -0.927943 0.365285 
-0.00345121 -0.927 0.375047 
0.0667193 -0.921528 0.382536 
0.136409 -0.911467 0.388099 
0.205567 -0.896726 0.391951 
0.274117 -0.877273 0.39402 
0.342051 -0.853004 0.394189 
0.409291 -0.823689 0.392449 
0.475821 -0.787815 0.391078 
0.539679 -0.746229 0.389729 
0.598773 -0.700331 0.388598 
0.652333 -0.651488 0.38733 
0.701786 -0.600221 0.383709 
0.746907 -0.546693 0.378493 
0.7879 -0.491044 0.371605 
0.82485 -0.43339 0.363036 
0.857773 -0.373861 0.352779 
0.886642 -0.312584 0.340819 
0.911407 -0.249653 0.327124 
0.932005 -0.18506 0.311641 
0.948329 -0.118511 0.294324 
0.936277 -0.0672589 0.344763 
0.976393 -0.0324244 0.213553 
0.961628 0.0378885 0.271728 
0.94412 0.114558 0.309052 
0.948772 0.173522 0.264049 
0.928967 0.239566 0.282186 
0.905112 0.30335 0.29791 
0.877243 0.365187 0.311581 
0.845418 0.425139 0.323303 
0.809695 0.483208 0.333022 
0.770064 0.539355 0.340732 
0.726327 0.593418 0.346849 
0.665141 0.687177 0.292191 
0.612631 0.732704 0.296359 
0.557535 0.774299 0.29936 
0.501271 0.811408 0.300574 
0.443914 0.842761 0.304458 
0.383306 0.867001 0.318412 
0.31693 0.889514 0.329119 
0.246816 0.908427 0.337405 
0.175417 0.922563 0.343666 
0.103501 0.932124 0.347033 
0.0316511 0.937244 0.347234 
-0.0395839 0.938023 0.344304 
-0.110015 0.934413 0.338775 
-0.179834 0.926091 0.331686 
-0.249114 0.912812 0.323599 
-0.280562 0.924788 0.257005 
-0.347233 0.904321 0.248261 
-0.412032 0.879484 0.238198 
-0.452581 0.84243 0.292374 
-0.531882 0.817782 0.21985 
-0.583452 0.7778 0.233691 
-0.634427 0.73247 0.24696 
-0.682411 0.683214 0.259873 
-0.726875 0.630627 0.271959 
-0.767427 0.575068 0.283466 
-0.80368 0.516922 0.29477 
-0.835508 0.456498 0.305835 
-0.863022 0.393974 0.316191 
-0.886394 0.329447 0.325223 
-0.90571 0.263004 0.332441 
-0.920977 0.194696 0.337482 
-0.93209 0.124408 0.340193 
-0.937568 0.0507853 0.344074 
-0.950886 -0.0549971 0.304617 
-0.94353 -0.129885 0.304763 
-0.930427 -0.205256 0.303605 
-0.912115 -0.277301 0.30191 
-0.889806 -0.346107 0.297414 
-0.863891 -0.411559 0.290365 
-0.834225 -0.474021 0.28173 
-0.826852 -0.441518 0.348394 
-0.794115 -0.504225 0.339322 
-0.756831 -0.56474 0.329053 
-0.714537 -0.623192 0.317913 
-0.666769 -0.679344 0.306449 
-0.61345 -0.73203 0.29633 
-0.554777 -0.780533 0.28808 
-0.490619 -0.82446 0.282063 
-0.428256 -0.861962 0.271329 
-0.357734 -0.894421 0.268398 
-0.298655 -0.922065 0.246174 
-0.236228 -0.934161 0.26747 
-0.191526 -0.956284 0.220995 
-0.11983 -0.965123 0.232762 
-0.0492369 -0.968799 0.242909 
-0.0258349 -0.950451 0.309798 
0.0440673 -0.947136 0.317791 
0.113651 -0.939172 0.324098 
0.182811 -0.926485 0.328946 
0.251451 -0.909005 0.332389 
0.319566 -0.886605 0.33438 
0.387222 -0.859063 0.334768 
0.454347 -0.825598 0.334598 
0.519583 -0.786596 0.333617 
0.581475 -0.742927 0.331582 
0.638686 -0.695668 0.328826 
0.690789 -0.645847 0.325103 
0.738484 -0.593728 0.319576 
0.781853 -0.539326 0.312782 
0.821062 -0.482769 0.304618 
0.856171 -0.424193 0.295012 
0.887174 -0.36374 0.283928 
0.914025 -0.301531 0.271362 
0.936644 -0.237634 0.25735 
0.9549 -0.171975 0.242056 
0.968508 -0.104081 0.226185 
0.960113 -0.0485251 0.275369 
0.989693 0.0543261 0.132498 
0.978144 0.0342989 0.205083 
0.966524 0.16545 0.196107 
0.94942 0.230984 0.212716 
0.927956 0.294789 0.22803 
0.902319 0.356865 0.241802 
0.872626 0.417149 0.25399 
0.838967 0.475559 0.264533 
0.801393 0.532013 0.273371 
0.759876 0.586345 0.280692 
0.714395 0.638224 0.286898 
0.697944 0.679794 0.225288 
0.647209 0.726753 0.230111 
0.59336 0.7703 0.233586 
0.536752 0.810251 0.235352 
0.476708 0.846187 0.238153 
0.412986 0.876361 0.247857 
0.348604 0.899792 0.26239 
0.280906 0.920037 0.273174 
0.210581 0.936449 0.280568 
0.139097 0.948373 0.285027 
0.0673566 0.955806 0.28618 
-0.00386799 0.958844 0.283908 
-0.0741261 0.957482 0.278807 
-0.143676 0.951428 0.272288 
-0.212548 0.940551 0.264929 
-0.244913 0.949399 0.196621 
-0.312352 0.93106 0.188583 
-0.378731 0.907938 0.179476 
-0.474563 0.850109 0.228265 
-0.508095 0.846502 0.158978 
-0.570606 0.805117 0.161851 
-0.625338 0.760039 0.176899 
-0.676307 0.711712 0.189935 
-0.723197 0.660422 0.202063 
-0.766038 0.606312 0.213475 
-0.804711 0.549569 0.224533 
-0.839053 0.490431 0.235516 
-0.869028 0.429092 0.246312 
-0.894736 0.365644 0.256421 
-0.916278 0.300113 0.265266 
-0.933655 0.232472 0.272479 
-0.946753 0.162501 0.277943 
-0.954821 0.0894043 0.283413 
-0.956338 0.0135122 0.291951 
-0.964694 -0.0962262 0.245164 
-0.954235 -0.170656 0.245587 
-0.938749 -0.244225 0.243116 
-0.918916 -0.314351 0.23828 
-0.895446 -0.380782 0.230613 
-0.868123 -0.444117 0.221638 
-0.836944 -0.504619 0.211858 
-0.800789 -0.533539 0.272165 
-0.763783 -0.58991 0.261997 
-0.723708 -0.642746 0.251245 
-0.681025 -0.691714 0.240286 
-0.6349 -0.737016 0.231752 
-0.584292 -0.779296 0.226496 
-0.528427 -0.819133 0.223129 
-0.469278 -0.856618 0.21444 
-0.4043 -0.89036 0.209287 
-0.341796 -0.919478 0.194255 
-0.266789 -0.945095 0.188729 
-0.207244 -0.965695 0.156473 
-0.1393 -0.97642 0.164922 
-0.070587 -0.982064 0.174835 
-0.00151976 -0.983071 0.183219 
0.0208194 -0.967702 0.251237 
0.0904444 -0.961876 0.258096 
0.15961 -0.951303 0.26372 
0.228246 -0.93592 0.26825 
0.29632 -0.915607 0.271769 
0.363897 -0.890148 0.274254 
0.431134 -0.8591 0.275808 
0.497161 -0.822612 0.275936 
0.560665 -0.781295 0.274288 
0.620436 -0.735992 0.270877 
0.675467 -0.687741 0.266002 
0.725592 -0.637135 0.259952 
0.771299 -0.584099 0.252837 
0.812733 -0.528738 0.244747 
0.849996 -0.471205 0.235526 
0.883111 -0.411656 0.225064 
0.912046 -0.350228 0.213336 
0.936733 -0.28701 0.200391 
0.957065 -0.221994 0.1864 
0.972848 -0.154958 0.171913 
0.98364 -0.0853763 0.15863 
0.989152 -0.0152039 0.146104 
0.994838 0.0743179 0.069095 
0.978622 0.0997633 0.17985 
0.982105 0.140549 0.125363 
0.966833 0.212365 0.141899 
0.947282 0.27956 0.156536 
0.923556 0.343588 0.17027 
0.895778 0.405192 0.18276 
0.864026 0.464604 0.193914 
0.828344 0.521885 0.203671 
0.788738 0.576998 0.212053 
0.745224 0.629748 0.219223 
0.725786 0.669816 0.156784 
0.676586 0.718207 0.162509 
0.623945 0.763457 0.166812 
0.568135 0.80527 0.169595 
0.508831 0.843376 0.172651 
0.445741 0.876929 0.179755 
0.380682 0.90478 0.190931 
0.315077 0.9266 0.205277 
0.246232 0.94496 0.215455 
0.175168 0.959301 0.221489 
0.103372 0.969134 0.223815 
0.0319893 0.974471 0.222225 
-0.0381985 0.975374 0.217224 
-0.107695 0.971543 0.210962 
-0.176619 0.962903 0.204017 
-0.275951 0.952673 0.127536 
-0.343062 0.931647 0.119757 
-0.409794 0.905336 0.111518 
-0.444124 0.879785 0.169507 
-0.476753 0.872997 0.102868 
-0.545688 0.832045 0.0996289 
-0.609868 0.785088 0.108158 
-0.664892 0.737169 0.120419 
-0.714723 0.686861 0.131881 
-0.76004 0.633969 0.142909 
-0.801078 0.578502 0.153654 
-0.837838 0.520582 0.164382 
-0.870259 0.460376 0.175224 
-0.898342 0.397998 0.185953 
-0.922155 0.333463 0.196042 
-0.941713 0.266721 0.205028 
-0.956894 0.197618 0.212842 
-0.96731 0.125659 0.220275 
-0.972156 0.0508896 0.228742 
-0.971265 -0.0243467 0.236751 
-0.981628 -0.0629414 0.180127 
-0.973165 -0.136415 0.185313 
-0.96017 -0.210095 0.184214 
-0.942751 -0.281453 0.1789 
-0.921605 -0.348815 0.170212 
-0.89641 -0.413133 0.160531 
-0.867204 -0.474719 0.150332 
-0.834016 -0.53371 0.139895 
-0.801954 -0.562352 0.201571 
-0.763271 -0.617278 0.19075 
-0.720908 -0.669385 0.179486 
-0.67427 -0.718753 0.169571 
-0.623106 -0.764956 0.163034 
-0.568006 -0.807409 0.159559 
-0.510352 -0.845974 0.154495 
-0.448811 -0.881169 0.148694 
-0.386517 -0.911807 0.138608 
-0.318741 -0.938778 0.130763 
-0.255485 -0.960275 0.112246 
-0.172842 -0.980152 0.0970993 
-0.0992117 -0.989407 0.105971 
-0.0278614 -0.993062 0.114242 
0.0422877 -0.991688 0.121516 
0.0675248 -0.97938 0.190408 
0.136328 -0.970963 0.196586 
0.204719 -0.957767 0.20192 
0.272577 -0.939698 0.206567 
0.339844 -0.916583 0.21067 
0.406587 -0.888122 0.214304 
0.472753 -0.854241 0.21628 
0.537284 -0.815325 0.215802 
0.598785 -0.772141 0.212734 
0.656042 -0.725737 0.207159 
0.708474 -0.676817 0.199958 
0.756354 -0.62527 0.192264 
0.799928 -0.571219 0.183913 
0.839287 -0.514822 0.174799 
0.874466 -0.456263 0.164723 
0.905443 -0.395703 0.153598 
0.932161 -0.333265 0.141458 
0.954534 -0.269001 0.128467 
0.972428 -0.202866 0.115018 
0.985607 -0.134772 0.102053 
0.993821 -0.0656738 0.089486 
0.997032 0.00357663 0.0768993 
0.999438 0.0322676 0.00910302 
0.988477 0.139503 0.0587539 
0.976302 0.203696 0.073091 
0.959645 0.267843 0.0856868 
0.938579 0.330754 0.098345 
0.91327 0.392074 0.110527 
0.883832 0.451652 0.121865 
0.850339 0.509352 0.132225 
0.812815 0.565066 0.141538 
0.771268 0.618644 0.149748 
0.749916 0.655801 0.0868927 
0.70231 0.705669 0.0937663 
0.651014 0.752568 0.0991059 
0.596323 0.796128 0.10286 
0.538277 0.83603 0.106355 
0.476775 0.87185 0.112089 
0.412857 0.902702 0.121155 
0.347311 0.928301 0.132787 
0.281242 0.948262 0.147314 
0.211436 0.964787 0.156462 
0.139714 0.977098 0.1605 
0.0681047 0.984802 0.159774 
-0.00183901 0.987983 0.15455 
-0.0711065 0.98638 0.148321 
-0.13989 0.979984 0.141638 
-0.208206 0.968759 0.134744 
-0.236687 0.969424 0.0647839 
-0.302829 0.95128 0.057979 
-0.367751 0.928526 0.0509695 
-0.430915 0.901325 0.0438752 
-0.491445 0.870122 0.0370137 
-0.547738 0.836011 0.0326853 
-0.601374 0.79787 0.0418671 
-0.654341 0.754445 0.0514894 
-0.704257 0.707244 0.0618671 
-0.750714 0.656676 0.0721513 
-0.793389 0.603112 0.0824034 
-0.832096 0.546822 0.092753 
-0.866678 0.488039 0.103379 
-0.897024 0.426952 0.114283 
-0.92309 0.363648 0.125159 
-0.94487 0.298095 0.135503 
-0.962265 0.230208 0.145088 
-0.974996 0.159822 0.154398 
-0.982661 0.0868538 0.163812 
-0.984853 0.01246 0.172943 
-0.987282 -0.101689 0.122201 
-0.976602 -0.175645 0.124083 
-0.961455 -0.247631 0.11951 
-0.942596 -0.31545 0.109561 
-0.919497 -0.380425 0.0990072 
-0.892257 -0.442826 0.0882227 
-0.860931 -0.502783 0.0775067 
-0.82557 -0.560317 0.0669268 
-0.796906 -0.590116 0.129246 
-0.755877 -0.643919 0.118398 
-0.710605 -0.695193 0.108379 
-0.660885 -0.743703 0.100678 
-0.607214 -0.788741 0.095806 
-0.550632 -0.829691 0.0917419 
-0.491212 -0.866701 0.0868351 
-0.430017 -0.899357 0.0790097 
-0.366165 -0.927843 0.0709243 
-0.303133 -0.951212 0.0574985 
-0.236098 -0.97059 0.0470389 
-0.173784 -0.984361 0.0288454 
-0.109334 -0.993294 0.0375874 
-0.0434284 -0.998057 0.0446864 
0.0231997 -0.998396 0.0516421 
0.0902238 -0.994222 0.0581506 
0.111604 -0.985476 0.127994 
0.180192 -0.974483 0.133843 
0.248049 -0.958689 0.139241 
0.31513 -0.938001 0.144386 
0.381388 -0.912247 0.149495 
0.446814 -0.881269 0.154019 
0.511623 -0.844982 0.155715 
0.57438 -0.80401 0.153802 
0.633279 -0.759599 0.148215 
0.687428 -0.712639 0.139956 
0.737227 -0.662749 0.131379 
0.782761 -0.610137 0.122544 
0.824117 -0.554976 0.113284 
0.861302 -0.497466 0.103372 
0.894292 -0.43779 0.0926421 
0.92303 -0.376088 0.081074 
0.947445 -0.31243 0.0688189 
0.967439 -0.246789 0.0561848 
0.982856 -0.179119 0.0436999 
0.993449 -0.109882 0.0313745 
0.999035 -0.0395876 0.0190454 
-0.996136 -0.0648156 0.05926 
-0.994675 -0.103053 0.00125916 
-0.984198 -0.17707 0.000315329 
0.969678 0.244077 0.012272 
0.950743 0.30901 0.0244909 
0.927538 0.371931 0.0366058 
0.900166 0.43287 0.0482169 
0.868697 0.491804 0.0591206 
0.83317 0.548659 0.069288 
0.793577 0.603367 0.0786335 
0.770291 0.637497 0.0157596 
0.724521 0.688833 0.024047 
0.674768 0.737394 0.0306189 
0.621407 0.782688 0.0354125 
0.564718 0.824351 0.0392253 
0.504968 0.862 0.0443088 
0.442533 0.895274 0.0514618 
0.378488 0.923539 0.0618237 
0.312691 0.947004 0.0735415 
0.246748 0.965006 0.0887602 
0.17604 0.979664 0.0962677 
0.10423 0.989812 0.0969963 
0.0349114 0.995232 0.0910727 
-0.033739 0.995841 0.0846274 
-0.101923 0.991731 0.0779834 
-0.169631 0.982918 0.0713907 
-0.197941 0.980214 0.000449871 
0.264249 -0.964437 0.00585539 
0.329711 -0.944002 0.0123144 
0.394024 -0.918904 0.0190038 
0.456894 -0.889147 0.0258193 
0.51838 -0.854568 0.0315647 
0.578912 -0.814873 0.029047 
0.634617 -0.772589 0.0191628 
0.686871 -0.726719 0.00932358 
-0.735423 0.677608 0.000687772 
-0.780189 0.625454 0.0106032 
-0.821024 0.570521 0.0206245 
-0.857809 0.513035 0.030968 
-0.890432 0.453194 0.0417778 
-0.918806 0.391137 0.0529858 
-0.942874 0.326891 0.0642651 
-0.962575 0.260375 0.0751982 
-0.977717 0.191564 0.0858647 
-0.987983 0.120601 0.0966705 
-0.993135 0.0477105 0.106799 
-0.992852 -0.0261902 0.116446 
-0.988137 -0.140166 0.0627583 
-0.975212 -0.213029 0.0598416 
-0.958557 -0.280705 0.048723 
-0.93754 -0.345874 0.0372692 
-0.912298 -0.408712 0.0258174 
-0.882914 -0.469305 0.0146937 
-0.849444 -0.527663 0.00402828 
0.81192 0.583735 0.00620693 
-0.786195 -0.615394 0.0564538 
-0.742661 -0.668041 0.0466483 
-0.694855 -0.71812 0.0384793 
-0.643042 -0.765139 0.0325311 
-0.587841 -0.808484 0.0282169 
-0.529637 -0.847887 0.0239204 
-0.469051 -0.882996 0.0175563 
-0.406094 -0.913781 0.0096404 
0.342357 0.939568 0.00199445 
0.276373 0.960957 0.0133897 
0.211245 0.976973 0.0299809 
0.139785 0.989588 0.0342821 
0.0716222 0.997066 0.027013 
0.00383706 0.99979 0.0201272 
-0.0637088 0.99788 0.013307 
-0.131022 0.991356 0.00677724 
0.157298 -0.985457 0.0642795 
0.224122 -0.972033 0.0701567 
0.290443 -0.953873 0.0759582 
0.356022 -0.930882 0.0818937 
0.420614 -0.902969 0.0879324 
0.484231 -0.869968 0.0931458 
0.547421 -0.831588 0.0937647 
0.60758 -0.78927 0.0888761 
0.66284 -0.744502 0.0797487 
0.714089 -0.696507 0.0703979 
0.761298 -0.645533 0.0609348 
0.804461 -0.59178 0.051379 
0.843535 -0.535471 0.041465 
0.878462 -0.476807 0.0309853 
0.909168 -0.415955 0.019851 
0.935584 -0.353008 0.00818322 
-0.957638 0.287953 0.00370503 
-0.975218 0.220707 0.0154518 
-0.98809 0.151466 0.0271423 
-0.995987 0.0806251 0.0388496 
-0.998754 0.00806235 0.0492495 
0.453835 0.630352 0.629834 
0.278753 -0.441964 0.852622 
0.963799 0.10316 0.245864 
-0.0793674 -0.349104 0.933717 

