+0.00072740 +0.00002236 +0.99999974 
-0.03937296 +0.05948191 +0.99745259 
-0.03760603 -0.05834360 +0.99758800 
+0.06843137 -0.00090556 +0.99765542 
+0.03123917 +0.06050977 +0.99767865 
-0.00797235 +0.11869623 +0.99289861 
-0.08066275 +0.10705121 +0.99097606 
-0.12140528 +0.03558562 +0.99196493 
-0.06767982 +0.00309424 +0.99770229 
-0.08030495 -0.11051137 +0.99062523 
-0.05129375 -0.17254586 +0.98366502 
-0.00877494 -0.11919590 +0.99283198 
+0.03181721 -0.06148486 +0.99760076 
+0.13600045 -0.00206695 +0.99070662 
+0.10017268 +0.05984569 +0.99316863 
+0.06246080 +0.12041171 +0.99075712 
+0.09332576 +0.17995497 +0.97923772 
+0.02292362 +0.17817003 +0.98373266 
-0.04935841 +0.17107287 +0.98402125 
-0.14418418 +0.09752813 +0.98473305 
-0.18794267 +0.03276544 +0.98163332 
-0.10819814 -0.04578282 +0.99307457 
-0.14931293 -0.09875743 +0.98384583 
-0.12204012 -0.16307587 +0.97903650 
-0.02215195 -0.23332566 +0.97214630 
+0.02015814 -0.17947352 +0.98355625 
+0.09042566 -0.18257080 +0.97902559 
+0.06133643 -0.12241847 +0.99058143 
+0.10026491 -0.06277311 +0.99297859 
+0.20332471 -0.00317349 +0.97910622 
+0.16824799 +0.05858724 +0.98400211 
+0.13146451 +0.11999248 +0.98403195 
+0.16209888 +0.17966496 +0.97028061 
+0.12434142 +0.23911092 +0.96299802 
+0.05456487 +0.23723322 +0.96991911 
-0.01716074 +0.23183924 +0.97260273 
-0.08885464 +0.22530821 +0.97022733 
-0.11853137 +0.16413281 +0.97929093 
-0.20871320 +0.09276844 +0.97356706 
-0.25950031 +0.05201593 +0.96434119 
-0.16920721 -0.02900330 +0.98515366 
-0.21435611 -0.08213509 +0.97329609 
-0.19105999 -0.15023110 +0.97001376 
-0.09321400 -0.22511332 +0.96986347 
-0.06405269 -0.28586170 +0.95612778 
+0.00669124 -0.29314793 +0.95604368 
+0.04890053 -0.23912297 +0.96975716 
+0.11898115 -0.24184331 +0.96299289 
+0.15969638 -0.18384047 +0.96989677 
+0.13040151 -0.12381216 +0.98370016 
+0.16825600 -0.06378827 +0.98367727 
+0.27012790 -0.00388202 +0.96281662 
+0.23562851 +0.05734655 +0.97014977 
+0.19941426 +0.11868660 +0.97270111 
+0.22960123 +0.17817116 +0.95683766 
+0.19234883 +0.23882970 +0.95182052 
+0.15645639 +0.29829517 +0.94156327 
+0.08912030 +0.29708515 +0.95068291 
+0.02164280 +0.29387699 +0.95559819 
-0.04434833 +0.28946783 +0.95615982 
-0.10853852 +0.28406937 +0.95264053 
-0.16145115 +0.21704027 +0.96271857 
-0.18593443 +0.15527197 +0.97021596 
-0.25745126 +0.12997983 +0.95750932 
-0.32179078 +0.05011624 +0.94548350 
-0.23645752 -0.01525138 +0.97152212 
-0.27946368 -0.07393603 +0.95730534 
-0.25682132 -0.13788725 +0.95657196 
-0.16366892 -0.21441707 +0.96293188 
-0.13474019 -0.27633106 +0.95157040 
-0.10545500 -0.33688426 +0.93562185 
-0.03519274 -0.34560781 +0.93771889 
+0.03493414 -0.35194896 +0.93536706 
+0.07715644 -0.29796029 +0.95145496 
+0.14681767 -0.30006409 +0.94255298 
+0.18815041 -0.24276524 +0.95166405 
+0.22816992 -0.18433072 +0.95601290 
+0.19877995 -0.12459205 +0.97209225 
+0.23572031 -0.06447214 +0.96967999 
+0.33596226 -0.00400211 +0.94186695 
+0.30218786 +0.05667874 +0.95156188 
+0.26654126 +0.11736114 +0.95665151 
+0.29625079 +0.17670607 +0.93862156 
+0.25892449 +0.23691471 +0.93639176 
+0.22264569 +0.29763864 +0.92835346 
+0.18804929 +0.35682480 +0.91504837 
+0.12103950 +0.35618785 +0.92654177 
+0.05362252 +0.35439165 +0.93355834 
-0.01338441 +0.35132462 +0.93615804 
-0.07993890 +0.34676782 +0.93453831 
-0.14634288 +0.34031689 +0.92885315 
-0.17084952 +0.27756732 +0.94539242 
-0.23055480 +0.25798461 +0.93823687 
-0.23530995 +0.19555273 +0.95204431 
-0.30293959 +0.17813910 +0.93621262 
-0.31764419 +0.11230298 +0.94153609 
-0.30049065 -0.01090785 +0.95372239 
-0.34592686 -0.06042012 +0.93631406 
-0.32350102 -0.12519872 +0.93790851 
-0.29941949 -0.18921761 +0.93517093 
-0.23220342 -0.20257208 +0.95133912 
-0.20463742 -0.26532368 +0.94219259 
-0.17558856 -0.32641538 +0.92877428 
-0.14614510 -0.38636796 +0.91069282 
-0.07653382 -0.39641215 +0.91487703 
-0.00697490 -0.40423711 +0.91462763 
+0.06240615 -0.40950351 +0.91017160 
+0.10470249 -0.35573656 +0.92870280 
+0.17377857 -0.35701830 +0.91779025 
+0.21566173 -0.30042972 +0.92910279 
+0.25649368 -0.24288663 +0.93553037 
+0.29566387 -0.18432571 +0.93734034 
+0.26635414 -0.12491536 +0.95574663 
+0.30233917 -0.06469949 +0.95100210 
+0.40032596 -0.00345814 +0.91636629 
+0.36746116 +0.05680234 +0.92830264 
+0.33273322 +0.11688240 +0.93574949 
+0.36190528 +0.17661719 +0.91533105 
+0.32473728 +0.23527046 +0.91607506 
+0.28742716 +0.29490386 +0.91127237 
+0.25301772 +0.35595417 +0.89959917 
+0.22504074 +0.41206479 +0.88292654 
+0.15396393 +0.41232724 +0.89793171 
+0.08458483 +0.41199338 +0.90725237 
+0.01614522 +0.41019227 +0.91185615 
-0.05180755 +0.40648393 +0.91218791 
-0.11967260 +0.40030805 +0.90853285 
-0.18808281 +0.38862481 +0.90199535 
-0.21312011 +0.32600744 +0.92103147 
-0.27641350 +0.30665575 +0.91080065 
-0.29280396 +0.24147421 +0.92517893 
-0.35528676 +0.21813394 +0.90894934 
-0.36736310 +0.15085770 +0.91776157 
-0.37908320 +0.07931042 +0.92195758 
-0.36757952 +0.00552309 +0.92997570 
-0.40948030 -0.05059116 +0.91091515 
-0.38854890 -0.11359957 +0.91439865 
-0.36571254 -0.17658389 +0.91382300 
-0.34083448 -0.23914978 +0.90919703 
-0.27347857 -0.25260035 +0.92811774 
-0.24532755 -0.31434101 +0.91706277 
-0.21586505 -0.37460503 +0.90170580 
-0.18604611 -0.43385350 +0.88156564 
-0.11711761 -0.44544221 +0.88761743 
-0.04829214 -0.45473766 +0.88931520 
+0.02047606 -0.46146164 +0.88692383 
+0.08903516 -0.46554669 +0.88053337 
+0.13139405 -0.41218546 +0.90157570 
+0.19974269 -0.41247957 +0.88879889 
+0.24211984 -0.35663688 +0.90232373 
+0.28370487 -0.30010091 +0.91074200 
+0.32373855 -0.24254703 +0.91452954 
+0.36181864 -0.18385020 +0.91394003 
+0.33280000 -0.12476770 +0.93470700 
+0.36769934 -0.06438980 +0.92771286 
+0.46272964 -0.00221296 +0.88649669 
+0.43088838 +0.05778477 +0.90055323 
+0.39734087 +0.11750253 +0.91011724 
+0.42548012 +0.17821320 +0.88724671 
+0.38933331 +0.23613662 +0.89031403 
+0.35145804 +0.29340839 +0.88903811 
+0.31442364 +0.35271964 +0.88132096 
+0.29797512 +0.41085867 +0.86162984 
+0.25415681 +0.46193499 +0.84971782 
+0.18304633 +0.46435882 +0.86652462 
+0.11331820 +0.46626786 +0.87735584 
+0.04437339 +0.46613285 +0.88360125 
-0.02418079 +0.46361588 +0.88570627 
-0.09266203 +0.45822072 +0.88399520 
-0.16146357 +0.44823643 +0.87921193 
-0.22976528 +0.43363637 +0.87130214 
-0.25514199 +0.37187848 +0.89252953 
-0.31988717 +0.35081129 +0.88011569 
-0.33983868 +0.28516672 +0.89620846 
-0.40151584 +0.26454559 +0.87681279 
-0.41618451 +0.19988804 +0.88703733 
-0.42720261 +0.13590061 +0.89388419 
-0.43847962 +0.07386540 +0.89570058 
-0.42677035 +0.01293967 +0.90426746 
-0.45361807 -0.09690759 +0.88591172 
-0.43157128 -0.16083192 +0.88762567 
-0.40755467 -0.22387120 +0.88531400 
-0.38156247 -0.28595179 +0.87900037 
-0.31399442 -0.30101505 +0.90044292 
-0.28524882 -0.36156565 +0.88763922 
-0.25523979 -0.42080517 +0.87050310 
-0.22486530 -0.47917279 +0.84842739 
-0.15676525 -0.49239110 +0.85613998 
-0.08876650 -0.50328895 +0.85954682 
-0.02075567 -0.51149030 +0.85903834 
+0.04718463 -0.51697081 +0.85470158 
+0.11485126 -0.51982294 +0.84651834 
+0.15714913 -0.46705500 +0.87015158 
+0.22462017 -0.46623013 +0.85567239 
+0.26741782 -0.41117123 +0.87145047 
+0.30972487 -0.35579640 +0.88174794 
+0.35054814 -0.29941887 +0.88739187 
+0.38945393 -0.24176248 +0.88874999 
+0.42624282 -0.18287601 +0.88593082 
+0.39773562 -0.12410567 +0.90906774 
+0.43137427 -0.06349666 +0.89993578 
+0.52271705 -0.00030532 +0.85250619 
+0.49191888 +0.05965022 +0.86859522 
+0.45961672 +0.11930803 +0.88006708 
+0.48598033 +0.18141337 +0.85493410 
+0.45076683 +0.23969124 +0.85985892 
+0.41313409 +0.29684683 +0.86093100 
+0.37255295 +0.35353279 +0.85803197 
+0.36952686 +0.41180439 +0.83298682 
+0.32413241 +0.46119147 +0.82597858 
+0.27851348 +0.51173441 +0.81274728 
+0.20941037 +0.51402052 +0.83182342 
+0.14032646 +0.51782929 +0.84389650 
+0.07147288 +0.51941519 +0.85152774 
+0.00280479 +0.51828478 +0.85520350 
-0.06583330 +0.51400521 +0.85525705 
-0.13463285 +0.50554411 +0.85223186 
-0.20315299 +0.49272812 +0.84613703 
-0.27086523 +0.47571772 +0.83685403 
-0.29670923 +0.41469553 +0.86022744 
-0.36161835 +0.39312874 +0.84538865 
-0.38327188 +0.32936881 +0.86291300 
-0.44573062 +0.30502771 +0.84159510 
-0.46301867 +0.23928740 +0.85343732 
-0.47699531 +0.17244961 +0.86182168 
-0.48974819 +0.10534766 +0.86547593 
-0.48899483 +0.03516569 +0.87157755 
-0.47292479 -0.03152402 +0.88053869 
-0.51491775 -0.07746731 +0.85373211 
-0.49499576 -0.14334639 +0.85698950 
-0.47231177 -0.20723203 +0.85672427 
-0.44746026 -0.26978688 +0.85263964 
-0.42059950 -0.33109720 +0.84467195 
-0.35373410 -0.34694485 +0.86862044 
-0.32424304 -0.40655147 +0.85415593 
-0.29348484 -0.46475638 +0.83538503 
-0.26233621 -0.52212740 +0.81151876 
-0.19521715 -0.53708501 +0.82062778 
-0.12816762 -0.54964169 +0.82551019 
-0.06098512 -0.55938702 +0.82666013 
+0.00625943 -0.56629011 +0.82418222 
+0.07338635 -0.57045506 +0.81804369 
+0.14012619 -0.57207841 +0.80814043 
+0.18197049 -0.52011716 +0.83448480 
+0.24837417 -0.51807445 +0.81847977 
+0.29145128 -0.46381151 +0.83662120 
+0.33446158 -0.40979956 +0.84864584 
+0.37601228 -0.35479469 +0.85599970 
+0.41564972 -0.29835643 +0.85919658 
+0.45320886 -0.24051296 +0.85834448 
+0.48855104 -0.18141099 +0.85346818 
+0.46077374 -0.12290778 +0.87896601 
+0.49294640 -0.06201502 +0.86784675 
+0.57994787 +0.00200813 +0.81465111 
+0.55013515 +0.06216620 +0.83275848 
+0.51898091 +0.12213558 +0.84601520 
+0.54351732 +0.18483601 +0.81879458 
+0.50906500 +0.24383131 +0.82546903 
+0.47165205 +0.30187116 +0.82850356 
+0.42950349 +0.35887705 +0.82869417 
+0.43801384 +0.41489595 +0.79749936 
+0.39187429 +0.46299179 +0.79503028 
+0.34612046 +0.51185733 +0.78625867 
+0.29952245 +0.56054825 +0.77205696 
+0.23187755 +0.56255310 +0.79357849 
+0.16445291 +0.56741212 +0.80684492 
+0.09661013 +0.57036450 +0.81569039 
+0.02851574 +0.57058071 +0.82074631 
-0.03975459 +0.56755497 +0.82237518 
-0.10819131 +0.56058317 +0.82100009 
-0.17646826 +0.54945640 +0.81667412 
-0.24417565 +0.53424069 +0.80929916 
-0.31091213 +0.51528242 +0.79863488 
-0.33720866 +0.45527845 +0.82402175 
-0.40219904 +0.43218280 +0.80712698 
-0.42540992 +0.36945380 +0.82615392 
-0.48722607 +0.34385512 +0.80272935 
-0.50598309 +0.27853704 +0.81633218 
-0.52152174 +0.21123613 +0.82667670 
-0.53438197 +0.14175388 +0.83327171 
-0.54039917 +0.06652328 +0.83877493 
-0.53154274 -0.00860610 +0.84698775 
-0.57160952 -0.06369970 +0.81804945 
-0.55456117 -0.12764258 +0.82229513 
-0.53416276 -0.19097625 +0.82352791 
-0.51093117 -0.25333662 +0.82144379 
-0.48535264 -0.31468806 +0.81572314 
-0.45769906 -0.37489992 +0.80620197 
-0.39196561 -0.39112039 +0.83269911 
-0.36179116 -0.44965727 +0.81664894 
-0.33021837 -0.50659105 +0.79644293 
-0.29821959 -0.56267569 +0.77101306 
-0.23233025 -0.57935476 +0.78126226 
-0.16636142 -0.59358499 +0.78738855 
-0.10004732 -0.60487957 +0.79000711 
-0.03344638 -0.61322277 +0.78920160 
+0.03327938 -0.61870197 +0.78492060 
+0.09989269 -0.62149493 +0.77702349 
+0.16601444 -0.62192653 +0.76527550 
+0.20610477 -0.57115751 +0.79454385 
+0.27113327 -0.56786840 +0.77718224 
+0.31411222 -0.51435119 +0.79798269 
+0.35779706 -0.46197512 +0.81151725 
+0.40000205 -0.40857948 +0.82040305 
+0.44027065 -0.35354779 +0.82532764 
+0.47850445 -0.29691157 +0.82636372 
+0.51458968 -0.23884057 +0.82350024 
+0.54837092 -0.17951996 +0.81673858 
+0.52153468 -0.12120873 +0.84457683 
+0.55202888 -0.06003462 +0.83166096 
+0.63429491 +0.00429035 +0.77307927 
+0.60545946 +0.06466290 +0.79324495 
+0.57545523 +0.12502595 +0.80822014 
+0.59861866 +0.18720381 +0.77885200 
+0.56525324 +0.24642819 +0.78724959 
+0.52877953 +0.30468812 +0.79218518 
+0.48770760 +0.36155837 +0.79461742 
+0.50167609 +0.41621628 +0.75834366 
+0.45722309 +0.46606278 +0.75745134 
+0.41158525 +0.51374325 +0.75277185 
+0.36570679 +0.56109466 +0.74258422 
+0.31850170 +0.60745341 +0.72770669 
+0.25179490 +0.60929710 +0.75190184 
+0.18576565 +0.61539940 +0.76601221 
+0.11933204 +0.61935563 +0.77598870 
+0.05238587 +0.62070200 +0.78229454 
-0.01496909 +0.61887456 +0.78534719 
-0.08261467 +0.61331739 +0.78550404 
-0.15025617 +0.60380659 +0.78284142 
-0.21752721 +0.59033731 +0.77729259 
-0.28406617 +0.57305911 +0.76870649 
-0.34963933 +0.55217245 +0.75687378 
-0.37655249 +0.49306537 +0.78427977 
-0.44105942 +0.46879587 +0.76530845 
-0.46552436 +0.40730986 +0.78573898 
-0.52655951 +0.38125803 +0.75985354 
-0.54650726 +0.31786175 +0.77478624 
-0.56329654 +0.25334256 +0.78645696 
-0.57698736 +0.18848264 +0.79470742 
-0.58694586 +0.12379059 +0.80010653 
-0.59328957 +0.06138666 +0.80264510 
-0.58471359 +0.00000852 +0.81123980 
-0.61272460 -0.10742315 +0.78296158 
-0.59403030 -0.17153018 +0.78594236 
-0.57230142 -0.23471878 +0.78573416 
-0.54787749 -0.29681294 +0.78213319 
-0.52110492 -0.35776381 +0.77489014 
-0.49229210 -0.41747635 +0.76378137 
-0.42833539 -0.43383023 +0.79266646 
-0.39754288 -0.49115382 +0.77506618 
-0.36520440 -0.54645302 +0.75366759 
-0.33272593 -0.60065765 +0.72698270 
-0.26843094 -0.61899891 +0.73809565 
-0.20376066 -0.63482231 +0.74530680 
-0.13839019 -0.64762453 +0.74928674 
-0.07238138 -0.65738441 +0.75007111 
-0.00584575 -0.66413982 +0.74758554 
+0.06113557 -0.66798503 +0.74165925 
+0.12857102 -0.66909073 +0.73197479 
+0.19666682 -0.66788418 +0.71781117 
+0.23088412 -0.61986465 +0.74997356 
+0.29381699 -0.61566240 +0.73118492 
+0.33523249 -0.56270685 +0.75563231 
+0.37948051 -0.51235386 +0.77038177 
+0.42223726 -0.46085193 +0.78059669 
+0.46302867 -0.40742106 +0.78715471 
+0.50184677 -0.35212492 +0.79003662 
+0.53862229 -0.29517830 +0.78914878 
+0.57320005 -0.23681778 +0.78444824 
+0.60537472 -0.17726267 +0.77595064 
+0.57967235 -0.11911416 +0.80609663 
+0.60833233 -0.05777376 +0.79157689 
+0.68571695 +0.00638746 +0.72784027 
+0.65790656 +0.06670351 +0.75013972 
+0.62924965 +0.12721375 +0.76672130 
+0.65123404 +0.18863243 +0.73505920 
+0.61924217 +0.24776528 +0.74508490 
+0.58427174 +0.30591941 +0.75169133 
+0.54542460 +0.36250066 +0.75571508 
+0.56061202 +0.41680482 +0.71553330 
+0.51828101 +0.46809422 +0.71573221 
+0.47400104 +0.51671130 +0.71297437 
+0.42873393 +0.56340823 +0.70622828 
+0.38276107 +0.60889415 +0.69479629 
+0.33535462 +0.65256409 +0.67948318 
+0.27017743 +0.65360708 +0.70696672 
+0.20558834 +0.66133009 +0.72137088 
+0.14054186 +0.66628931 +0.73232953 
+0.07488709 +0.66865154 +0.73979527 
+0.00869358 +0.66794330 +0.74416139 
-0.05790192 +0.66370789 +0.74574742 
-0.12463959 +0.65572014 +0.74464492 
-0.19119214 +0.64392962 +0.74081051 
-0.25721839 +0.62838893 +0.73414308 
-0.32242631 +0.60918024 +0.72452793 
-0.38661150 +0.58651870 +0.71170736 
-0.41422325 +0.52834910 +0.74112504 
-0.47806740 +0.50305369 +0.71999205 
-0.50369922 +0.44309973 +0.74158595 
-0.56409037 +0.41544104 +0.71359008 
-0.58548003 +0.35287815 +0.72985625 
-0.60394645 +0.28879970 +0.74286164 
-0.61951789 +0.22371849 +0.75242782 
-0.63176480 +0.15785988 +0.75891600 
-0.64045147 +0.09136269 +0.76254493 
-0.63928320 +0.02291548 +0.76862987 
-0.62798893 -0.04262623 +0.77705400 
-0.65064734 -0.14934920 +0.74454876 
-0.63046330 -0.21400962 +0.74613398 
-0.60731222 -0.27747200 +0.74443345 
-0.58141742 -0.33969060 +0.73929973 
-0.55298883 -0.40074676 +0.73048298 
-0.52218784 -0.46082615 +0.71760652 
-0.46195259 -0.47582070 +0.74846140 
-0.43059789 -0.53215780 +0.72896744 
-0.39838542 -0.58501036 +0.70643608 
-0.36978270 -0.63389738 +0.67928997 
-0.30628200 -0.65471005 +0.69104709 
-0.24251815 -0.67245231 +0.69928022 
-0.17789129 -0.68693602 +0.70460883 
-0.11247758 -0.69824383 +0.70696842 
-0.04642866 -0.70640879 +0.70627969 
+0.02011104 -0.71145885 +0.70243992 
+0.08703932 -0.71346248 +0.69526645 
+0.15432505 -0.71249871 +0.68449205 
+0.22201211 -0.70920745 +0.66913034 
+0.26565331 -0.66338811 +0.69953165 
+0.33799947 -0.65922748 +0.67169598 
+0.35261484 -0.61037185 +0.70930176 
+0.39794937 -0.56205416 +0.72507339 
+0.44155265 -0.51246582 +0.73648493 
+0.49843401 -0.51420753 +0.69796429 
+0.48305261 -0.46060292 +0.74465101 
+0.52255812 -0.40658877 +0.74941215 
+0.56009684 -0.35068095 +0.75054274 
+0.59555866 -0.29317197 +0.74790379 
+0.62872992 -0.23434453 +0.74147240 
+0.63493466 -0.11671728 +0.76369827 
+0.66172340 -0.05541033 +0.74769770 
+0.71219694 -0.05264782 +0.70000266 
+0.70735694 +0.06836926 +0.70354232 
+0.68027588 +0.12874982 +0.72155957 
+0.70127447 +0.18905415 +0.68736645 
+0.67075612 +0.24796257 +0.69899985 
+0.63746122 +0.30604561 +0.70709213 
+0.60085359 +0.36261161 +0.71238177 
+0.61506801 +0.41686594 +0.66926387 
+0.57435475 +0.46958873 +0.67052445 
+0.53124298 +0.51981900 +0.66900606 
+0.48633914 +0.56774255 +0.66418570 
+0.44018612 +0.61390337 +0.65525478 
+0.39225074 +0.65844819 +0.64232806 
+0.34070670 +0.70114334 +0.62635211 
+0.28733573 +0.69552437 +0.65854691 
+0.22581745 +0.70478227 +0.67252392 
+0.16258522 +0.71063850 +0.68451367 
+0.09815878 +0.71401763 +0.69321258 
+0.03292852 +0.71446137 +0.69889961 
-0.03283308 +0.71154978 +0.70186815 
-0.09883042 +0.70504907 +0.70223811 
-0.16474426 +0.69488081 +0.69999999 
-0.23025244 +0.68105613 +0.69508730 
-0.29505255 +0.66361342 +0.68743088 
-0.35887674 +0.64263680 +0.67692350 
-0.42156940 +0.61828458 +0.66332753 
-0.44994315 +0.56111213 +0.69476927 
-0.51308275 +0.53474649 +0.67141067 
-0.53995774 +0.47617027 +0.69405152 
-0.59882132 +0.44794820 +0.66389414 
-0.62150812 +0.38613247 +0.68163727 
-0.64141660 +0.32230673 +0.69620623 
-0.65855877 +0.25693231 +0.70730908 
-0.67256518 +0.19023627 +0.71516868 
-0.68282236 +0.12245594 +0.72024868 
-0.68574199 +0.05263471 +0.72593905 
-0.68040505 -0.01686621 +0.73264213 
-0.66755565 -0.08364134 +0.73984700 
-0.68472658 -0.19155734 +0.70317515 
-0.66324595 -0.25637678 +0.70311860 
-0.63877940 -0.31966536 +0.69983922 
-0.61148692 -0.38146104 +0.69323244 
-0.58151979 -0.44185022 +0.68308353 
-0.54893325 -0.50095498 +0.66911613 
-0.48922988 -0.52050530 +0.69980595 
-0.51391361 -0.55918792 +0.65053952 
-0.45356903 -0.58064089 +0.67611485 
-0.41880705 -0.64328386 +0.64092630 
-0.35062387 -0.68245341 +0.64134253 
-0.28515301 -0.70455482 +0.64983865 
-0.21991575 -0.72169406 +0.65634956 
-0.15430793 -0.73509514 +0.66016983 
-0.08826054 -0.74506532 +0.66112611 
-0.02184367 -0.75171453 +0.65912678 
+0.04482924 -0.75509575 +0.65408008 
+0.11163812 -0.75529534 +0.64580637 
+0.17839066 -0.75241551 +0.63407230 
+0.24446133 -0.74825364 +0.61672940 
+0.28900150 -0.70149739 +0.65144420 
+0.35465589 -0.69971922 +0.62017111 
+0.40576971 -0.66065317 +0.63157607 
+0.40655963 -0.61454840 +0.67604700 
+0.45463937 -0.56538758 +0.68821503 
+0.50951022 -0.56590379 +0.64819152 
+0.55263963 -0.51377204 +0.65622232 
+0.53946662 -0.46093655 +0.70463697 
+0.57819763 -0.40570412 +0.70787828 
+0.61480087 -0.34874331 +0.70738815 
+0.64918528 -0.29033634 +0.70303861 
+0.68111901 -0.23076934 +0.69485423 
+0.65936150 -0.17446386 +0.73130348 
+0.68723046 -0.11379983 +0.71747049 
+0.73420037 +0.00872435 +0.67887679 
+0.75374741 +0.07005520 +0.65341955 
+0.72845613 +0.12959465 +0.67272349 
+0.74918611 +0.18700127 +0.63541381 
+0.71984690 +0.24589872 +0.64911807 
+0.68798419 +0.30448840 +0.65875987 
+0.65314059 +0.36170373 +0.66526520 
+0.66582872 +0.41498629 +0.62004717 
+0.62644671 +0.46935140 +0.62231325 
+0.58444019 +0.52120981 +0.62190836 
+0.54020126 +0.57061387 +0.61853246 
+0.49421100 +0.61781283 +0.61160673 
+0.44632573 +0.66297540 +0.60104656 
+0.39510925 +0.70576428 +0.58803525 
+0.33477356 +0.74342503 +0.57900423 
+0.26507663 +0.74007898 +0.61807563 
+0.19575282 +0.74962713 +0.63224995 
+0.12843849 +0.75519085 +0.64279883 
+0.06174296 +0.75743101 +0.64998928 
-0.00475588 +0.75618641 +0.65433897 
-0.07108180 +0.75133552 +0.65608102 
-0.13709132 +0.74284093 +0.65528110 
-0.20257320 +0.73072852 +0.65192018 
-0.26728913 +0.71504782 +0.64595908 
-0.33098897 +0.69586209 +0.63735568 
-0.39344374 +0.67325942 +0.62603816 
-0.45450662 +0.64732241 +0.61188024 
-0.48346633 +0.59123312 +0.64552591 
-0.54565329 +0.56442597 +0.61942378 
-0.57358520 +0.50751502 +0.64298408 
-0.60372354 +0.53864904 +0.58768622 
-0.65381782 +0.41926133 +0.62987475 
-0.67506609 +0.35577517 +0.64630473 
-0.72467825 +0.32444737 +0.60792709 
-0.69361307 +0.29043408 +0.65920328 
-0.70910941 +0.22329084 +0.66880868 
-0.72111991 +0.15441267 +0.67538345 
-0.72718564 +0.08368697 +0.68132043 
-0.72604721 +0.01266187 +0.68752827 
-0.71768064 -0.05733032 +0.69400845 
-0.70304719 -0.12521104 +0.70003346 
-0.71507624 -0.23430886 +0.65860863 
-0.69242225 -0.29869417 +0.65675964 
-0.66670678 -0.36132106 +0.65188124 
-0.63809196 -0.42224010 +0.64385708 
-0.60674733 -0.48147443 +0.63248719 
-0.58866968 -0.58088633 +0.56217353 
-0.57284437 -0.53890643 +0.61759954 
-0.53821682 -0.59442558 +0.59747877 
-0.47745876 -0.61603356 +0.62652677 
-0.45009876 -0.67215358 +0.58789512 
-0.39199750 -0.70122210 +0.59550443 
-0.32712683 -0.73063912 +0.59929501 
-0.26177686 -0.75147637 +0.60560395 
-0.19613922 -0.76747276 +0.61034004 
-0.13006299 -0.77958820 +0.61263844 
-0.06354974 -0.78811766 +0.61223524 
+0.00335955 -0.79315882 +0.60900559 
+0.07067104 -0.79471541 +0.60285406 
+0.13857827 -0.79279092 +0.59353064 
+0.20778713 -0.78723463 +0.58059120 
+0.30527335 -0.74013397 +0.59917434 
+0.35739573 -0.74489887 +0.56337729 
+0.41128204 -0.70474108 +0.57808917 
+0.46355677 -0.66212385 +0.58881841 
+0.46217058 -0.61555735 +0.63834747 
+0.51558464 -0.61514620 +0.59646260 
+0.56172693 -0.56456052 +0.60475968 
+0.60393027 -0.51143220 +0.61131443 
+0.59286101 -0.45944956 +0.66137881 
+0.63068262 -0.40314677 +0.66310792 
+0.66632525 -0.34512889 +0.66098162 
+0.69965429 -0.28570564 +0.65487110 
+0.73039698 -0.22517622 +0.64483790 
+0.71034467 -0.17033015 +0.68293344 
+0.73664957 -0.10931853 +0.66738060 
+0.75990127 -0.04803980 +0.64826093 
+0.77991094 +0.01330911 +0.62574899 
+0.77421857 +0.12937779 +0.61955386 
+0.79818794 +0.17104926 +0.57761420 
+0.76722173 +0.23673707 +0.59609259 
+0.73600767 +0.29877678 +0.60747440 
+0.70239410 +0.35811333 +0.61514012 
+0.71238788 +0.41165894 +0.56836646 
+0.67449935 +0.46739710 +0.57148104 
+0.63369863 +0.52072208 +0.57207916 
+0.59027648 +0.57162192 +0.56993162 
+0.54458315 +0.62019967 +0.56460744 
+0.49657710 +0.66657702 +0.55595527 
+0.44503893 +0.71056092 +0.54501700 
+0.38621098 +0.75086827 +0.53575920 
+0.32696516 +0.78874375 +0.52055459 
+0.28137302 +0.77495089 +0.56593316 
+0.21920414 +0.78480201 +0.57968556 
+0.15467377 +0.79227899 +0.59022879 
+0.08926395 +0.79633893 +0.59822760 
+0.02332477 +0.79688769 +0.60367704 
-0.04283230 +0.79383024 +0.60662917 
-0.10888800 +0.78711957 +0.60711299 
-0.17453593 +0.77676877 +0.60511775 
-0.23948487 +0.76283183 +0.60061186 
-0.30344696 +0.74538405 +0.59356765 
-0.36612943 +0.72451943 +0.58396990 
-0.42723558 +0.70036939 +0.57179758 
-0.48644332 +0.67303385 +0.55713403 
-0.51460572 +0.61878886 +0.59353290 
-0.57543663 +0.59302257 +0.56320238 
-0.65506798 +0.51511570 +0.55275831 
-0.62987023 +0.48031408 +0.61037847 
-0.68144368 +0.45334893 +0.57455136 
-0.70451105 +0.38962194 +0.59317697 
-0.77040935 +0.29157853 +0.56696684 
-0.74155197 +0.25747224 +0.61952298 
-0.75493515 +0.18831988 +0.62817875 
-0.76378883 +0.11645877 +0.63487320 
-0.76641398 +0.04366059 +0.64086143 
-0.76179177 -0.02855850 +0.64719217 
-0.75048013 -0.09965523 +0.65333636 
-0.73450752 -0.16805441 +0.65746211 
-0.76239445 -0.21167148 +0.61151443 
-0.74180478 -0.27730545 +0.61059590 
-0.71782585 -0.34098594 +0.60700465 
-0.69059692 -0.40291440 +0.60061292 
-0.66015216 -0.46326050 +0.59126038 
-0.62636279 -0.52233280 +0.57865196 
-0.64351955 -0.55862866 +0.52327489 
-0.60459840 -0.61277425 +0.50888947 
-0.50810390 -0.64367220 +0.57229060 
-0.49104617 -0.69093915 +0.53054383 
-0.43077804 -0.72185022 +0.54162952 
-0.36883718 -0.75018838 +0.54879553 
-0.30378269 -0.77564721 +0.55325174 
-0.23811048 -0.79492335 +0.55803249 
-0.17208198 -0.80956914 +0.56123577 
-0.10568119 -0.82025371 +0.56215241 
-0.03894847 -0.82721686 +0.56053126 
+0.02805948 -0.83051958 +0.55628221 
+0.09531703 -0.83009571 +0.54941403 
+0.16289943 -0.82589304 +0.53978187 
+0.23111272 -0.81666196 +0.52881959 
+0.28350138 -0.78155346 +0.55569880 
+0.29747483 -0.81407649 +0.49878672 
+0.35235952 -0.78295615 +0.51266211 
+0.41263268 -0.74642282 +0.52209889 
+0.46623134 -0.70527382 +0.53405728 
+0.51741387 -0.66079664 +0.54371931 
+0.56657018 -0.61252979 +0.55118553 
+0.61123341 -0.56103838 +0.55823799 
+0.65225914 -0.50698548 +0.56349245 
+0.64317569 -0.45607239 +0.61507967 
+0.67996947 -0.39869730 +0.61537142 
+0.71457438 -0.33958061 +0.61161137 
+0.74676854 -0.27907200 +0.60370156 
+0.77621202 -0.21749952 +0.59176757 
+0.75828144 -0.16381429 +0.63101041 
+0.78309208 -0.10182110 +0.61351386 
+0.80467865 -0.03917895 +0.59241648 
+0.82221766 +0.02523651 +0.56861344 
+0.79718978 +0.07490873 +0.59906354 
+0.83619803 +0.16573803 +0.52278462 
+0.80718231 +0.22991568 +0.54368695 
+0.77872681 +0.29309219 +0.55469047 
+0.74717316 +0.35355700 +0.56278746 
+0.75503467 +0.40687504 +0.51417443 
+0.71884206 +0.46348879 +0.51811604 
+0.67947830 +0.51790771 +0.51969303 
+0.63719258 +0.57000832 +0.51872549 
+0.59225951 +0.61975916 +0.51490510 
+0.54470187 +0.66718299 +0.50810110 
+0.49366474 +0.71211512 +0.49918653 
+0.43693933 +0.75377090 +0.49082934 
+0.37679684 +0.79173685 +0.48080860 
+0.30139568 +0.82798446 +0.47286613 
+0.25633349 +0.81440912 +0.52060630 
+0.18850175 +0.82419320 +0.53401559 
+0.12129033 +0.83076633 +0.54324577 
+0.05428573 +0.83340247 +0.54999398 
-0.01265171 +0.83226560 +0.55423271 
-0.07940835 +0.82738781 +0.55598896 
-0.14578512 +0.81878427 +0.55528283 
-0.21156055 +0.80649036 +0.55210093 
-0.27651589 +0.79055009 +0.54641515 
-0.34045297 +0.77099324 +0.53820181 
-0.40323062 +0.74780093 +0.52744558 
-0.46486431 +0.72082590 +0.51411204 
-0.52577734 +0.68893979 +0.49891899 
-0.54408987 +0.64335878 +0.53856819 
-0.59114459 +0.63489404 +0.49745114 
-0.62570445 +0.57604969 +0.52598545 
-0.67675076 +0.54513721 +0.49480686 
-0.70527420 +0.48498050 +0.51709015 
-0.73009574 +0.42194173 +0.53751780 
-0.75205322 +0.35765419 +0.55362391 
-0.81187623 +0.26008601 +0.52269710 
-0.78499469 +0.22322437 +0.57788772 
-0.79534387 +0.15180678 +0.58684140 
-0.80108891 +0.07730989 +0.59353159 
-0.80030870 +0.00189399 +0.59958518 
-0.79218663 -0.07242017 +0.60596672 
-0.77934979 -0.14366174 +0.60989770 
-0.80488185 -0.19195038 +0.56153385 
-0.78669822 -0.25684025 +0.56137243 
-0.76483335 -0.32048378 +0.55885605 
-0.73948381 -0.38261651 +0.55386668 
-0.71077248 -0.44309451 +0.54632384 
-0.67874331 -0.50181250 +0.53618255 
-0.69090454 -0.54190422 +0.47852976 
-0.65008428 -0.60058355 +0.46549954 
-0.59130093 -0.65832526 +0.46580152 
-0.55242520 -0.64598084 +0.52681605 
-0.53333457 -0.69645742 +0.48010551 
-0.47062649 -0.73649688 +0.48588379 
-0.40834106 -0.76753388 +0.49411469 
-0.34481839 -0.79436257 +0.50008838 
-0.27953080 -0.81717502 +0.50407095 
-0.21368462 -0.83476365 +0.50745299 
-0.14754064 -0.84790203 +0.50920910 
-0.08119646 -0.85705213 +0.50879149 
-0.01479747 -0.86240926 +0.50599536 
+0.05144422 -0.86404736 +0.50077505 
+0.11720652 -0.86196986 +0.49322469 
+0.18203953 -0.85630356 +0.48332785 
+0.24465687 -0.84664349 +0.47258631 
+0.29527740 -0.85039370 +0.43547883 
+0.35238717 -0.81878153 +0.45323293 
+0.40883924 -0.78452073 +0.46623782 
+0.46532312 -0.74589005 +0.47657362 
+0.51777678 -0.70329445 +0.48711819 
+0.56752362 -0.65729060 +0.49586895 
+0.61454743 -0.60785863 +0.50283133 
+0.65769920 -0.55543740 +0.50884286 
+0.69741152 -0.50047694 +0.51297173 
+0.69033617 -0.45065171 +0.56599383 
+0.72594293 -0.39223007 +0.56494463 
+0.75939952 -0.33199176 +0.55954788 
+0.79033571 -0.27036404 +0.54979337 
+0.81832231 -0.20774003 +0.53590361 
+0.80256960 -0.15513374 +0.57603434 
+0.82549615 -0.09198873 +0.55686100 
+0.84446571 -0.02709129 +0.53492404 
+0.85529973 +0.04389838 +0.51627058 
+0.82726901 +0.10524078 +0.55186082 
+0.87097550 +0.16525117 +0.46270263 
+0.84287190 +0.22556921 +0.48855449 
+0.81709291 +0.28767172 +0.49960399 
+0.78784938 +0.34822286 +0.50797067 
+0.79426836 +0.39997675 +0.45733617 
+0.75983764 +0.45717883 +0.46220589 
+0.72201460 +0.51248303 +0.46481832 
+0.68102536 +0.56565045 +0.46502045 
+0.63710149 +0.61652335 +0.46260205 
+0.59032019 +0.66501189 +0.45747269 
+0.54020617 +0.71093020 +0.45028385 
+0.48567883 +0.75366530 +0.44283709 
+0.42821860 +0.79244863 +0.43434319 
+0.36700184 +0.82591339 +0.42799151 
+0.31091886 +0.85447381 +0.41617782 
+0.22367561 +0.84946723 +0.47788559 
+0.25005527 +0.87057441 +0.42376003 
+0.15425527 +0.85971367 +0.48692682 
+0.08620064 +0.86504127 +0.49423987 
+0.01855043 +0.86611715 +0.49949670 
-0.04887008 +0.86324550 +0.50241310 
-0.11596995 +0.85650896 +0.50293475 
-0.18256554 +0.84594959 +0.50103804 
-0.24844960 +0.83160218 +0.49669973 
-0.31342476 +0.81348030 +0.48991297 
-0.37733453 +0.79153328 +0.48072208 
-0.44013572 +0.76553258 +0.46929779 
-0.50212968 +0.73465160 +0.45623767 
-0.56344724 +0.69405668 +0.44812112 
-0.61402588 +0.65556300 +0.43955588 
-0.64596265 +0.60412775 +0.46664967 
-0.69320345 +0.57507780 +0.43445885 
-0.72479376 +0.51590489 +0.45663568 
-0.75161473 +0.45304199 +0.47940406 
-0.77568199 +0.39002601 +0.49618258 
-0.79575067 +0.32575344 +0.51055417 
-0.83581944 +0.29300849 +0.46427565 
-0.82399895 +0.19346795 +0.53253722 
-0.83236938 +0.12749117 +0.53935816 
-0.83733486 +0.06345899 +0.54299474 
-0.83683963 +0.00095343 +0.54744728 
-0.82981385 -0.06175666 +0.55461255 
-0.81918965 -0.12643514 +0.55941261 
-0.84429574 -0.17055743 +0.50801070 
-0.82795603 -0.23543009 +0.50898084 
-0.80793558 -0.29933796 +0.50757943 
-0.78428218 -0.36200593 +0.50383843 
-0.75702217 -0.42328721 +0.49774027 
-0.72603519 -0.48316991 +0.48930537 
-0.73795448 -0.51942225 +0.43084072 
-0.70092601 -0.57575823 +0.42095747 
-0.66011540 -0.62928066 +0.41018716 
-0.61543855 -0.67359439 +0.40927497 
-0.56181420 -0.71140839 +0.42221193 
-0.50587792 -0.74698276 +0.43139806 
-0.44534711 -0.78109339 +0.43767462 
-0.38305113 -0.80997691 +0.44408247 
-0.31916857 -0.83467026 +0.44883959 
-0.25383991 -0.85513923 +0.45199800 
-0.18783748 -0.87092711 +0.45409585 
-0.12143612 -0.88242782 +0.45450458 
-0.05473645 -0.88992090 +0.45281863 
+0.01223245 -0.89350800 +0.44888063 
+0.07956954 -0.89316037 +0.44264348 
+0.14768653 -0.88858725 +0.43428260 
+0.22905757 -0.90268094 +0.36427977 
+0.21796364 -0.87941514 +0.42322673 
+0.28600437 -0.87988050 +0.37948888 
+0.34806318 -0.85210949 +0.39084707 
+0.40487997 -0.81945819 +0.40566056 
+0.46054399 -0.78319666 +0.41773464 
+0.51476663 -0.74288814 +0.42793985 
+0.56582518 -0.69889034 +0.43748618 
+0.61406488 -0.65155509 +0.44542148 
+0.65930094 -0.60102434 +0.45176545 
+0.70095256 -0.54767105 +0.45686096 
+0.73925663 -0.49182431 +0.46000922 
+0.73416782 -0.44319846 +0.51436634 
+0.76843022 -0.38373812 +0.51211332 
+0.80063308 -0.32234512 +0.50505475 
+0.83016828 -0.25962537 +0.49337135 
+0.85650434 -0.19621132 +0.47739023 
+0.84287916 -0.14442372 +0.51835945 
+0.86322583 -0.07998283 +0.49844148 
+0.87814680 -0.01218092 +0.47823616 
+0.88857567 +0.05240192 +0.45572724 
+0.86322390 +0.10582932 +0.49360374 
+0.89547044 +0.11670486 +0.42954938 
+0.87544762 +0.22014316 +0.43026555 
+0.85216230 +0.28115756 +0.44132737 
+0.82509036 +0.34116446 +0.45036952 
+0.83140511 +0.38753908 +0.39821979 
+0.79833642 +0.44653395 +0.40406236 
+0.76184496 +0.50331997 +0.40775147 
+0.72207294 +0.55787735 +0.40912531 
+0.67917100 +0.61010888 +0.40803666 
+0.63319768 +0.65992274 +0.40442883 
+0.58385840 +0.70717812 +0.39875867 
+0.53048375 +0.75149519 +0.39222692 
+0.47366600 +0.79233048 +0.38451649 
+0.41323163 +0.82905203 +0.37671255 
+0.35307702 +0.86130174 +0.36537094 
+0.28548882 +0.88699492 +0.36295474 
+0.21918045 +0.90262228 +0.37044967 
+0.18400882 +0.88408256 +0.42957978 
+0.11722650 +0.89193596 +0.43670148 
+0.04991315 +0.89531639 +0.44262540 
-0.01764411 +0.89456019 +0.44659910 
-0.08519378 +0.88980317 +0.44832169 
-0.15246243 +0.88109370 +0.44769309 
-0.21918368 +0.86845876 +0.44467730 
-0.28512733 +0.85190116 +0.43927988 
-0.35013237 +0.83135221 +0.43157946 
-0.41418332 +0.80653549 +0.42184439 
-0.47764994 +0.77651339 +0.41094706 
-0.54179253 +0.73833638 +0.40164692 
-0.60303060 +0.69644534 +0.38899612 
-0.65872869 +0.63831114 +0.39829059 
-0.70615758 +0.60014236 +0.37572680 
-0.74060253 +0.54440374 +0.39386858 
-0.78247761 +0.50794042 +0.36017400 
-0.76926949 +0.48151344 +0.41996341 
-0.79577747 +0.41998067 +0.43629629 
-0.81780224 +0.35728112 +0.45116482 
-0.87191682 +0.25825462 +0.41601154 
-0.85002854 +0.22725102 +0.47519307 
-0.86078746 +0.16117425 +0.48277096 
-0.86798573 +0.09489169 +0.48743855 
-0.87044235 +0.02778785 +0.49148546 
-0.86640795 -0.03931481 +0.49778671 
-0.85708821 -0.10514362 +0.50432590 
-0.88005985 -0.14615248 +0.45181203 
-0.86550381 -0.21171236 +0.45396149 
-0.84730962 -0.27618346 +0.45363984 
-0.82545941 -0.33935750 +0.45105792 
-0.79998636 -0.40105533 +0.44629188 
-0.77086572 -0.46112355 +0.43946685 
-0.77979052 -0.49812466 +0.37920782 
-0.74399340 -0.55591089 +0.37072483 
-0.70310263 -0.61245016 +0.36131910 
-0.65466562 -0.66830477 +0.35324447 
-0.59713271 -0.71610285 +0.36142667 
-0.53994739 -0.75513476 +0.37179068 
-0.48120850 -0.78996893 +0.37998351 
-0.41992937 -0.82135178 +0.38605775 
-0.35702084 -0.84818699 +0.39129906 
-0.29268138 -0.87079518 +0.39503589 
-0.22719335 -0.88913198 +0.39727510 
-0.16111982 -0.90305204 +0.39816757 
-0.09480264 -0.91277476 +0.39730932 
-0.02850573 -0.91847071 +0.39446035 
+0.03749349 -0.92022052 +0.38960036 
+0.10283205 -0.91807000 +0.38284860 
+0.16694696 -0.91189756 +0.37492873 
+0.20142413 -0.92907341 +0.31024331 
+0.27113636 -0.91003687 +0.31355695 
+0.33295244 -0.88356587 +0.32932359 
+0.39464910 -0.85277611 +0.34208915 
+0.45212368 -0.81800548 +0.35559980 
+0.50743714 -0.77962223 +0.36701052 
+0.56040885 -0.73754978 +0.37677877 
+0.61028034 -0.69206624 +0.38548959 
+0.65713626 -0.64341372 +0.39267127 
+0.70079537 -0.59178348 +0.39834427 
+0.74095977 -0.53749514 +0.40258861 
+0.77776519 -0.48079893 +0.40486257 
+0.77455017 -0.43363957 +0.46046580 
+0.80729789 -0.37316274 +0.45718671 
+0.83816203 -0.31059070 +0.44835012 
+0.86616352 -0.24701535 +0.43444697 
+0.89071430 -0.18407710 +0.41562441 
+0.87883852 -0.13281381 +0.45826122 
+0.89575032 -0.06860089 +0.43923260 
+0.90886334 -0.00415208 +0.41707336 
+0.93600555 +0.00432580 +0.35195867 
+0.91747441 +0.05885033 +0.39341753 
+0.92076130 +0.12279048 +0.37029871 
+0.90343543 +0.18440141 +0.38704074 
+0.88696535 +0.26088327 +0.38109367 
+0.86095508 +0.32609008 +0.39041210 
+0.86383877 +0.37372338 +0.33780676 
+0.83291755 +0.43334594 +0.34417967 
+0.79823618 +0.49108037 +0.34879659 
+0.76000284 +0.54679296 +0.35130206 
+0.71838839 +0.60030162 +0.35150546 
+0.67347932 +0.65144086 +0.34935715 
+0.62512498 +0.70004975 +0.34517982 
+0.57291468 +0.74585120 +0.33981579 
+0.51700376 +0.78841804 +0.33332282 
+0.45722981 +0.82743534 +0.32602402 
+0.39529592 +0.86264958 +0.31555798 
+0.32703468 +0.89282161 +0.30970613 
+0.25680500 +0.91534974 +0.31013875 
+0.18820799 +0.92961227 +0.31685767 
+0.15162303 +0.91372642 +0.37698074 
+0.08360348 +0.91967504 +0.38367732 
+0.01535978 +0.92122307 +0.38873144 
-0.05290019 +0.91857700 +0.39168593 
-0.12094579 +0.91183774 +0.39233156 
-0.18850360 +0.90105065 +0.39060738 
-0.25530299 +0.88623464 +0.38653401 
-0.32110777 +0.86736400 +0.38022295 
-0.38573545 +0.84429859 +0.37197856 
-0.44904615 +0.81662819 +0.36259613 
-0.51052628 +0.78377667 +0.35363405 
-0.56741809 +0.74856048 +0.34306547 
-0.61984011 +0.71203716 +0.32985046 
-0.66318760 +0.66712008 +0.33931255 
-0.71011925 +0.62791300 +0.31852145 
-0.75056727 +0.57400772 +0.32735899 
-0.79123605 +0.53193280 +0.30165049 
-0.82386630 +0.47370205 +0.31120842 
-0.81209791 +0.44763219 +0.37432928 
-0.83606111 +0.38676301 +0.38912233 
-0.85584575 +0.32384713 +0.40330025 
-0.88918277 +0.28823389 +0.35535225 
-0.88478582 +0.19208562 +0.42456703 
-0.89384543 +0.12533230 +0.43050223 
-0.89841346 +0.05744602 +0.43537710 
-0.89749440 -0.01138586 +0.44087886 
-0.89098864 -0.07954553 +0.44700309 
-0.91130058 -0.11959446 +0.39399038 
-0.89877300 -0.18622463 +0.39689733 
-0.88246694 -0.25151187 +0.39748444 
-0.86243227 -0.31544489 +0.39585995 
-0.83868628 -0.37791091 +0.39215897 
-0.81119901 -0.43881714 +0.38651739 
-0.81858336 -0.47368032 +0.32488189 
-0.78577226 -0.53077718 +0.31754928 
-0.74941007 -0.58527333 +0.30957984 
-0.70984219 -0.63655581 +0.30153070 
-0.66857204 -0.68353291 +0.29290645 
-0.62068043 -0.72360121 +0.30192233 
-0.56816034 -0.76204059 +0.31062512 
-0.51252012 -0.79715315 +0.31917078 
-0.45402258 -0.82909104 +0.32629977 
-0.39281825 -0.85766033 +0.33183216 
-0.32963301 -0.88223261 +0.33616617 
-0.26488937 -0.90272576 +0.33899825 
-0.19900521 -0.91901984 +0.34029320 
-0.13247073 -0.93104576 +0.34000780 
-0.06561453 -0.93890232 +0.33787151 
+0.00135898 -0.94265571 +0.33376393 
+0.06833440 -0.94231193 +0.32768679 
+0.13518563 -0.93782595 +0.31969880 
+0.17107512 -0.95131218 +0.25639508 
+0.24324889 -0.93547457 +0.25635388 
+0.31498873 -0.91122108 +0.26543971 
+0.37860915 -0.88224689 +0.27981341 
+0.43965447 -0.84938973 +0.29196067 
+0.49681806 -0.81283379 +0.30409380 
+0.55131133 -0.77270633 +0.31461206 
+0.60305722 -0.72907373 +0.32368731 
+0.65167403 -0.68219473 +0.33155891 
+0.69712546 -0.63229117 +0.33797036 
+0.73924732 -0.57959463 +0.34290445 
+0.77786472 -0.52441115 +0.34629384 
+0.81302901 -0.46697323 +0.34773528 
+0.81143925 -0.42178559 +0.40455317 
+0.84246517 -0.36037090 +0.40048127 
+0.87195077 -0.29665161 +0.38948643 
+0.89837369 -0.23322189 +0.37219923 
+0.92117125 -0.17506785 +0.34755544 
+0.91035805 -0.12339261 +0.39499681 
+0.92407976 -0.05958210 +0.37752691 
+0.94812297 -0.04650644 +0.31448367 
+0.96060433 +0.02360701 +0.27691521 
+0.94252289 +0.06331613 +0.32808790 
+0.94246121 +0.12560263 +0.30982389 
+0.92698329 +0.18677552 +0.32529508 
+0.91270337 +0.24828103 +0.32454445 
+0.89070768 +0.31214542 +0.33046190 
+0.89319998 +0.35532032 +0.27557442 
+0.86434282 +0.41614726 +0.28237024 
+0.83151381 +0.47503596 +0.28796809 
+0.79492357 +0.53199904 +0.29167369 
+0.75474149 +0.58685880 +0.29319283 
+0.71107618 +0.63940290 +0.29246299 
+0.66388479 +0.68943229 +0.28972419 
+0.61295171 +0.73669731 +0.28559985 
+0.55830374 +0.78082453 +0.28037471 
+0.49987851 +0.82149974 +0.27433494 
+0.43817021 +0.85852305 +0.26635509 
+0.36967123 +0.89229885 +0.25912534 
+0.29762287 +0.91994306 +0.25519679 
+0.22560691 +0.93972895 +0.25692612 
+0.15435287 +0.95216886 +0.26372267 
+0.11876263 +0.93870633 +0.32361377 
+0.04954460 +0.94288692 +0.32940794 
-0.01949383 +0.94257584 +0.33342283 
-0.08831710 +0.93796962 +0.33528059 
-0.15672515 +0.92916660 +0.33479347 
-0.22444064 +0.91620917 +0.33194452 
-0.29118861 +0.89910332 +0.32683700 
-0.35671738 +0.87779676 +0.31972731 
-0.42076088 +0.85213373 +0.31117260 
-0.48280280 +0.82200742 +0.30200210 
-0.54158501 +0.78858893 +0.29122704 
-0.59734678 +0.75202550 +0.27862962 
-0.65132109 +0.70811019 +0.27269178 
-0.69779028 +0.66485153 +0.26657301 
-0.74471566 +0.61330325 +0.26316861 
-0.78561267 +0.56635846 +0.24910003 
-0.82543366 +0.50704390 +0.24812447 
-0.85668590 +0.44743593 +0.25669118 
-0.85040356 +0.41464761 +0.32385359 
-0.87137063 +0.35436831 +0.33931743 
-0.90126606 +0.31801919 +0.29425038 
-0.91907130 +0.25122965 +0.30363072 
-0.90427187 +0.22197385 +0.36471906 
-0.91530557 +0.15526906 +0.37162781 
-0.92185073 +0.08740727 +0.37755954 
-0.92341271 +0.01833417 +0.38337034 
-0.91968416 -0.05129360 +0.38929424 
-0.93755227 -0.09141154 +0.33561833 
-0.92740208 -0.15929211 +0.33845443 
-0.91315349 -0.22547690 +0.33957453 
-0.89506032 -0.29011259 +0.33867640 
-0.87322778 -0.35313202 +0.33581397 
-0.84772614 -0.41438375 +0.33112913 
-0.85148469 -0.45076386 +0.26792865 
-0.82022303 -0.50901874 +0.26102510 
-0.78522390 -0.56502509 +0.25331814 
-0.74641108 -0.61864708 +0.24524742 
-0.70369196 -0.66987204 +0.23683133 
-0.65339276 -0.71887499 +0.23726916 
-0.60086203 -0.76038344 +0.24653976 
-0.54584368 -0.79800744 +0.25541889 
-0.48835517 -0.83185597 +0.26367569 
-0.42835209 -0.86219178 +0.27044376 
-0.36602805 -0.88887136 +0.27555612 
-0.30187402 -0.91154951 +0.27919451 
-0.23628877 -0.93009847 +0.28121959 
-0.16968973 -0.94441731 +0.28156943 
-0.10249469 -0.95446553 +0.28016136 
-0.03494635 -0.96025793 +0.27691779 
+0.03296067 -0.96175208 +0.27193113 
+0.10148336 -0.95881748 +0.26527376 
+0.13546366 -0.96943649 +0.20455435 
+0.21176808 -0.95630297 +0.20159095 
+0.28812447 -0.93467056 +0.20826722 
+0.35952968 -0.90745059 +0.21742086 
+0.42292803 -0.87674907 +0.22900427 
+0.48277528 -0.84218255 +0.24011787 
+0.53906378 -0.80398812 +0.25102458 
+0.59248596 -0.76224702 +0.26065278 
+0.64298556 -0.71709328 +0.26897361 
+0.69032173 -0.66877500 +0.27603605 
+0.73438592 -0.61752478 +0.28167440 
+0.77502173 -0.56360665 +0.28581263 
+0.81209027 -0.50733472 +0.28830689 
+0.84555738 -0.44896075 +0.28890649 
+0.84485910 -0.40735787 +0.34680349 
+0.87384038 -0.34538866 +0.34221289 
+0.90186255 -0.28157177 +0.32766031 
+0.92558673 -0.22809265 +0.30209758 
+0.94567376 -0.16350428 +0.28101154 
+0.93701291 -0.11207541 +0.33082610 
+0.95869039 -0.10165092 +0.26566866 
+0.96636780 -0.03625932 +0.25459483 
+0.97704477 +0.06474418 +0.20295740 
+0.96166396 +0.08838077 +0.25959829 
+0.95228577 +0.16299199 +0.25804152 
+0.93726542 +0.22713884 +0.26446450 
+0.94080466 +0.26816329 +0.20730422 
+0.91772384 +0.29222568 +0.26904851 
+0.91872777 +0.33269023 +0.21273572 
+0.89213340 +0.39503172 +0.21919838 
+0.86135236 +0.45520887 +0.22551497 
+0.82659804 +0.51345546 +0.23043259 
+0.78803094 +0.56971196 +0.23331422 
+0.74578200 +0.62374425 +0.23399214 
+0.69989277 +0.67529995 +0.23263725 
+0.65029068 +0.72411657 +0.22973294 
+0.59699143 +0.76985427 +0.22566711 
+0.53999987 +0.81219336 +0.22077610 
+0.47942326 +0.85086317 +0.21490743 
+0.41315177 +0.88608370 +0.21014588 
+0.34060212 +0.91763203 +0.20479662 
+0.26540909 +0.94278480 +0.20177916 
+0.19004503 +0.96011056 +0.20511118 
+0.11840905 +0.97065416 +0.20930790 
+0.08403738 +0.95938391 +0.26929580 
+0.01440400 +0.96165730 +0.27387546 
-0.05493621 +0.95935980 +0.27678655 
-0.12400112 +0.95268545 +0.27751423 
-0.19254069 +0.94171294 +0.27587102 
-0.26023845 +0.92646663 +0.27191091 
-0.32678997 +0.90693919 +0.26583757 
-0.39187279 +0.88309414 +0.25803189 
-0.45500916 +0.85496684 +0.24899472 
-0.51541582 +0.82311797 +0.23837647 
-0.57319218 +0.78750582 +0.22646260 
-0.62924750 +0.74613026 +0.21757117 
-0.68089563 +0.70183130 +0.20931784 
-0.72880213 +0.65315497 +0.20551410 
-0.77279646 +0.60380389 +0.19546483 
-0.81531280 +0.54656930 +0.19112047 
-0.85252403 +0.48632422 +0.19155036 
-0.88216979 +0.42659810 +0.19947563 
-0.88133481 +0.38788383 +0.26980566 
-0.90926351 +0.34383044 +0.23456451 
-0.92952335 +0.27840389 +0.24182147 
-0.94494817 +0.21311013 +0.24830835 
-0.93231326 +0.18481442 +0.31086271 
-0.94087699 +0.11741752 +0.31774773 
-0.97629539 +0.03822791 +0.21303975 
-0.94468285 +0.04864831 +0.32435728 
-0.94332621 -0.02182116 +0.33114875 
-0.95887535 -0.06241158 +0.27688058 
-0.95115744 -0.13132721 +0.27937913 
-0.93908520 -0.19859949 +0.28049461 
-0.92292288 -0.26422452 +0.27999779 
-0.90286811 -0.32820552 +0.27768745 
-0.87903297 -0.39043701 +0.27360550 
-0.87951225 -0.42717584 +0.20971171 
-0.84960500 -0.48669292 +0.20322735 
-0.81582425 -0.54410166 +0.19591883 
-0.77802858 -0.59933500 +0.18833238 
-0.73589472 -0.65244941 +0.18102136 
-0.68722389 -0.70402457 +0.17908861 
-0.63413221 -0.75141065 +0.18236879 
-0.57950437 -0.79232533 +0.19077541 
-0.52268833 -0.82889820 +0.19931053 
-0.46356096 -0.86149574 +0.20721083 
-0.40205086 -0.89036805 +0.21354118 
-0.33843020 -0.91536584 +0.21810636 
-0.27317626 -0.93623460 +0.22099660 
-0.20672886 -0.95285035 +0.22212470 
-0.13953471 -0.96514311 +0.22142457 
-0.07194450 -0.97307894 +0.21895518 
-0.00395536 -0.97659661 +0.21504281 
+0.06483976 -0.97552306 +0.21012037 
+0.15766309 -0.97687557 +0.14441771 
+0.22004530 -0.96545970 +0.13952645 
+0.28010745 -0.94861687 +0.14719326 
+0.34195235 -0.92652003 +0.15693699 
+0.40515980 -0.89909432 +0.16575567 
+0.46573644 -0.86720854 +0.17617863 
+0.52372848 -0.83121403 +0.18652538 
+0.57876461 -0.79146079 +0.19652313 
+0.63100545 -0.74809242 +0.20540168 
+0.68029221 -0.70129855 +0.21303250 
+0.72639518 -0.65132825 +0.21936624 
+0.76915630 -0.59841310 +0.22427737 
+0.80844080 -0.54277439 +0.22763882 
+0.84414260 -0.48459525 +0.22932665 
+0.87621681 -0.42380733 +0.22941544 
+0.87542642 -0.38856985 +0.28747531 
+0.90222459 -0.32576095 +0.28261386 
+0.92766528 -0.28098569 +0.24593528 
+0.94626168 -0.21548448 +0.24115406 
+0.96291680 -0.19840082 +0.18283420 
+0.96737745 -0.14098539 +0.21048513 
+0.97676745 -0.07384192 +0.20117832 
+0.97891554 +0.00099808 +0.20426298 
+0.98912942 +0.03588310 +0.14260224 
+0.97036722 +0.13297248 +0.20175675 
+0.97456172 +0.17287949 +0.14262585 
+0.95827845 +0.20241472 +0.20181844 
+0.95965586 +0.24111186 +0.14465715 
+0.93996817 +0.30664873 +0.14975448 
+0.91578603 +0.37037606 +0.15542689 
+0.88728015 +0.43193184 +0.16176778 
+0.85463419 +0.49140420 +0.16769711 
+0.81795335 +0.54896666 +0.17201139 
+0.77735335 +0.60447382 +0.17416420 
+0.73294115 +0.65761177 +0.17419538 
+0.68476663 +0.70805424 +0.17249309 
+0.63291777 +0.75544186 +0.16947773 
+0.57754882 +0.79940243 +0.16550865 
+0.51899942 +0.83952900 +0.16071920 
+0.45731863 +0.87545787 +0.15631117 
+0.39484976 +0.90617248 +0.15147639 
+0.33466375 +0.93132776 +0.14362720 
+0.27519411 +0.95115302 +0.13991477 
+0.21313864 +0.96619323 +0.14506055 
+0.14725015 +0.97789307 +0.14846728 
+0.07969203 +0.98516105 +0.15200950 
+0.04824722 +0.97577238 +0.21340213 
-0.02124316 +0.97595637 +0.21692829 
-0.09053506 +0.97154769 +0.21885723 
-0.15960215 +0.96269549 +0.21850525 
-0.22809102 +0.94943476 +0.21575015 
-0.29560652 +0.93177452 +0.21074400 
-0.36174292 +0.90974010 +0.20375234 
-0.42597859 +0.88345125 +0.19507982 
-0.48767881 +0.85325734 +0.18471952 
-0.54691648 +0.81904797 +0.17332853 
-0.60426228 +0.77983309 +0.16348531 
-0.65830035 +0.73678091 +0.15425477 
-0.70907949 +0.68951070 +0.14758478 
-0.75530232 +0.64017987 +0.14031443 
-0.79926514 +0.58562837 +0.13496167 
-0.83905335 +0.52779380 +0.13199689 
-0.87342088 +0.46866844 +0.13223410 
-0.90261390 +0.41148451 +0.12636711 
-0.90992012 +0.37395959 +0.17944248 
-0.93410922 +0.30853868 +0.17956573 
-0.95218479 +0.24336004 +0.18471605 
-0.95550824 +0.14706787 +0.25568545 
-0.96141016 +0.07943972 +0.26340050 
-0.98572500 +0.06784656 +0.15408783 
-0.98741252 -0.00339613 +0.15812961 
-0.96217462 +0.00805744 +0.27231429 
-0.97545511 -0.03294518 +0.21771988 
-0.97012453 -0.10248135 +0.21989992 
-0.96027047 -0.17063763 +0.22082444 
-0.94609905 -0.23728412 +0.22043782 
-0.92782369 -0.30232462 +0.21850176 
-0.90559561 -0.36566931 +0.21490123 
-0.90318892 -0.40189795 +0.15075749 
-0.87469537 -0.46257312 +0.14468627 
-0.84223201 -0.52121054 +0.13778538 
-0.80567315 -0.57776518 +0.13068351 
-0.76469060 -0.63231142 +0.12421975 
-0.71807157 -0.68526475 +0.12159538 
-0.66666496 -0.73521780 +0.12252598 
-0.61204479 -0.78059505 +0.12677753 
-0.55581025 -0.82035870 +0.13448632 
-0.49754523 -0.85562943 +0.14264297 
-0.43703508 -0.88681603 +0.15019208 
-0.37416246 -0.91414918 +0.15599270 
-0.30933992 -0.93742308 +0.15983360 
-0.24316701 -0.95640024 +0.16176649 
-0.17624532 -0.97097290 +0.16170720 
-0.10915168 -0.98111055 +0.15971225 
-0.04211876 -0.98680431 +0.15634342 
+0.02488166 -0.98802244 +0.15229102 
+0.09166442 -0.98473118 +0.14799374 
+0.12302423 -0.98882674 +0.08418263 
+0.18924048 -0.97870317 +0.07954961 
+0.25670082 -0.96306300 +0.08132867 
+0.32097733 -0.94269075 +0.09114659 
+0.38352481 -0.91792450 +0.10160377 
+0.44520628 -0.88848528 +0.11128916 
+0.50456393 -0.85477403 +0.12155908 
+0.56142176 -0.81700810 +0.13154229 
+0.61545311 -0.77546444 +0.14096938 
+0.66664196 -0.73027880 +0.14926944 
+0.71477305 -0.68166933 +0.15628948 
+0.75960482 -0.62989796 +0.16195392 
+0.80094728 -0.57520714 +0.16619325 
+0.83868943 -0.51775427 +0.16890988 
+0.87271176 -0.45757886 +0.17028144 
+0.90284366 -0.39423038 +0.17162671 
+0.90467413 -0.35936587 +0.22895607 
+0.92807628 -0.32598633 +0.18002039 
+0.94682844 -0.26378671 +0.18420772 
+0.97746600 -0.16572786 +0.13074593 
+0.98414147 -0.10356540 +0.14401310 
+0.98880230 -0.03318329 +0.14549530 
+0.99645593 +0.00477488 +0.08398079 
+0.99383992 +0.07420775 +0.08231298 
+0.98429717 +0.10440553 +0.14233262 
+0.98631006 +0.14290961 +0.08227587 
+0.98346734 +0.17971626 +0.02222724 
+0.97390071 +0.21100765 +0.08362528 
+0.95667737 +0.27799719 +0.08652154 
+0.93495458 +0.34275757 +0.09152693 
+0.90887204 +0.40555827 +0.09733502 
+0.87856792 +0.46624527 +0.10360383 
+0.84411009 +0.52491936 +0.10926034 
+0.80549019 +0.58172255 +0.11306824 
+0.76279378 +0.63640237 +0.11461966 
+0.71616094 +0.68853229 +0.11417881 
+0.66576071 +0.73768485 +0.11217726 
+0.61183512 +0.78344230 +0.10897682 
+0.55481313 +0.82535729 +0.10472692 
+0.49520421 +0.86301023 +0.09993066 
+0.43436478 +0.89580898 +0.09409305 
+0.37306131 +0.92379603 +0.08617515 
+0.30943533 +0.94759571 +0.07944896 
+0.24354418 +0.96657990 +0.08005950 
+0.17813864 +0.98033397 +0.08492305 
+0.11166463 +0.98977071 +0.08879720 
+0.04440551 +0.99471328 +0.09259396 
+0.01147134 +0.98776107 +0.15555214 
-0.05702427 +0.98570300 +0.15854916 
-0.12586405 +0.97909923 +0.15975901 
-0.19474040 +0.96797115 +0.15845514 
-0.26303647 +0.95230748 +0.15466830 
-0.33015193 +0.93215513 +0.14861532 
-0.39541685 +0.90769830 +0.14046105 
-0.45817124 +0.87925370 +0.13035357 
-0.51856134 +0.84667166 +0.11933665 
-0.57697125 +0.80943877 +0.10914695 
-0.63255154 +0.76810380 +0.09947414 
-0.68518161 +0.72262158 +0.09134662 
-0.73396180 +0.67400443 +0.08377410 
-0.77952149 +0.62147037 +0.07823569 
-0.82139002 +0.56554575 +0.07400300 
-0.85895133 +0.50706016 +0.07136254 
-0.89167622 +0.44758342 +0.06769491 
-0.92081718 +0.38461278 +0.06456568 
-0.93047108 +0.34591471 +0.12069214 
-0.95258281 +0.27884005 +0.12179576 
-0.96905890 +0.21219888 +0.12608124 
-0.96535818 +0.17773771 +0.19103111 
-0.97345294 +0.11169124 +0.19978599 
-0.99074473 +0.09552175 +0.09643902 
-0.99486737 +0.02576302 +0.09785286 
-0.99414385 -0.04283098 +0.09921443 
-0.98442891 -0.07294471 +0.15993371 
-0.97679992 -0.14151816 +0.16073125 
-0.96469338 -0.20891835 +0.16037396 
-0.94828889 -0.27489776 +0.15868016 
-0.92774504 -0.33928162 +0.15548994 
-0.92269310 -0.37455480 +0.09135725 
-0.89572015 -0.43628645 +0.08567118 
-0.86469345 -0.49602609 +0.07914142 
-0.82953875 -0.55373201 +0.07243150 
-0.78999991 -0.60948730 +0.06652349 
-0.74541540 -0.66355978 +0.06359487 
-0.69617299 -0.71505530 +0.06355375 
-0.64308365 -0.76296048 +0.06583864 
-0.58718343 -0.80637336 +0.07055223 
-0.52959319 -0.84468255 +0.07773322 
-0.47011919 -0.87844315 +0.08558957 
-0.40841238 -0.90806296 +0.09284929 
-0.34425676 -0.93374656 +0.09800326 
-0.27830417 -0.95518313 +0.10085620 
-0.21140137 -0.97212436 +0.10140855 
-0.14437632 -0.98449542 +0.09962046 
-0.07750810 -0.99233361 +0.09626265 
-0.01060047 -0.99566977 +0.09235443 
+0.05627755 -0.99451567 +0.08815562 
+0.08997782 -0.99565490 +0.02398551 
+0.15727588 -0.98734727 +0.02024030 
+0.22582087 -0.97395469 +0.02042514 
+0.29382931 -0.95551367 +0.02565081 
+0.35843666 -0.93287957 +0.03548066 
+0.42089491 -0.90594206 +0.04600506 
+0.48177159 -0.87450058 +0.05607911 
+0.54029118 -0.83886509 +0.06626305 
+0.59625100 -0.79919790 +0.07594383 
+0.64932162 -0.75575732 +0.08492526 
+0.69943838 -0.70865709 +0.09268811 
+0.74632785 -0.65816240 +0.09908073 
+0.78972565 -0.60457131 +0.10405255 
+0.82943107 -0.54813033 +0.10769045 
+0.86539989 -0.48884336 +0.11006906 
+0.89743197 -0.42667920 +0.11207464 
+0.92495413 -0.36164071 +0.11694382 
+0.94286230 -0.32821208 +0.05733682 
+0.94704556 -0.29796685 +0.11966810 
+0.96440625 -0.23408885 +0.12297561 
+0.97787167 -0.19834551 +0.06652859 
+0.98854878 -0.13055075 +0.07568231 
+0.99432106 -0.06383622 +0.08515020 
+0.99937956 -0.02567389 +0.02411118 
+0.99882370 +0.04289447 +0.02261160 
+0.99351852 +0.11159154 +0.02163965 
-0.98840449 -0.14670371 +0.03917372 
-0.97608348 -0.21403474 +0.03808114 
+0.96874165 +0.24689013 +0.02418411 
+0.94946028 +0.31267051 +0.02761023 
+0.92585965 +0.37644820 +0.03272105 
+0.89801974 +0.43825002 +0.03869725 
+0.86601127 +0.49799634 +0.04499022 
+0.82979001 +0.55578383 +0.05052595 
+0.78920630 +0.61175392 +0.05394956 
+0.74435806 +0.66551061 +0.05501549 
+0.69550477 +0.71647845 +0.05414562 
+0.64297060 +0.76414015 +0.05175558 
+0.58723638 +0.80799082 +0.04800277 
+0.52897066 +0.84754820 +0.04303585 
+0.46914181 +0.88236111 +0.03667196 
+0.40800106 +0.91252197 +0.02896180 
+0.34450804 +0.93852566 +0.02199526 
+0.27805576 +0.96037533 +0.01908446 
+0.21117107 +0.97723288 +0.02055890 
+0.14477979 +0.98915697 +0.02464342 
+0.07790531 +0.99655225 +0.02853718 
+0.01062767 +0.99941581 +0.03248226 
-0.02335176 +0.99508905 +0.09618984 
-0.09144182 +0.99086191 +0.09915177 
-0.16013590 +0.98202707 +0.09989659 
-0.22896414 +0.96851824 +0.09771305 
-0.29698461 +0.95036022 +0.09282021 
-0.36322715 +0.92778509 +0.08532800 
-0.42683264 +0.90118019 +0.07541987 
-0.48813681 +0.87036843 +0.06466263 
-0.54746468 +0.83506020 +0.05437717 
-0.60420822 +0.79558503 +0.04446217 
-0.65817689 +0.75202190 +0.03558429 
-0.70879353 +0.70488066 +0.02747718 
-0.75618251 +0.65402171 +0.02106218 
-0.79989269 +0.59992359 +0.01622858 
-0.83971920 +0.54287497 +0.01258707 
-0.87532036 +0.48345493 +0.00925225 
-0.90698868 +0.42111045 +0.00612504 
-0.93419634 +0.35673703 +0.00398560 
-0.94611590 +0.31780809 +0.06215072 
-0.96608115 +0.25044705 +0.06295629 
-0.98066500 +0.18411647 +0.06631196 
-0.98029330 +0.14619371 +0.13286250 
-0.99107577 +0.12654463 +0.04189598 
-0.99764803 +0.05743861 +0.03740597 
-0.99923639 -0.01047608 +0.03764161 
-0.99614255 -0.07864560 +0.03892147 
-0.98874331 -0.11119450 +0.10011219 
-0.97877232 -0.17894177 +0.09992293 
-0.96435100 -0.24562303 +0.09847070 
-0.95927356 -0.28021876 +0.03566075 
-0.94561122 -0.31091776 +0.09565337 
-0.93810945 -0.34487663 +0.03179241 
-0.91276619 -0.40762588 +0.02643909 
-0.88328303 -0.46840382 +0.02022268 
-0.84965543 -0.52715806 +0.01378526 
-0.81172838 -0.58397789 +0.00817694 
-0.76915490 -0.63904264 +0.00502441 
-0.72211935 -0.69175439 +0.00441669 
-0.67108103 -0.74136126 +0.00580818 
-0.61661267 -0.78721585 +0.00894545 
-0.55952660 -0.82869622 +0.01387685 
-0.50075189 -0.86534481 +0.02063726 
-0.44029434 -0.89740641 +0.02833057 
-0.37756504 -0.92530628 +0.03539675 
-0.31216897 -0.94919682 +0.03969797 
-0.24525761 -0.96858809 +0.04105883 
-0.17821552 -0.98320248 +0.03939689 
-0.11144877 -0.99312497 +0.03580450 
-0.04446448 -0.99850063 +0.03192815 
+0.02269562 -0.99935423 +0.02785749 
-0.05694715 +0.99772056 +0.03620367 
-0.12474849 +0.99140554 +0.03940649 
-0.19342020 +0.98031009 +0.03975881 
-0.26217529 +0.96432940 +0.03650927 
-0.32936824 +0.94372830 +0.02989073 
-0.39362076 +0.91905351 +0.02008358 
-0.45562289 +0.89012235 +0.00948616 
+0.51575736 -0.85673437 +0.00075716 
+0.57344901 -0.81916968 +0.01082933 
+0.62848781 -0.77755791 +0.02016836 
+0.68046769 -0.73221464 +0.02873071 
+0.72935622 -0.68319175 +0.03589622 
+0.77479706 -0.63084248 +0.04156054 
+0.81651989 -0.57549738 +0.04580422 
+0.85434848 -0.51737454 +0.04911476 
+0.88832285 -0.45630097 +0.05169081 
+0.91807817 -0.39255481 +0.05507442 
-0.95682233 +0.29066359 +0.00239016 
+0.96300152 -0.26301718 +0.05873705 
-0.97445861 +0.22455577 +0.00226365 
+0.98664515 -0.16251723 +0.01093170 
+0.99540872 -0.09345752 +0.02066838 

