+0.20727673 +0.80453021 +0.55656760 
-0.03799458 -0.88810920 +0.45805944 
-0.27778611 -0.57044920 +0.77293116 
+0.25450327 +0.88411193 +0.39188541 
+0.49263565 +0.45566786 +0.74140199 
-0.82891304 +0.10541115 +0.54935568 
+0.86230368 -0.12359843 +0.49107615 
+0.94944912 -0.31302744 +0.02366829 
+0.08397221 +0.74993406 +0.65616124 
+0.12231188 +0.95318674 +0.27654085 
+0.05140768 -0.56992853 +0.82008458 
+0.68339695 +0.06182563 +0.72742436 
-0.72032768 +0.19745902 +0.66493456 
-0.39805683 -0.07995391 +0.91386987 
+0.48261832 +0.30841757 +0.81973054 
-0.96505390 +0.10245327 +0.24119347 
+0.67321774 -0.73789935 +0.04777472 
-0.71169836 +0.28534821 +0.64192043 
-0.89863280 -0.43596491 +0.04892529 
-0.78976457 +0.43192306 +0.43556217 
-0.16752206 +0.47811964 +0.86217050 
+0.32904310 -0.57713629 +0.74742514 
+0.27435500 +0.42802547 +0.86111761 
-0.01343387 +0.73604754 +0.67679654 
+0.87482031 -0.48230277 +0.04553541 
-0.96973912 -0.24398745 +0.00872714 
+0.09909961 +0.92503058 +0.36673927 
+0.96001488 -0.26080662 +0.10174152 
+0.52848597 -0.76404146 +0.37005841 
+0.08916377 +0.99556133 +0.03012418 
+0.40974035 +0.47725200 +0.77739525 
-0.56366698 -0.03315020 +0.82533666 
-0.63260493 -0.41533328 +0.65368897 
+0.95142586 +0.29991439 +0.06957154 
+0.57243153 +0.42960178 +0.69840136 
+0.46269206 +0.87691378 +0.13014715 
+0.26410630 -0.80992801 +0.52370266 
+0.18878571 +0.21530958 +0.95812407 
+0.91597827 -0.39983120 +0.03344876 
-0.39989904 -0.46463901 +0.79005781 
+0.39784652 +0.32947971 +0.85624837 
-0.42445806 +0.01068341 +0.90538457 
+0.91376526 -0.03666700 +0.40458446 
-0.01591871 -0.99926922 +0.03475094 
+0.21117804 +0.94649623 +0.24402608 
-0.56438940 +0.82165369 +0.07968574 
+0.56260755 +0.75752905 +0.33109285 
-0.18914202 -0.59284799 +0.78278768 
-0.07974485 +0.77559024 +0.62617931 
+0.35020761 -0.79839781 +0.48981176 
+0.49997239 -0.55240919 +0.66698703 
+0.81016845 +0.37182549 +0.45318086 
+0.73510048 -0.67782090 +0.01364251 
-0.70312232 -0.62340946 +0.34202286 
-0.35480165 +0.86092899 +0.36457792 
+0.30684346 +0.63247137 +0.71121519 
-0.47438095 -0.30174538 +0.82698998 
-0.50223785 +0.85309010 +0.14140166 
-0.46301986 +0.19190117 +0.86532453 
-0.75670596 +0.55682010 +0.34256016 
-0.60278574 +0.57649786 +0.55163355 
-0.99273102 +0.09121426 +0.07851798 
+0.68694721 -0.59530974 +0.41678514 
-0.19627922 +0.96011075 +0.19915275 
-0.17907133 -0.98383275 +0.00256476 
-0.82211390 -0.32065013 +0.47043833 
+0.06305663 +0.07456129 +0.99522082 
-0.52606648 +0.57935853 +0.62257349 
+0.33948901 +0.01398337 +0.94050607 
-0.89614969 -0.18200206 +0.40471099 
-0.65631479 -0.17237707 +0.73453185 
-0.63819735 +0.66699970 +0.38446787 
-0.09388831 +0.01931592 +0.99539534 
-0.30067172 +0.14971467 +0.94190341 
-0.35110441 -0.93297987 +0.07921017 
+0.00820420 +0.91892310 +0.39435139 
+0.14778473 -0.19487121 +0.96963132 
-0.03357828 -0.16134998 +0.98632585 
+0.02839413 -0.08865507 +0.99565760 
+0.54989286 -0.83508867 +0.01564464 
+0.44352810 -0.26718351 +0.85550909 
-0.99645859 -0.00292253 +0.08403410 
+0.74735154 +0.64575028 +0.15643611 
-0.42446688 +0.89899608 +0.10786063 
+0.84396142 +0.45282918 +0.28753236 
-0.87829805 +0.06275628 +0.47397699 
-0.07025828 -0.68215167 +0.72782750 
-0.01859705 +0.87794397 +0.47840207 
+0.25108571 +0.27934593 +0.92678035 
-0.13078124 +0.64038882 +0.75683448 
-0.36314068 +0.08032829 +0.92826516 
-0.23967621 +0.21977613 +0.94564992 
+0.38822302 -0.69250127 +0.60805006 
-0.89161310 +0.45065052 +0.04404766 
-0.41772567 -0.90827389 +0.02331945 
+0.00105523 -0.95685982 +0.29054806 
-0.99141594 -0.09654036 +0.08817248 
-0.12588002 -0.14257875 +0.98174616 
+0.03483687 -0.34113878 +0.93936719 
+0.64471968 -0.66585401 +0.37546634 
-0.50960115 +0.79630950 +0.32588013 
+0.22587381 -0.89602644 +0.38225338 
-0.76092067 +0.59553325 +0.25756531 
-0.51041013 -0.78922150 +0.34148340 
-0.74855363 +0.65820318 +0.08022494 
-0.52049010 -0.36983025 +0.76962045 
+0.98359628 +0.07830128 +0.16250316 
+0.68103724 +0.45141987 +0.57654867 
+0.07403812 +0.88840481 +0.45305104 
-0.38122767 +0.17467891 +0.90782859 
-0.41320915 -0.71849517 +0.55948449 
+0.09194314 -0.01523629 +0.99564769 
+0.90458687 +0.14293334 +0.40161256 
+0.63911752 +0.25403680 +0.72594359 
-0.09934677 -0.78965955 +0.60544860 
+0.96867480 +0.04084123 +0.24495126 
-0.11357588 -0.90966576 +0.39951060 
+0.71402293 -0.27489592 +0.64389711 
+0.45035903 -0.88200526 +0.13872083 
+0.83167070 -0.06358876 +0.55161609 
+0.44342174 +0.86710598 +0.22694576 
-0.64412962 -0.73063297 +0.22643430 
+0.72956907 +0.53949924 +0.42032077 
+0.66071594 +0.57806741 +0.47884499 
-0.14871772 -0.30133772 +0.94184851 
-0.58435344 +0.05716774 +0.80948311 
+0.39842855 -0.86076312 +0.31676733 
-0.53483357 -0.57950560 +0.61491977 
-0.82610870 +0.34181803 +0.44800095 
-0.09337868 +0.42547108 +0.90014154 
-0.97518181 -0.13866612 +0.17260402 
-0.02072428 -0.40985813 +0.91191382 
+0.38532402 -0.50483964 +0.77243921 
+0.27123010 -0.29316171 +0.91678266 
+0.44494302 -0.09921805 +0.89004578 
-0.93408065 -0.13473893 +0.33066411 
+0.25005370 +0.96664312 +0.05544563 
+0.77520389 -0.54002313 +0.32777119 
-0.26956933 -0.82576624 +0.49542153 
-0.74355813 -0.49800978 +0.44621470 
-0.28542567 -0.90255738 +0.32236993 
+0.23647365 -0.20863693 +0.94897357 
-0.24145567 -0.27975997 +0.92921124 
-0.31628183 +0.24664111 +0.91604256 
-0.95695930 -0.23150110 +0.17503180 
+0.88833484 +0.40601874 +0.21449941 
+0.07376225 -0.99724215 +0.00819846 
+0.40529443 +0.81742987 +0.40932241 
+0.16133856 -0.93262629 +0.32276629 
-0.95959363 +0.23800268 +0.15011592 
+0.23155724 +0.96115974 +0.15017720 
+0.93686609 -0.29479620 +0.18808810 
+0.01535363 -0.49318459 +0.86978919 
-0.56675894 +0.69373204 +0.44443241 
-0.06849530 -0.83894902 +0.53988234 
-0.59695189 -0.35102882 +0.72140641 
-0.50644373 -0.21491948 +0.83505950 
-0.28135244 -0.95013617 +0.13446958 
+0.52568311 -0.60897986 +0.59397037 
-0.42763074 -0.76661887 +0.47898587 
+0.12662640 +0.14547925 +0.98122451 
-0.04819327 +0.82982276 +0.55594208 
+0.50630054 +0.64324140 +0.57436945 
-0.77762344 +0.14640289 +0.61144744 
-0.69637129 +0.41954893 +0.58227632 
+0.05702278 -0.75623000 +0.65181638 
-0.29918210 +0.80283335 +0.51570213 
+0.99643461 +0.02103813 +0.08170352 
+0.81811755 -0.44653700 +0.36233739 
+0.28232400 +0.19349414 +0.93960267 
+0.38826745 -0.91828608 +0.07745364 
+0.74425528 +0.04851157 +0.66613115 
+0.48073413 +0.87625185 +0.03282353 
+0.42390352 -0.00638087 +0.90568487 
+0.17913227 -0.64513689 +0.74277185 
-0.81988926 -0.17508598 +0.54509311 
+0.77354930 -0.09640389 +0.62636073 
-0.10562228 -0.99248389 +0.06180341 
-0.19653103 -0.90916653 +0.36714000 
+0.43842270 -0.42645034 +0.79115463 
-0.64437473 +0.70534664 +0.29541043 
-0.18055102 +0.97747867 +0.10925560 
-0.05691128 -0.32259597 +0.94482429 
-0.87016061 +0.15348763 +0.46825427 
-0.55552822 -0.63371970 +0.53831936 
+0.13830476 -0.90097995 +0.41122613 
-0.29782500 +0.90173056 +0.31334050 
+0.88166228 -0.20557836 +0.42474600 
-0.29649591 -0.34411542 +0.89088425 
-0.12147134 +0.34664995 +0.93009598 
-0.76460592 -0.35807611 +0.53587246 
+0.18575524 -0.95481498 +0.23199861 
-0.28335068 -0.86842402 +0.40688096 
+0.27680079 +0.91226053 +0.30193053 
+0.27587837 -0.94003658 +0.20055512 
-0.77021572 +0.23880369 +0.59138866 
+0.31227902 -0.36704213 +0.87622023 
-0.89563797 -0.41552898 +0.15864520 
-0.55949597 -0.43608227 +0.70483793 
+0.94075052 +0.09405726 +0.32579395 
-0.89844094 +0.20181965 +0.38996501 
+0.23633707 +0.50648775 +0.82922551 
-0.76188316 -0.21156957 +0.61218654 
+0.59100927 -0.06526612 +0.80402014 
-0.14575801 +0.80892722 +0.56955365 
+0.86340437 +0.32717690 +0.38404188 
-0.11258880 -0.38992043 +0.91393972 
+0.42903975 +0.24338954 +0.86987725 
+0.77328630 +0.18562283 +0.60627755 
-0.34299384 +0.32414380 +0.88163826 
+0.84478739 +0.52279414 +0.11410764 
+0.78304082 +0.32590917 +0.52974549 
-0.74839118 -0.66319701 +0.00896521 
+0.68313998 +0.73003310 +0.01927292 
+0.16528483 +0.89047079 +0.42396073 
-0.43694749 -0.53285107 +0.72467001 
+0.08733543 +0.56938337 +0.81741978 
+0.77516154 -0.61032383 +0.16318518 
+0.18076302 -0.28375778 +0.94170391 
+0.36261050 +0.73683836 +0.57059868 
-0.28803064 +0.64454238 +0.70823970 
+0.62784119 -0.44824941 +0.63630802 
+0.82654779 -0.48616926 +0.28365157 
+0.79118775 +0.60652583 +0.07841149 
-0.34970265 -0.40531595 +0.84464610 
-0.65557941 +0.08300085 +0.75055080 
-0.63874884 -0.65620168 +0.40174529 
+0.32037362 +0.83673738 +0.44410730 
+0.94558108 +0.00197288 +0.32538058 
+0.80975783 -0.15634563 +0.56555133 
-0.15696241 -0.05247521 +0.98620949 
-0.03282888 -0.99127528 +0.12765416 
+0.31782692 +0.94136744 +0.11319629 
+0.71854864 +0.36557995 +0.59164108 
-0.89918605 +0.38001242 +0.21692167 
+0.23908938 -0.76142153 +0.60255582 
+0.20060287 -0.85940023 +0.47030813 
+0.38552088 +0.78031566 +0.49242372 
+0.02369623 +0.62280722 +0.78201641 
-0.13198235 -0.72767584 +0.67310365 
-0.51497964 -0.51815953 +0.68286651 
+0.21511054 +0.64179353 +0.73609002 
-0.81261769 +0.55078253 +0.19050219 
-0.04179518 +0.67032572 +0.74088906 
+0.37107047 -0.83560191 +0.40506315 
-0.57769918 -0.79304487 +0.19324464 
+0.32762777 -0.75370562 +0.56972615 
-0.20631010 -0.93592977 +0.28543232 
+0.36618541 -0.07962365 +0.92712907 
+0.54810675 +0.72549074 +0.41622371 
+0.99936133 -0.03570558 +0.00142938 
-0.09712724 -0.94296004 +0.31842213 
+0.03534683 -0.98008754 +0.19539451 
-0.67986477 -0.07857366 +0.72911595 
+0.69944206 +0.67993485 +0.22015767 
-0.50506902 -0.74951876 +0.42793331 
-0.81205720 +0.51475518 +0.27493673 
-0.24882545 -0.03274145 +0.96799478 
-0.59177580 +0.51651222 +0.61888329 
+0.14896021 -0.76223828 +0.62992354 
+0.16401928 -0.43806544 +0.88385312 
+0.92403937 +0.35589432 +0.13960832 
-0.20469202 -0.86943777 +0.44964336 
+0.15017853 +0.69967893 +0.69849538 
+0.47170568 -0.88053591 +0.04637087 
-0.31361556 -0.67227376 +0.67059173 
-0.84630219 +0.53166274 +0.03327652 
-0.16764361 -0.45379925 +0.87519247 
-0.76202722 -0.61868418 +0.19116589 
+0.86080657 -0.46749451 +0.20114903 
-0.91498784 -0.23134524 +0.33057017 
-0.18603915 +0.03764844 +0.98182077 
-0.38762194 -0.32221215 +0.86367156 
+0.20221433 -0.51203049 +0.83482581 
-0.32372774 +0.74065472 +0.58875371 
-0.67967627 -0.53060573 +0.50645605 
+0.67452078 -0.36411094 +0.64221877 
-0.07628541 -0.47504323 +0.87664957 
+0.60227976 -0.72854257 +0.32632012 
+0.76301201 -0.39428506 +0.51220305 
+0.28683981 -0.85123711 +0.43945227 
+0.33567723 +0.94182316 +0.01702765 
-0.44077231 +0.77000776 +0.46131098 
+0.56615680 -0.32349112 +0.75816883 
+0.86219637 -0.35832225 +0.35808180 
-0.75828747 +0.62941877 +0.16980025 
+0.97207521 +0.17141657 +0.16026899 
-0.36200898 +0.81831629 +0.44643919 
-0.77482644 +0.05645220 +0.62964842 
-0.98465080 -0.04454481 +0.16875594 
-0.03340630 +0.34209099 +0.93907283 
-0.09088426 +0.99231605 +0.08395780 
-0.16354964 +0.98636938 +0.01808215 
-0.05976845 +0.17975963 +0.98189317 
+0.46886509 +0.75626581 +0.45631958 
+0.42334355 +0.84717473 +0.32105330 
+0.83039801 +0.14041451 +0.53918727 
-0.20900406 -0.95953328 +0.18871458 
-0.16711142 -0.66586854 +0.72711269 
+0.86243816 +0.18861769 +0.46970606 
-0.42223499 -0.23617320 +0.87517989 
+0.69291224 +0.65039840 +0.31121464 
-0.25476930 +0.44060680 +0.86078932 
-0.66024059 -0.47539282 +0.58144994 
+0.25031369 -0.92314587 +0.29179575 
+0.58561442 +0.61248790 +0.53095605 
-0.50634999 +0.03346378 +0.86167851 
+0.10836489 -0.50588354 +0.85576802 
-0.72620133 -0.44596564 +0.52320768 
-0.09235184 +0.26621746 +0.95947871 
+0.77633302 -0.45274435 +0.43855399 
+0.44795005 +0.71538294 +0.53625368 
+0.66730795 -0.05466938 +0.74277275 
+0.98607147 -0.01623278 +0.16552810 
+0.91873777 +0.39181645 +0.04899772 
+0.32496292 -0.21718336 +0.92045124 
+0.59062616 +0.19540765 +0.78292821 
+0.86875687 -0.40768230 +0.28117014 
-0.93367115 +0.32891937 +0.14166948 
+0.30125204 -0.94735149 +0.10850052 
+0.99023318 +0.11511956 +0.07864940 
+0.31138902 +0.10494415 +0.94447001 
-0.23283723 -0.71286032 +0.66152626 
+0.02408311 -0.69619192 +0.71745161 
-0.61004096 -0.55774675 +0.56282199 
+0.29824053 +0.79682621 +0.52547176 
-0.48775396 +0.71062329 +0.50706076 
+0.83657464 -0.53015811 +0.13811319 
-0.12281979 +0.10947632 +0.98637226 
+0.21751466 +0.36195030 +0.90646531 
+0.93973021 -0.09176718 +0.32937201 
+0.92976370 -0.35094472 +0.11125320 
+0.64270710 +0.74039087 +0.19684751 
-0.79575402 -0.26768676 +0.54324887 
+0.52069641 -0.40818789 +0.74983858 
+0.80539107 -0.54865381 +0.22433061 
+0.63457071 +0.71822393 +0.28543721 
+0.32251257 -0.94642916 +0.01604645 
+0.71823051 -0.60894595 +0.33664488 
-0.66874850 +0.36421493 +0.64816890 
+0.95555970 -0.14781815 +0.25505972 
-0.33354559 +0.40540625 +0.85111287 
-0.51060944 +0.75523214 +0.41097739 
-0.96901682 +0.00680808 +0.24690090 
-0.87254471 -0.27833464 +0.40149167 
-0.41751243 +0.35539200 +0.83628936 
+0.62308958 +0.68885733 +0.37045236 
+0.54713771 -0.66119151 +0.51328950 
-0.10738947 +0.97865767 +0.17520463 
-0.60918466 +0.34764802 +0.71276567 
+0.52084616 +0.83318839 +0.18578585 
+0.64350055 -0.30252620 +0.70312513 
+0.50140960 +0.81785588 +0.28231220 
+0.25807516 -0.44153964 +0.85932529 
-0.56981819 -0.81568991 +0.09978574 
+0.01757660 +0.79323125 +0.60866678 
+0.74878356 -0.61231473 +0.25375942 
+0.07201502 +0.98986168 +0.12242423 
+0.11869367 +0.63842085 +0.76048053 
-0.85955094 -0.49206094 +0.13801528 
-0.34065929 +0.93710950 +0.07600682 
+0.24850660 +0.03849981 +0.96786478 
+0.70933049 -0.12544984 +0.69362281 
+0.21836680 -0.36704141 +0.90421045 
-0.84064369 -0.37119039 +0.39438037 
+0.08578427 -0.64023837 +0.76337140 
+0.38221060 +0.90820592 +0.17052000 
-0.82295216 +0.19631204 +0.53311473 
+0.23182889 +0.84782957 +0.47690710 
+0.74489692 +0.57638903 +0.33601231 
+0.60513214 -0.79203724 +0.08057360 
+0.23413342 -0.97110863 +0.04614736 
-0.23813289 +0.52531398 +0.81690755 
+0.11249858 -0.86032907 +0.49716995 
+0.93442370 -0.23787487 +0.26508091 
+0.68117704 +0.31371300 +0.66149981 
-0.50676871 +0.82883486 +0.23710386 
+0.36299423 +0.41322665 +0.83515203 
+0.51242956 +0.22031696 +0.82998577 
-0.69764681 +0.70188820 +0.14367285 
-0.17245848 +0.74868582 +0.64009969 
-0.63950302 -0.00772219 +0.76874980 
-0.43889955 -0.38510913 +0.81182396 
+0.23795155 -0.58075060 +0.77852925 
+0.33634026 +0.68746116 +0.64363995 
-0.21218381 +0.93392745 +0.28767612 
+0.94444835 +0.22643978 +0.23820651 
+0.90255965 -0.12096188 +0.41322427 
+0.05365722 +0.97524765 +0.21450623 
-0.89935373 +0.41699754 +0.13143790 
-0.54814079 +0.32009085 +0.77271180 
-0.26052132 +0.33789805 +0.90440785 
+0.18004053 +0.75498481 +0.63054210 
+0.31220086 -0.88327285 +0.34979952 
-0.62911260 -0.77623626 +0.04092192 
-0.35478605 -0.82186344 +0.44572115 
+0.02750144 +0.39949230 +0.91632395 
-0.05097107 -0.97390517 +0.22115756 
+0.84009315 +0.28226398 +0.46321761 
+0.17621272 -0.81441410 +0.55288222 
-0.69426403 -0.57991547 +0.42625756 
-0.27923166 +0.85492216 +0.43719307 
-0.36408691 -0.85956982 +0.35858116 
-0.06428740 -0.07094030 +0.99540675 
+0.48097258 +0.06587834 +0.87425707 
-0.73469446 -0.30162949 +0.60765427 
+0.55159503 -0.47181697 +0.68784568 
-0.84465251 +0.38700844 +0.36984674 
-0.39770315 -0.66395311 +0.63324440 
-0.85182669 -0.41857767 +0.31493496 
-0.58964774 -0.49921699 +0.63489994 
+0.40220239 -0.35834976 +0.84250738 
-0.15265710 +0.19989238 +0.96785270 
+0.42645479 -0.87495768 +0.22931499 
-0.89145907 +0.33945595 +0.30011727 
+0.36498608 -0.91545923 +0.16946845 
-0.36700792 +0.89320012 +0.25980519 
-0.20385969 -0.36667695 +0.90773853 
+0.27425452 +0.57200710 +0.77304097 
+0.90839420 +0.27888290 +0.31151935 
-0.92931586 +0.36519462 +0.05481713 
+0.14048406 +0.85029845 +0.50720486 
-0.18957315 +0.39386072 +0.89940856 
-0.25745811 -0.42835987 +0.86615423 
+0.70813343 -0.67722281 +0.19979068 
-0.80109982 +0.29272479 +0.52206444 
-0.10740784 +0.71237782 +0.69352823 
-0.44002525 -0.84425560 +0.30595793 
-0.36351873 -0.60775567 +0.70603625 
-0.09214811 -0.23269476 +0.96817451 
-0.95593141 -0.27833700 +0.09340050 
-0.37367998 +0.60106993 +0.70645468 
-0.91067422 -0.08417544 +0.40445885 
+0.79112387 +0.49792919 +0.35523167 
+0.48151572 -0.18609408 +0.85645292 
+0.48613503 +0.79081493 +0.37186621 
+0.67952348 +0.61686226 +0.39715084 
+0.67874319 -0.21182562 +0.70316256 
+0.12630152 -0.35669564 +0.92564364 
+0.91238615 +0.05066051 +0.40618350 
-0.53569787 -0.12504220 +0.83510014 
-0.61772126 +0.43762326 +0.65338070 
+0.72112698 -0.68388169 +0.11082293 
+0.63470254 -0.73649794 +0.23393047 
+0.29507722 -0.51159412 +0.80697019 
-0.03824972 -0.74571845 +0.66516236 
+0.39824557 +0.08509380 +0.91332333 
-0.21181062 +0.83566516 +0.50675437 
-0.00083235 +0.00137632 +0.99999871 
+0.52733435 -0.25572161 +0.81026226 
-0.26148060 -0.77707088 +0.57252838 
+0.72861968 +0.13584476 +0.67131183 
-0.48185281 -0.45283678 +0.75017113 
-0.57735068 -0.72618161 +0.37326460 
-0.68680987 +0.72512595 +0.04984533 
+0.60779353 -0.23725942 +0.75782253 
-0.87611483 +0.29555141 +0.38088341 
+0.09053400 -0.26923857 +0.95880873 
-0.81140230 -0.57162667 +0.12193958 
-0.50582516 -0.84812010 +0.15758554 
+0.42321296 +0.66850540 +0.61154829 
-0.52438924 +0.12360252 +0.84245970 
+0.40098695 +0.91311558 +0.07368451 
-0.62142769 +0.78330605 +0.01610166 
-0.72603412 +0.46772075 +0.50409498 
-0.48671824 +0.38645609 +0.78342648 
+0.50522734 -0.02381745 +0.86265756 
+0.55970025 +0.56571451 +0.60555984 
+0.67508779 +0.72837178 +0.11717942 
-0.45388024 -0.14752395 +0.87876584 
-0.78253370 -0.11978783 +0.61097617 
+0.09458674 -0.96038022 +0.26215106 
-0.70295953 -0.69170141 +0.16552057 
-0.69814612 -0.23964619 +0.67465672 
-0.59598817 +0.14932997 +0.78898584 
-0.76173940 -0.58485268 +0.27874796 
+0.92042904 +0.31838765 +0.22680319 
-0.19066804 +0.29092812 +0.93755348 
-0.32431287 +0.48929775 +0.80957326 
+0.64770194 +0.40035095 +0.64822937 
+0.14490140 -0.57847586 +0.80272615 
+0.53979335 +0.83712152 +0.08860412 
-0.48940246 +0.87078935 +0.04702277 
+0.30042169 -0.70232977 +0.64535238 
-0.08607567 +0.51659559 +0.85189200 
+0.74837374 -0.18717525 +0.63631924 
+0.52434588 -0.10650043 +0.84481895 
-0.30673817 +0.56820805 +0.76357796 
+0.58453437 -0.79221646 +0.17525024 
+0.14475936 -0.98668119 +0.07419541 
-0.78665418 -0.41106119 +0.46065595 
-0.36710868 -0.16979231 +0.91455005 
+0.89010614 -0.43945018 +0.12080813 
-0.35590306 +0.91937451 +0.16758140 
+0.97895808 -0.11122289 +0.17108640 
-0.55451576 -0.28368453 +0.78232689 
-0.94949121 -0.18399292 +0.25419095 
-0.76803779 +0.38644772 +0.51066243 
-0.80621786 +0.58240797 +0.10398902 
-0.00393073 -0.80190192 +0.59744277 
-0.79384857 -0.02505907 +0.60759895 
+0.57220621 -0.70357864 +0.42137531 
+0.83879644 +0.03690291 +0.54319307 
-0.27691411 -0.19147006 +0.94162508 
+0.06217089 +0.31780481 +0.94611568 
+0.83568828 +0.54838587 +0.02996746 
-0.21344477 +0.12797587 +0.96853679 
-0.74414328 +0.51471561 +0.42581524 
-0.80116935 -0.46050815 +0.38217786 
-0.93607389 +0.15341027 +0.31659273 
+0.95212148 +0.26401728 +0.15414135 
+0.12324562 -0.97808966 +0.16778297 
+0.52936915 +0.68731510 +0.49735928 
-0.53531224 +0.49717995 +0.68282713 
-0.13473728 -0.96069348 +0.24272186 
+0.73299702 +0.67593819 +0.07630813 
-0.43520941 +0.81553744 +0.38143342 
-0.59782655 +0.24415907 +0.76353767 
-0.85332230 +0.24812897 +0.45855541 
+0.96725994 -0.05372562 +0.24803583 
-0.01785962 +0.98853720 +0.14991742 
-0.88738891 -0.32723848 +0.32473973 
+0.53836813 +0.12970310 +0.83266852 
-0.63275773 +0.76604606 +0.11309772 
+0.65632359 -0.74070750 +0.14349819 
-0.12455471 -0.86826706 +0.48020667 
-0.08326850 +0.90448960 +0.41828808 
-0.26699542 -0.96288951 +0.03946195 
-0.35379173 +0.67494595 +0.64751785 
+0.18284529 +0.57949476 +0.79419986 
-0.04146621 -0.55597463 +0.83016430 
-0.17610799 +0.88188915 +0.43732996 
+0.45681491 +0.15535496 +0.87589096 
-0.85687894 -0.46101369 +0.23070515 
+0.15559387 +0.30200383 +0.94052338 
+0.80156352 +0.53472924 +0.26750805 
-0.43557963 -0.80870521 +0.39530529 
-0.51117155 -0.82213132 +0.25060676 
+0.88849532 +0.44119972 +0.12616998 
-0.22218797 -0.51409778 +0.82845397 
-0.22123706 +0.60684943 +0.76340548 
-0.12137134 -0.98079386 +0.15268401 
+0.82882430 -0.55668645 +0.05612915 
-0.75520651 -0.54469430 +0.36465223 
+0.61806447 -0.63415604 +0.46458845 
+0.53057736 +0.37112234 +0.76207340 
+0.97521290 +0.20784451 +0.07589774 
-0.74110793 -0.05399853 +0.66921088 
+0.52909367 +0.51311946 +0.67584636 
-0.39441208 +0.52454136 +0.75451672 
-0.70995871 +0.01983485 +0.70396393 
-0.43647798 +0.62748705 +0.64478444 
+0.83649634 -0.21857163 +0.50249410 
-0.49334916 +0.64921081 +0.57890580 
+0.56306310 +0.28429409 +0.77597475 
-0.72054850 +0.10818736 +0.68491267 
+0.87452509 +0.08695325 +0.47712157 
-0.70606507 -0.66067995 +0.25490023 
+0.59960766 -0.38787448 +0.70001717 
-0.33849369 -0.01138403 +0.94089979 
-0.36042935 -0.91609359 +0.17567933 
-0.27645806 +0.05781760 +0.95928519 
+0.61368894 +0.10501317 +0.78253314 
-0.98017883 +0.18466781 +0.07174438 
+0.05298176 +0.69046475 +0.72142315 
-0.26167911 +0.71380724 +0.64961779 
-0.98523534 +0.05030518 +0.16364813 
+0.27576175 -0.04994429 +0.95992761 
+0.16175065 +0.98264028 +0.09085600 
-0.21829337 -0.12281640 +0.96812403 
-0.25291123 +0.96641694 +0.04554339 
+0.88000333 +0.36763616 +0.30072875 
-0.40658505 +0.26131868 +0.87544340 
+0.74917381 +0.27684624 +0.60174311 
-0.57942832 +0.73387185 +0.35453481 
-0.56889516 -0.68303796 +0.45805834 
+0.00715439 +0.54153652 +0.84064678 
-0.94187353 -0.33567576 +0.01400178 
+0.99349997 -0.07382406 +0.08664770 
-0.17778965 -0.82352568 +0.53869870 
+0.48484041 -0.82520304 +0.28977528 
+0.77332574 +0.45790202 +0.43851231 
+0.18157320 +0.44014744 +0.87937557 
-0.65833418 +0.49653473 +0.56572906 
-0.34601098 -0.77690496 +0.52601815 
-0.18471287 -0.21243578 +0.95955833 
-0.58439706 -0.19449947 +0.78781345 
+0.48491041 -0.34022217 +0.80567411 
-0.36420636 -0.89152151 +0.26933829 
+0.60722985 +0.48462894 +0.62960837 
-0.06292974 +0.59435259 +0.80173864 
+0.50006208 -0.72727494 +0.47011603 
-0.28394739 +0.93202523 +0.22517292 
+0.34081827 +0.86951344 +0.35747628 
+0.15619056 +0.05686084 +0.98608892 
+0.30218839 -0.13646625 +0.94342946 
+0.89642387 -0.27066903 +0.35094518 
+0.04707112 +0.84413946 +0.53405325 
-0.91815418 +0.24729111 +0.30958038 
-0.44474487 +0.10234616 +0.88979057 
-0.80969618 -0.50488423 +0.29913878 
+0.53085990 -0.84037407 +0.10935804 
-0.43444145 +0.85004969 +0.29778540 
-0.10068524 -0.61420517 +0.78269693 
-0.95894336 +0.27631595 +0.06385242 
+0.92850414 +0.18663311 +0.32101113 
-0.02985270 +0.09101251 +0.99540220 
+0.71905601 -0.48043270 +0.50213831 
-0.64439876 -0.69655805 +0.31552675 
-0.32671528 -0.72708653 +0.60382307 
+0.21212969 -0.96734843 +0.13870116 
-0.94477793 +0.05790603 +0.32255473 
-0.57272786 +0.80071119 +0.17562572 
+0.81840501 -0.37362528 +0.43659750 
+0.32415912 +0.49431513 +0.80658131 
-0.55225528 +0.41573351 +0.72262006 
-0.79324226 +0.60870481 +0.01565799 
+0.18890714 +0.92280186 +0.33578388 
-0.40815490 +0.91278705 +0.01514497 
-0.41722509 +0.69976586 +0.57987151 
-0.65588413 +0.26899561 +0.70530658 
-0.00090984 +0.99832561 +0.05783724 
+0.07082716 -0.93387615 +0.35051227 
-0.53393197 +0.21786028 +0.81697831 
-0.35769999 -0.54064995 +0.76141207 
-0.64075178 +0.73958466 +0.20603805 
-0.96377840 -0.08880202 +0.25148638 
+0.07118992 -0.42660927 +0.90162993 
-0.48306117 -0.05711441 +0.87372184 
-0.85479228 -0.51624711 +0.05309496 
-0.92623785 -0.27869863 +0.25379226 
+0.18420008 -0.03216246 +0.98236241 
+0.70818188 +0.22522331 +0.66914340 
+0.77980241 -0.24772548 +0.57492634 
-0.99827668 -0.05860402 +0.00303866 
+0.92240900 -0.18248027 +0.34038593 
+0.60673864 +0.65357829 +0.45244187 
-0.70273939 +0.63429280 +0.32222663 
-0.15399725 +0.56399707 +0.81129042 
+0.88849496 +0.23674831 +0.39309914 
+0.74210940 -0.33541920 +0.58031681 
-0.43051938 -0.89466807 +0.11925649 
-0.92989411 +0.28967066 +0.22668890 
-0.97783463 -0.18853364 +0.09107419 
-0.25477473 -0.63979387 +0.72508871 
+0.66408338 +0.16113397 +0.73008842 
+0.81005100 +0.23493081 +0.53723821 
-0.81401891 -0.54136391 +0.21047166 
+0.83060292 +0.41422171 +0.37218163 
+0.03279849 +0.16410306 +0.98589779 
+0.36190845 +0.89357255 +0.26561321 
-0.75594982 -0.64657836 +0.10235372 
-0.91186862 +0.10775302 +0.39608699 
-0.63950404 -0.75701458 +0.13402798 
+0.43499030 -0.77969423 +0.45040020 
-0.61118822 -0.10225937 +0.78485157 
-0.85999944 +0.46709058 +0.20549298 
-0.69632061 -0.71405062 +0.07259012 
-0.03575375 +0.96979686 +0.24127932 
-0.57986969 -0.76320548 +0.28507638 
-0.95192456 +0.19704539 +0.23454794 
+0.27332240 +0.75067797 +0.60147939 
-0.38321625 +0.76030957 +0.52447561 
+0.11900865 +0.38764568 +0.91409396 
+0.03251242 +0.95157596 +0.30568961 
-0.72234019 -0.14833272 +0.67544212 
-0.30914908 -0.48606215 +0.81741692 
+0.61827055 +0.78399892 +0.05556269 
+0.44855330 +0.39406706 +0.80219143 
+0.98132254 -0.16817930 +0.09339059 
-0.26943188 +0.95336161 +0.13604452 
+0.36227250 +0.55761648 +0.74687515 
-0.00759706 -0.62926836 +0.77715096 
+0.72858937 -0.03429718 +0.68409154 
-0.28630441 -0.92980589 +0.23128078 
-0.66833830 -0.32871167 +0.66728747 
+0.90523752 -0.32440931 +0.27441508 
+0.47109736 -0.49131641 +0.73258137 
+0.80092146 +0.57273200 +0.17465074 
-0.70417712 +0.67047962 +0.23364857 
+0.50876373 -0.83711289 +0.20100119 
-0.00049417 -0.25208801 +0.96770419 
+0.12018586 -0.10517420 +0.98716450 
+0.63809980 -0.14111723 +0.75691120 
-0.62845113 +0.62219225 +0.46682543 
+0.45527405 -0.80910136 +0.37159188 
+0.35994661 -0.63776208 +0.68095372 
+0.08691127 -0.81167322 +0.57760975 
+0.21043333 -0.70631680 +0.67589525 
-0.47297990 +0.47150786 +0.74429185 
+0.11845718 -0.70390339 +0.70034842 
-0.13203561 -0.53628587 +0.83364505 
+0.37157322 +0.17453585 +0.91185008 
+0.62879833 +0.01413823 +0.77743988 
+0.57772550 -0.53121017 +0.61971688 
+0.24548832 +0.69886591 +0.67180497 
-0.49677295 -0.86566751 +0.06193868 
-0.55759022 +0.64566924 +0.52173210 
-0.02158064 -0.92695383 +0.37455424 
-0.47871305 -0.65197020 +0.58802098 
-0.40596454 +0.44111315 +0.80038240 
+0.55976864 -0.78364769 +0.26936102 
+0.35024395 -0.43787269 +0.82800766 
+0.41474324 -0.73987998 +0.52968449 
-0.45345262 -0.59624258 +0.66247679 
+0.34205882 +0.26171764 +0.90249634 
+0.21126136 -0.12084007 +0.96993109 
+0.47238035 -0.67980309 +0.56100318 
-0.11289856 +0.85950010 +0.49851128 
-0.98836614 -0.15197492 +0.00599994 
-0.83784980 +0.01865092 +0.54558212 
+0.07513235 +0.47250899 +0.87811752 
+0.02309855 -0.85360346 +0.52041098 
+0.79190265 -0.00680320 +0.61060946 
-0.23644436 +0.77900870 +0.58072326 
-0.87900716 -0.03278679 +0.47567997 
-0.19713141 +0.68019062 +0.70603111 
+0.70822332 +0.49786224 +0.50055261 
+0.75314792 +0.60946430 +0.24763172 
+0.47899522 +0.59332940 +0.64693416 
-0.23659747 +0.89685749 +0.37372220 
+0.05571612 -0.99329873 +0.10125885 
-0.85004574 -0.22752194 +0.47503264 
+0.74347592 -0.52747152 +0.41111721 
-0.12450108 +0.95606144 +0.26541665 
-0.69524400 +0.59262305 +0.40673542 
+0.96057059 +0.13375917 +0.24374704 
-0.86966167 -0.13129915 +0.47586669 
-0.74174155 +0.33837351 +0.57907067 
+0.14312642 +0.97242578 +0.18412747 
-0.55925690 -0.82898601 +0.00373067 
+0.65066017 -0.50487414 +0.56722434 
+0.05770948 -0.17908494 +0.98213960 
-0.70107860 -0.38971748 +0.59716755 
-0.66082300 +0.17520704 +0.72980508 
+0.59474713 +0.79111047 +0.14289884 
-0.83552642 -0.07954181 +0.54366231 
+0.85360199 -0.29040854 +0.43246563 
-0.97685294 +0.14484671 +0.15740957 
-0.48102414 +0.29070732 +0.82710642 
+0.11351293 +0.80320723 +0.58478453 
+0.60023160 -0.58566215 +0.54472183 
-0.93004749 -0.32333905 +0.17453803 
-0.62906788 -0.26309201 +0.73147536 
+0.30970597 +0.34635191 +0.88550695 
+0.80344462 -0.30879093 +0.50904312 
+0.44580896 -0.62644618 +0.63938999 
-0.94400874 -0.03816488 +0.32770558 
+0.67128677 -0.55443428 +0.49191128 
-0.49365487 -0.70394465 +0.51065330 
+0.84825030 +0.49013964 +0.20058557 
+0.36412071 -0.28696840 +0.88603908 
+0.97477059 -0.22270787 +0.01494965 
-0.05733788 +0.94173379 +0.33143602 
-0.30948304 -0.10184558 +0.94543520 
+0.55977594 +0.03587872 +0.82786691 
-0.91576469 +0.01279954 +0.40151114 
-0.80095813 -0.59781840 +0.03285175 
-0.14683249 +0.92360706 +0.35410480 
-0.62754308 -0.60966723 +0.48424741 
+0.21958893 +0.12730083 +0.96725136 
-0.80409641 +0.47522513 +0.35719748 
+0.56803719 -0.17076103 +0.80509280 
-0.43732271 -0.87342568 +0.21418782 
-0.19532959 -0.97606240 +0.09564799 
+0.99150283 -0.12986949 +0.00748625 
+0.04985222 -0.89849239 +0.43614926 
+0.79185809 +0.09260506 +0.60364316 
+0.57453896 +0.78215299 +0.24112587 
+0.39951526 -0.17904214 +0.89907256 
+0.63664540 +0.53397601 +0.55637420 
+0.77808680 -0.62336057 +0.07747597 
+0.39467537 +0.61587538 +0.68185693 
+0.67775880 -0.67665770 +0.28771056 
+0.14576156 +0.51236258 +0.84630854 
+0.90296338 -0.38214422 +0.19652719 
-0.46183109 +0.55390169 +0.69275174 
+0.41698078 -0.56792101 +0.70964270 
-0.33328401 -0.25804359 +0.90682703 
+0.44724250 +0.53785630 +0.71462210 
-0.85681070 +0.50143181 +0.12017306 
-0.67735510 +0.54819831 +0.49057994 
+0.88148213 +0.47093921 +0.03472050 
-0.01782138 +0.46605327 +0.88457716 
+0.27067713 -0.64437985 +0.71519822 
+0.69946433 -0.42350044 +0.57567093 
+0.29812464 +0.93146325 +0.20856151 
+0.60870416 +0.34328675 +0.71528558 
-0.43590698 +0.87721780 +0.20118159 
+0.33865749 -0.90440144 +0.25955565 
+0.74913096 +0.41375446 +0.51731039 
+0.96236903 -0.20461442 +0.17882613 
+0.09504050 +0.23281112 +0.96786687 
-0.00010556 +0.25310667 +0.96743837 
-0.57798817 +0.77118719 +0.26683325 
+0.87616260 -0.02051166 +0.48157904 
-0.92569456 -0.36662371 +0.09314848 
-0.89487695 -0.37341506 +0.24445131 
-0.18520761 -0.76905243 +0.61176507 
-0.85583037 +0.42897914 +0.28901777 

