+0.58557220 -0.40730383 +0.70086289 
+0.60925146 -0.32569099 +0.72300625 
+0.82808670 +0.55820591 +0.05175504 
-0.43779234 -0.07066553 +0.89629473 
-0.86115176 +0.50709301 +0.03569775 
+0.31191184 +0.26198197 +0.91327786 
-0.35000629 -0.89829701 +0.26562771 
+0.78120405 -0.28804461 +0.55385064 
-0.03791307 +0.08895584 +0.99531375 
-0.86707411 -0.34798753 +0.35649286 
+0.03020288 -0.72271661 +0.69048424 
+0.54228875 +0.82909544 +0.13610169 
+0.82662399 -0.48325598 +0.28836858 
+0.93344954 -0.30617673 +0.18688975 
+0.53313186 +0.03284093 +0.84539452 
-0.77860788 -0.15152558 +0.60894152 
-0.52250776 +0.85258410 +0.00927363 
-0.18172390 +0.69930702 +0.69133647 
+0.74924942 +0.27786954 +0.60117703 
+0.98729887 +0.11850593 +0.10581722 
+0.17408807 +0.15161074 +0.97298896 
-0.49188557 +0.32569594 +0.80744705 
-0.91091038 -0.21463057 +0.35238615 
-0.98025795 -0.00117184 +0.19771943 
-0.22216308 -0.81093464 +0.54132115 
+0.85955099 -0.40414544 +0.31279156 
-0.07769608 +0.25633661 +0.96345984 
+0.08845830 +0.95280330 +0.29041521 
-0.03942283 -0.93230097 +0.35952851 
+0.32305789 +0.17636444 +0.92980061 
+0.22952132 -0.80062267 +0.55346481 
-0.84478787 -0.17579636 +0.50539994 
+0.90782094 -0.41261241 +0.07491418 
+0.10141445 +0.79514601 +0.59787786 
+0.61065697 +0.78525139 +0.10236370 
-0.36552806 -0.74591770 +0.55677287 
-0.83215580 -0.54025691 +0.12505680 
-0.15463850 -0.72323149 +0.67306994 
-0.50769280 +0.82020449 +0.26365246 
-0.81120765 +0.33755393 +0.47749293 
-0.90156247 +0.43244341 +0.01333488 
+0.60264697 -0.67108445 +0.43181279 
-0.24911694 +0.29262919 +0.92320578 
+0.75765558 +0.19278248 +0.62353263 
-0.38028098 +0.53024417 +0.75777800 
-0.29307814 +0.92484956 +0.24240153 
+0.45415796 +0.85381731 +0.25443379 
+0.48011507 -0.52587883 +0.70209756 
+0.70127394 +0.24444271 +0.66967352 
-0.41346178 +0.31773977 +0.85328236 
+0.41756207 -0.67329055 +0.61018173 
-0.47188005 +0.24917963 +0.84571788 
-0.27641615 -0.10319419 +0.95548159 
+0.08787971 +0.56425222 +0.82091205 
+0.64863392 +0.65259656 +0.39165261 
-0.41671027 +0.77009340 +0.48302039 
+0.19582870 +0.46003388 +0.86603692 
+0.03580744 +0.05449823 +0.99787162 
-0.18423505 +0.35602390 +0.91613560 
-0.98695200 +0.07031438 +0.14485037 
+0.27088377 -0.91671412 +0.29369576 
-0.52602175 +0.17922373 +0.83137234 
+0.19234255 -0.28795417 +0.93812938 
-0.46437785 -0.62186756 +0.63058223 
-0.68106647 -0.73189856 +0.02174773 
+0.83313246 -0.54067468 +0.11645256 
+0.33110556 +0.08890198 +0.93939638 
-0.80546932 +0.47291414 +0.35717136 
-0.29078556 +0.89804194 +0.33009760 
-0.11888445 -0.67121282 +0.73166921 
-0.87086099 +0.11602096 +0.47764032 
+0.87976750 -0.19769876 +0.43234748 
+0.30562614 +0.61509605 +0.72680776 
+0.54073142 +0.50482567 +0.67287486 
-0.38904785 -0.38388153 +0.83742268 
+0.45349003 -0.70613164 +0.54380594 
-0.66988578 -0.68348574 +0.29000048 
+0.77625934 -0.52615571 +0.34724861 
+0.45584278 +0.26305324 +0.85030015 
-0.52816478 +0.53638620 +0.65827943 
-0.02669883 -0.99951889 +0.01578511 
+0.16949680 -0.36949484 +0.91364347 
-0.13254137 -0.55003331 +0.82455815 
+0.24250328 +0.57562249 +0.78092952 
-0.19007753 -0.97693928 +0.09726340 
-0.51283792 -0.42202498 +0.74759092 
-0.44750739 +0.17015144 +0.87794397 
-0.96437241 -0.26453661 +0.00249741 
+0.50050849 -0.23584665 +0.83298716 
+0.44324214 +0.61761856 +0.64967971 
-0.97729156 +0.20979757 +0.02976878 
+0.52748531 +0.21636268 +0.82155124 
-0.99925430 -0.03068620 +0.02343518 
-0.12232580 -0.41570280 +0.90123670 
+0.41633935 -0.86255085 +0.28751971 
+0.93367024 +0.09580199 +0.34508239 
+0.58582305 +0.25679569 +0.76867895 
-0.35879978 -0.08718416 +0.92933398 
-0.56324607 -0.11881617 +0.81770201 
-0.59560596 +0.60243586 +0.53134224 
+0.67043817 -0.48534449 +0.56120708 
-0.64748426 -0.06383468 +0.75940060 
-0.71061403 +0.10897459 +0.69509153 
+0.84686648 +0.49536494 +0.19347024 
-0.63674980 +0.33612659 +0.69395144 
-0.51990052 -0.70948022 +0.47575336 
+0.12497813 -0.98603159 +0.11010071 
-0.94139898 +0.30619468 +0.14146653 
+0.75989316 -0.37010532 +0.53440100 
-0.65162752 -0.22676118 +0.72385146 
+0.17860461 -0.84757211 +0.49972184 
-0.56452006 +0.81291980 +0.14310311 
-0.31364313 +0.59108485 +0.74313302 
-0.74784515 +0.26715541 +0.60774634 
-0.43128095 +0.39333850 +0.81196156 
+0.19771239 +0.70781823 +0.67816161 
+0.15496966 +0.60588239 +0.78031464 
+0.03791089 -0.91139151 +0.40979054 
-0.74766618 -0.25196288 +0.61441841 
-0.42284424 -0.89571068 +0.13749594 
+0.21160316 -0.20322001 +0.95599463 
-0.28489588 +0.95617845 +0.06750633 
+0.54005961 -0.72761833 +0.42297421 
-0.11523320 +0.74535333 +0.65663515 
-0.09754378 +0.33694288 +0.93645860 
-0.45869947 -0.22262216 +0.86025239 
+0.85583716 +0.01430613 +0.51704747 
+0.85335110 -0.07351512 +0.51612733 
-0.05765284 +0.83821271 +0.54228738 
-0.81047436 -0.50394139 +0.29862081 
-0.11694135 +0.41507051 +0.90224231 
+0.24161521 -0.62659067 +0.74094954 
-0.25976410 +0.71156822 +0.65283480 
-0.75969419 +0.64560949 +0.07780185 
+0.73284379 +0.67961856 +0.03253593 
+0.50281565 +0.38858960 +0.77212340 
+0.86311338 +0.49396009 +0.10506534 
+0.78871282 -0.58800361 +0.17939855 
+0.34674799 +0.46843436 +0.81261004 
+0.61467345 +0.71297109 +0.33741484 
-0.12111015 +0.10750868 +0.98679999 
+0.66782241 -0.74294663 +0.04520546 
+0.55021015 -0.83078732 +0.08403102 
-0.64028639 +0.72414829 +0.25620812 
+0.11232403 +0.73563111 +0.66800463 
-0.02547139 -0.67140966 +0.74064855 
-0.00791399 -0.48559120 +0.87415019 
+0.04301390 -0.81586828 +0.57663572 
+0.01711329 +0.98672647 +0.16148684 
+0.61927976 +0.78505400 +0.01352031 
-0.55971146 -0.80019406 +0.21543571 
+0.99289778 -0.02221877 +0.11687736 
-0.03713017 -0.96030891 +0.27645642 
-0.91021064 -0.41375070 +0.01808151 
+0.12817037 -0.22987448 +0.96474353 
-0.78303952 -0.59526097 +0.18031495 
-0.58211631 +0.81090444 +0.05978792 
-0.14341308 +0.19302242 +0.97065701 
-0.73585812 -0.66112378 +0.14638364 
+0.09406198 -0.84857824 +0.52064125 
-0.54853072 +0.25671200 +0.79574682 
+0.33345696 +0.93961564 +0.07699935 
-0.85020465 +0.04366585 +0.52463830 
+0.75938235 -0.48898780 +0.42921950 
+0.46604855 +0.54557446 +0.69652513 
+0.87129004 +0.42613022 +0.24344755 
+0.83330025 -0.51418528 +0.20303740 
-0.65556253 -0.65368414 +0.37806721 
+0.68033555 +0.66721865 +0.30325371 
+0.45224058 -0.60467173 +0.65562989 
+0.44277117 +0.34840330 +0.82617724 
+0.09358525 +0.97417288 +0.20549695 
+0.72246852 +0.68045740 +0.12254372 
-0.24722499 +0.64767331 +0.72069348 
-0.54041655 -0.60061838 +0.58924317 
-0.52002246 +0.46972217 +0.71339872 
+0.83139716 +0.32599868 +0.45000403 
+0.01110430 -0.61165941 +0.79104328 
-0.97712845 -0.17061732 +0.12692407 
+0.31194493 +0.91618177 +0.25159756 
+0.65090420 -0.06581577 +0.75630153 
+0.29279189 -0.67145675 +0.68074867 
-0.82280755 -0.02988867 +0.56753361 
-0.72200214 -0.33810425 +0.60365422 
-0.74507448 +0.02966032 +0.66632146 
-0.82383328 -0.39270318 +0.40875780 
+0.23781294 -0.42158140 +0.87505093 
+0.28189537 +0.68197654 +0.67486517 
-0.32382118 +0.65741807 +0.68039792 
-0.36740367 +0.92419496 +0.10429867 
+0.77522394 -0.63164124 +0.00756245 
-0.18521173 -0.98263359 +0.01130639 
+0.01248685 -0.02434064 +0.99962574 
-0.58302745 -0.25518095 +0.77133759 
+0.55641603 -0.81280453 +0.17248191 
-0.10159249 +0.68191123 +0.72434525 
+0.18807228 -0.88832189 +0.41894277 
+0.02005644 +0.51854423 +0.85481555 
+0.25481357 +0.83497936 +0.48772893 
+0.04630841 -0.54526616 +0.83698289 
+0.63119388 -0.44629699 +0.63436053 
-0.82434871 -0.52477399 +0.21227688 
+0.05822904 -0.17454064 +0.98292672 
-0.90483972 -0.28790747 +0.31364689 
+0.49769697 -0.64197158 +0.58324113 
-0.60689556 -0.71734652 +0.34218672 
-0.84274546 -0.42807089 +0.32639762 
+0.00004506 +0.59067529 +0.80690935 
-0.26037644 -0.60162333 +0.75515129 
-0.64868960 +0.40724052 +0.64292842 
-0.78769531 -0.60920330 +0.09169210 
+0.27723441 -0.25798270 +0.92551932 
+0.12789512 +0.41330313 +0.90156717 
-0.94073867 -0.33477607 +0.05418249 
-0.65586802 +0.47509250 +0.58662105 
+0.87993735 +0.24167185 +0.40902932 
-0.94434711 +0.09710712 +0.31429086 
+0.15672545 +0.89885060 +0.40927342 
+0.93757901 -0.33359912 +0.09827114 
-0.17742684 -0.48050450 +0.85885688 
-0.20429450 +0.12495760 +0.97090131 
+0.11660406 -0.92197963 +0.36926556 
+0.86283446 -0.28460099 +0.41775468 
+0.76111275 +0.46465028 +0.45255663 
+0.64216368 -0.15486627 +0.75076111 
-0.20424650 +0.81462384 +0.54283641 
+0.62121402 -0.75921147 +0.19414193 
+0.32264173 -0.59731194 +0.73424844 
-0.33462749 -0.83669492 +0.43355052 
-0.80295359 +0.26683670 +0.53297628 
-0.75976550 +0.33895921 +0.55485407 
+0.12133814 -0.71243295 +0.69117027 
+0.62754298 +0.37971743 +0.67970912 
-0.51342686 -0.05373394 +0.85644937 
+0.19651361 +0.81153354 +0.55026877 
-0.48801961 -0.87282579 +0.00346338 
-0.49469157 -0.66793804 +0.55600272 
-0.82615746 -0.10966571 +0.55266381 
-0.18990385 -0.76927494 +0.61004311 
-0.14353328 +0.95822807 +0.24738062 
-0.26683160 -0.96229210 +0.05286595 
-0.10110211 -0.13453795 +0.98573724 
+0.95034201 -0.08860900 +0.29832619 
-0.29318579 +0.94362952 +0.15364056 
+0.51686851 +0.30422325 +0.80018445 
+0.25525798 -0.84715276 +0.46602100 
+0.98204711 -0.08341532 +0.16919031 
-0.53942369 -0.74565061 +0.39118699 
-0.38317735 -0.64011766 +0.66590127 
-0.87047247 -0.46647627 +0.15709095 
-0.31060371 +0.22596844 +0.92328955 
+0.64930659 +0.20686853 +0.73185132 
-0.42161641 -0.85279156 +0.30819824 
+0.88914757 +0.35317648 +0.29100341 
+0.16551559 +0.92885347 +0.33141488 
+0.97971856 -0.19199672 +0.05734808 
-0.48730024 -0.13894463 +0.86210955 
-0.30171465 +0.52103529 +0.79843002 
+0.17032717 +0.95310383 +0.25016343 
-0.20933449 -0.66529041 +0.71663641 
-0.13370860 +0.98849945 +0.07064593 
-0.04398206 -0.55353095 +0.83166644 
+0.73911246 +0.53707314 +0.40652825 
-0.01911784 -0.41382127 +0.91015739 
-0.85497287 +0.33410255 +0.39673275 
+0.40984184 -0.83292842 +0.37183317 
-0.33509527 +0.71896133 +0.60893823 
-0.92164260 +0.17895543 +0.34431073 
-0.94991216 +0.23810057 +0.20242284 
-0.22074862 -0.54339388 +0.80993404 
+0.40838563 +0.50852836 +0.75803700 
+0.22066375 +0.64399768 +0.73251246 
-0.27929288 -0.75987176 +0.58701823 
+0.36050575 -0.22452268 +0.90533153 
+0.89117434 +0.42581694 +0.15648716 
-0.44543624 +0.46590310 +0.76453964 
+0.90409950 +0.42171391 +0.06900343 
-0.06301795 -0.72510801 +0.68574566 
+0.86177429 +0.17034824 +0.47783528 
+0.61061854 +0.63268433 +0.47629354 
-0.13984470 +0.89595755 +0.42154897 
+0.34239993 +0.80437099 +0.48554053 
-0.43702576 +0.88807129 +0.14261092 
+0.55903637 +0.42612733 +0.71126214 
-0.13892264 +0.97730899 +0.15989884 
+0.53549201 -0.36533875 +0.76143018 
-0.40875451 -0.15645085 +0.89913452 
-0.68272237 -0.72218644 +0.11107160 
-0.64604498 +0.11119434 +0.75515674 
+0.67028666 -0.63854166 +0.37812741 
-0.61146270 -0.57534361 +0.54322473 
-0.88481302 +0.18756080 +0.42652885 
-0.42984726 -0.57201159 +0.69859436 
+0.41267545 +0.91022002 +0.03461918 
-0.46745530 +0.66210890 +0.58574512 
+0.10151604 -0.59901244 +0.79427866 
-0.73717805 +0.65592221 +0.16227935 
-0.82218133 +0.11926726 +0.55659068 
+0.15549758 -0.64860190 +0.74507455 
+0.70047603 -0.52583104 +0.48252985 
+0.04016270 -0.94477880 +0.32523833 
+0.17901324 +0.98095291 +0.07540325 
-0.27004845 +0.76964992 +0.57854371 
-0.85114999 +0.26390826 +0.45375779 
-0.28657706 +0.86372845 +0.41454403 
-0.85173963 +0.40171299 +0.33640197 
+0.39116347 +0.22042191 +0.89353530 
+0.82432025 +0.49079545 +0.28216299 
-0.33301340 -0.70286902 +0.62855168 
-0.56099232 -0.81795532 +0.12742334 
+0.40166733 -0.35721432 +0.84324450 
+0.34590234 -0.92424842 +0.16160576 
+0.58658910 -0.10766670 +0.80269615 
+0.16243285 -0.05469375 +0.98520260 
+0.89998531 -0.35654028 +0.25080964 
-0.16427991 +0.27587254 +0.94705145 
-0.59005510 -0.68414903 +0.42868996 
+0.46928981 +0.86670861 +0.16906586 
-0.90828354 +0.38432157 +0.16528140 
+0.78504611 -0.61234765 +0.09345033 
+0.48584592 +0.46914673 +0.73746531 
+0.63592441 -0.55955657 +0.53150409 
+0.60050916 -0.52228243 +0.60548312 
-0.49270369 -0.86550186 +0.09027513 
+0.79063620 +0.30847184 +0.52890408 
+0.10333616 +0.00334802 +0.99464085 
-0.67231812 +0.71765110 +0.18156331 
-0.14455590 -0.04720583 +0.98836997 
+0.21526607 -0.50134388 +0.83804226 
+0.32143189 -0.80678062 +0.49576867 
+0.81138770 -0.03093346 +0.58368923 
-0.92521979 +0.37129680 +0.07814746 
-0.89369760 +0.03471955 +0.44732444 
+0.29829950 +0.34567374 +0.88967807 
+0.05954499 +0.36400881 +0.92949017 
-0.49236312 -0.82947812 +0.26371313 
-0.61940932 +0.03181676 +0.78442322 
+0.64034049 +0.29510155 +0.70913971 
+0.62818391 -0.24157110 +0.73961367 
-0.62098650 +0.26152936 +0.73890335 
+0.25277038 +0.95994111 +0.12091404 
+0.13179970 -0.52579010 +0.84034137 
+0.70974076 -0.02442721 +0.70403932 
+0.17284226 +0.97141865 +0.16270020 
+0.17709488 +0.04813769 +0.98301585 
+0.11910214 -0.95088133 +0.28572605 
+0.41692835 -0.90162481 +0.11508022 
+0.71128333 +0.06620216 +0.69978089 
+0.81458093 -0.32934745 +0.47748107 
-0.49120066 +0.75443725 +0.43536921 
-0.26897963 +0.37176812 +0.88850347 
-0.39203304 +0.23927018 +0.88829042 
+0.73335754 -0.44934761 +0.51017002 
-0.71687361 +0.69705103 +0.01456355 
+0.70439148 -0.11335937 +0.70070129 
+0.99074407 -0.10744301 +0.08295900 
-0.25647057 -0.33374553 +0.90710350 
+0.91222180 +0.35396862 +0.20629496 
-0.98214019 -0.18414121 +0.03863493 
-0.71061345 +0.40854615 +0.57281634 
-0.60022845 +0.18558937 +0.77799897 
-0.96432395 -0.15569925 +0.21409591 
+0.59602093 +0.07508684 +0.79945045 
-0.43314097 -0.44333250 +0.78475804 
-0.58718344 -0.04150774 +0.80838896 
+0.41551414 +0.68558678 +0.59776147 
-0.33224665 +0.30680023 +0.89190010 
-0.49826025 +0.10031803 +0.86120440 
+0.02161925 +0.99710582 +0.07288757 
+0.15490332 -0.44758350 +0.88072355 
-0.73083792 +0.19132382 +0.65518786 
+0.88490412 -0.32240576 +0.33615356 
-0.46843887 +0.01675361 +0.88333705 
-0.40828358 +0.72063365 +0.56034959 
-0.58752917 -0.39776621 +0.70469250 
-0.63592362 -0.61747954 +0.46294726 
-0.03807794 -0.89780368 +0.43874666 
-0.58080036 +0.40410290 +0.70666243 
+0.46541286 +0.17459725 +0.86770195 
-0.79223472 +0.53551946 +0.29254583 
+0.17647162 -0.75538584 +0.63107053 
+0.00898439 +0.90760978 +0.41971869 
+0.87048342 -0.43678860 +0.22687956 
-0.16779242 +0.63312063 +0.75564805 
+0.65763260 -0.60035697 +0.45507238 
-0.86777988 -0.03909757 +0.49540838 
+0.84655629 -0.16009399 +0.50765378 
+0.92539961 +0.27824121 +0.25732739 
+0.26517712 -0.88597527 +0.38043254 
+0.25635472 -0.34123674 +0.90434493 
+0.72165496 +0.44141109 +0.53326389 
+0.17752501 +0.86012107 +0.47820143 
+0.79017009 -0.41055415 +0.45505661 
+0.10831467 +0.49067320 +0.86458530 
+0.40379994 -0.56456792 +0.71986712 
+0.25508112 +0.74505525 +0.61630049 
+0.52765550 +0.81947558 +0.22369498 
-0.50223598 +0.84470282 +0.18503016 
-0.13557174 +0.49045646 +0.86085583 
+0.94502232 +0.27867421 +0.17109503 
+0.29562013 -0.17309427 +0.93949301 
-0.21868392 +0.95479714 +0.20134490 
+0.27078073 -0.55135713 +0.78910273 
-0.34670457 -0.58880225 +0.73014235 
-0.49948074 +0.79179308 +0.35154332 
-0.08117517 +0.02023370 +0.99649445 
+0.95995015 -0.25238847 +0.12163788 
-0.00926803 +0.31229251 +0.94994078 
-0.58281745 -0.52812089 +0.61758574 
-0.35150224 +0.38425713 +0.85369352 
+0.90747200 -0.38707700 +0.16329715 
-0.02889780 +0.39207418 +0.91947961 
-0.81224535 -0.34234608 +0.47228873 
+0.97994893 +0.19247065 +0.05152805 
+0.59695321 +0.77911577 +0.19137784 
-0.94101382 -0.05936150 +0.33312040 
+0.79685934 +0.55831276 +0.23087237 
+0.30461998 -0.76675351 +0.56506258 
+0.27411994 -0.95469479 +0.11582799 
+0.87076324 -0.48895344 +0.05192217 
+0.73715439 -0.65754210 +0.15569776 
-0.47322338 -0.49908747 +0.72592791 
-0.95457180 -0.23922381 +0.17766439 
-0.76770962 +0.11688985 +0.63004659 
-0.03127289 -0.99409630 +0.10389680 
-0.11481375 -0.96594675 +0.23187213 
+0.87235214 +0.48858672 +0.01687460 
+0.39205257 -0.05115361 +0.91851951 
+0.41812172 -0.90805425 +0.02473261 
+0.73620820 +0.36256868 +0.57143804 
+0.24107035 -0.03259671 +0.96996007 
-0.92042060 +0.31771084 +0.22778441 
-0.46240488 +0.60083821 +0.65205458 
-0.61792240 -0.74427292 +0.25343585 
-0.97220444 +0.15535194 +0.17516933 
+0.84085158 -0.36801741 +0.39690278 
-0.22776403 +0.21029325 +0.95073671 
-0.98288024 -0.08598436 +0.16295131 
+0.53303350 +0.12529300 +0.83676577 
+0.52772204 -0.05908456 +0.84735970 
+0.99679442 +0.04443733 +0.06652972 
+0.01436672 -0.86647957 +0.49900576 
+0.57504145 +0.76838928 +0.28090077 
+0.96983156 +0.20002592 +0.13934266 
-0.87477256 -0.47936614 +0.07057670 
-0.08069636 -0.86312279 +0.49850491 
-0.84122361 +0.46664376 +0.27310517 
+0.89218242 -0.02005319 +0.45122986 
+0.24544675 +0.92034553 +0.30449959 
+0.14310024 -0.80568799 +0.57479490 
-0.69358732 +0.60523241 +0.39067936 
-0.63145065 +0.76496396 +0.12688664 
-0.62259759 -0.45087455 +0.63959704 
-0.34652983 -0.93315152 +0.09563118 
-0.01922589 +0.65956642 +0.75140036 
+0.61649294 -0.77979839 +0.10886200 
-0.96300506 -0.25380470 +0.09057833 
+0.45981232 +0.71516279 +0.52641696 
+0.63731820 +0.56402953 +0.52506780 
-0.28663413 +0.14158477 +0.94752025 
+0.27850273 -0.96015185 +0.02333808 
-0.15271396 +0.56313132 +0.81213395 
+0.59163112 +0.53631574 +0.60194523 
-0.70568892 +0.54456912 +0.45326331 
+0.28163853 +0.42612492 +0.85970768 
-0.91443466 -0.13059984 +0.38308345 
+0.76299159 +0.01612095 +0.64620736 
+0.93490481 -0.35476423 +0.00976465 
-0.67502965 -0.13639985 +0.72507245 
+0.96578936 +0.05696730 +0.25299337 
+0.14300889 -0.14313121 +0.97931706 
-0.50603666 -0.28406299 +0.81439248 
-0.34807751 -0.87011511 +0.34891508 
+0.47697084 -0.78458312 +0.39614157 
-0.81382319 +0.57829697 +0.05713509 
+0.68206967 -0.69861593 +0.21614059 
+0.27240735 -0.93986253 +0.20604043 
+0.34064939 -0.30891598 +0.88799150 
+0.26288025 +0.50288635 +0.82340712 
+0.42688157 +0.43039462 +0.79531918 
-0.96564015 -0.07268722 +0.24951084 
+0.08717357 +0.88505453 +0.45725185 
+0.48886965 -0.84083994 +0.23236750 
-0.94271179 -0.14378954 +0.30102999 
-0.27324514 -0.91210570 +0.30561461 
-0.44518762 -0.72986815 +0.51874894 
+0.01727960 +0.86515903 +0.50119982 
-0.28678384 +0.44783454 +0.84687617 
+0.37779263 +0.74978229 +0.54323038 
-0.27224666 -0.88120270 +0.38647582 
-0.19345610 -0.91836782 +0.34521772 
-0.03476432 -0.98097849 +0.19097811 
-0.39069952 +0.00052200 +0.92051812 
-0.78813875 +0.19388567 +0.58416235 
+0.93816424 +0.34463582 +0.03277214 
-0.05879041 +0.99144228 +0.11655851 
-0.06373371 +0.97672128 +0.20482567 
+0.44053921 -0.18789526 +0.87784997 
-0.06287818 +0.88382435 +0.46357401 
-0.14312249 +0.93120989 +0.33520754 
-0.50654098 +0.85712087 +0.09359520 
-0.73802730 -0.51138651 +0.44022670 
+0.54992460 -0.76213214 +0.34166877 
-0.69036038 -0.42030528 +0.58885144 
+0.10906466 +0.10040370 +0.98895096 
-0.49429277 -0.85106440 +0.17709897 
+0.61103680 +0.46045387 +0.64390703 
+0.77793780 +0.62228035 +0.08706285 
-0.25694509 +0.05465420 +0.96487934 
+0.08031143 -0.39510054 +0.91512056 
+0.34707874 -0.93513530 +0.07112183 
-0.36760423 +0.45879130 +0.80893613 
-0.42380587 -0.87782862 +0.22317146 
-0.70128407 +0.33865409 +0.62730698 
+0.74113597 +0.61579350 +0.26742446 
+0.04256574 -0.97004679 +0.23915975 
+0.76312505 +0.62144142 +0.17734352 
-0.19399668 +0.75993735 +0.62037126 
-0.95079585 +0.16821215 +0.26017671 
+0.46758679 +0.79028600 +0.39599323 
+0.40363346 +0.90697841 +0.12029213 
-0.77235771 -0.57570424 +0.26838069 
+0.32591021 -0.00144092 +0.94539963 
+0.22743227 -0.11868812 +0.96653385 
+0.81257859 -0.44830551 +0.37247578 
+0.33371159 -0.84531208 +0.41723382 
-0.66944833 +0.18792707 +0.71869490 
-0.13230278 -0.81763455 +0.56033001 
-0.43595032 +0.84237354 +0.31678720 
-0.91137613 +0.10728630 +0.39734519 
+0.01928626 -0.34139383 +0.93972246 
+0.48275091 -0.87376371 +0.05906384 
+0.16279666 +0.24596398 +0.95550979 
-0.35338676 +0.82001458 +0.45021538 
-0.21553597 +0.90095399 +0.37659813 
-0.71339755 +0.47631615 +0.51399111 
-0.65718913 -0.37036008 +0.65645705 
-0.41970026 +0.08706226 +0.90347765 
+0.04955799 -0.99680719 +0.06260542 
-0.06110962 -0.06078284 +0.99627861 
+0.45791208 -0.40338736 +0.79220904 
-0.75281663 +0.54074703 +0.37531291 
-0.56496404 +0.76964825 +0.29741758 
-0.71008871 -0.04402594 +0.70273447 
-0.17182028 -0.61010189 +0.77346847 
-0.33954531 +0.07123607 +0.93788827 
-0.73730281 -0.67315102 +0.05702875 
+0.06658401 -0.66441699 +0.74439011 
-0.16696201 -0.34337943 +0.92423712 
+0.52713853 -0.68530276 +0.50247895 
+0.75325955 -0.15956310 +0.63807497 
-0.36587996 +0.91035838 +0.19333772 
-0.79954683 -0.21678790 +0.56011416 
+0.38142825 +0.82973655 +0.40749202 
-0.89172895 +0.25828703 +0.37162789 
-0.65638340 +0.54099025 +0.52582352 
+0.20814010 -0.69366569 +0.68956915 
+0.81585099 +0.56078810 +0.14108111 
+0.39932524 -0.79608208 +0.45474463 
+0.38493658 -0.75153994 +0.53573458 
+0.43128649 -0.48459034 +0.76102836 
+0.55226383 +0.83226406 +0.04838595 
+0.10314758 +0.99421881 +0.02982506 
+0.65434192 +0.11633213 +0.74719709 
-0.34954568 -0.91924688 +0.18111597 
-0.98593831 +0.14114868 +0.08945783 
-0.06811846 +0.95410120 +0.29163468 
+0.21412115 +0.38143423 +0.89925528 
+0.29765500 -0.47266154 +0.82945317 
+0.01217002 +0.96858453 +0.24838658 
+0.49318039 +0.64908212 +0.57919384 
+0.92421872 -0.06157722 +0.37686603 
-0.59625342 +0.53881288 +0.59511557 
-0.90184605 -0.38806118 +0.18995323 
+0.90286838 +0.15672432 +0.40033259 
-0.36214058 +0.85696319 +0.36669918 
-0.53688015 -0.20139932 +0.81926676 
-0.05415790 +0.99816802 +0.02697282 
+0.55568348 -0.79028858 +0.25818565 
+0.48106027 -0.32059382 +0.81596607 
+0.39175642 +0.89687177 +0.20529963 
-0.81173498 +0.40699830 +0.41885405 
+0.14634898 +0.33201584 +0.93185163 
+0.39989269 +0.13198072 +0.90700988 
+0.88932378 -0.11029889 +0.44377627 
+0.95829859 +0.27296558 +0.08457905 
+0.50966287 -0.44657770 +0.73539929 
+0.57413276 +0.34338426 +0.74327574 
-0.73515282 -0.11521238 +0.66803925 
-0.29402505 -0.25444420 +0.92130745 
-0.82162434 +0.53057276 +0.20838903 
+0.40028596 +0.03981189 +0.91552507 
+0.46642741 -0.74768397 +0.47266707 
-0.56568679 +0.68360444 +0.46117614 
+0.23576840 +0.88965556 +0.39105784 
+0.31046417 -0.08717183 +0.94657967 
+0.37726508 -0.13827085 +0.91572498 
+0.23012428 +0.29932017 +0.92598610 
+0.08203154 +0.92413893 +0.37314618 
+0.84589697 +0.41848271 +0.33065168 
+0.92851859 +0.35148950 +0.11961759 
+0.37150802 -0.63787331 +0.67461058 
+0.10559662 -0.31390905 +0.94356264 
-0.62696351 +0.66601832 +0.40414892 
+0.67428561 +0.73535935 +0.06771665 
+0.42383655 +0.77457670 +0.46946088 
+0.46873345 +0.08278189 +0.87945216 
+0.85272531 +0.09705624 +0.51326371 
+0.12156886 -0.97240538 +0.19912004 
+0.25696586 -0.73568895 +0.62668199 
+0.80378246 +0.22301619 +0.55154106 
-0.55646350 +0.73349761 +0.39029429 
-0.90941771 -0.40253662 +0.10451651 
-0.34115399 -0.93995953 +0.00948823 
+0.74054442 -0.24480901 +0.62582945 
+0.86261006 +0.33920047 +0.37529577 
+0.95168227 +0.20586009 +0.22786503 
+0.04195256 -0.25420823 +0.96623918 
-0.41085211 -0.82214343 +0.39405675 
+0.67750819 +0.58720250 +0.44291746 
+0.83374677 -0.24533428 +0.49464879 
+0.50516001 +0.73536508 +0.45172066 
-0.04180227 -0.82431398 +0.56458749 
-0.75326333 -0.38490460 +0.53333180 
+0.69093324 +0.33028555 +0.64305732 
-0.19373537 -0.88609333 +0.42107627 
+0.69890859 -0.40809905 +0.58735163 
-0.54898208 -0.34091182 +0.76314992 
-0.03510562 +0.72531464 +0.68752183 
+0.99882541 -0.03928708 +0.02836074 
-0.27108337 -0.95254749 +0.13844523 
-0.55025606 -0.47670191 +0.68554618 
+0.48028625 +0.87316920 +0.08307022 
+0.54402689 +0.75363589 +0.36887353 
-0.76519660 +0.40841596 +0.49766511 
-0.73747863 +0.60020816 +0.30963758 
-0.71544963 -0.46835841 +0.51843247 
-0.90904009 -0.04572098 +0.41419283 
+0.04675214 +0.70017916 +0.71243482 
-0.50797914 +0.39926539 +0.76324592 
-0.30383337 -0.39826835 +0.86548692 
+0.90049639 +0.27516467 +0.33673528 
+0.95157966 +0.13620282 +0.27558109 
+0.67863111 -0.67110599 +0.29845699 
+0.77896789 +0.38750466 +0.49300016 
+0.51934644 +0.57901334 +0.62850841 
-0.68712883 +0.26530464 +0.67636337 
-0.99369428 -0.01540621 +0.11105997 
-0.55280022 -0.77595630 +0.30381529 
-0.20737369 -0.26639163 +0.94129254 
-0.58788388 +0.77995914 +0.21460729 
+0.71977631 -0.56528894 +0.40295219 
-0.19316248 -0.96413307 +0.18203207 
-0.04763492 +0.78564417 +0.61684208 
+0.32026191 -0.39123274 +0.86276837 
-0.21144983 +0.86190416 +0.46087979 
-0.09036051 -0.48420966 +0.87027351 
-0.22017042 +0.50768099 +0.83293757 
+0.24490196 +0.94656159 +0.20986707 
+0.02358012 +0.81920889 +0.57301027 
+0.76263984 +0.10610546 +0.63806120 
+0.07675232 -0.08454858 +0.99345892 
+0.81034201 +0.14376927 +0.56804597 
+0.00709044 +0.94264167 +0.33373104 
-0.67740008 -0.54566155 +0.49333823 
+0.30252883 +0.85374980 +0.42377775 
-0.93816239 -0.22358505 +0.26431243 
-0.11241599 -0.98300692 +0.14512076 
-0.00499804 -0.12263942 +0.99243871 
-0.71575106 -0.19815943 +0.66965160 
-0.88846185 +0.44770076 +0.10099294 
+0.59392034 -0.01680540 +0.80434831 
+0.13304794 +0.67269546 +0.72785924 
-0.19056804 -0.11875857 +0.97446407 
+0.46554316 -0.00980821 +0.88497083 
+0.20263866 -0.97691708 +0.06760608 
+0.92185434 +0.02597261 +0.38666522 
-0.21284744 +0.97042076 +0.11392766 
+0.42238816 -0.27362498 +0.86412824 
-0.04447813 -0.19963408 +0.97886053 
+0.34396815 -0.70944055 +0.61512602 
-0.93050970 +0.02552636 +0.36537665 
+0.79675034 -0.20398599 +0.56883971 
+0.73719524 -0.63156886 +0.24013321 
+0.91855502 -0.14758731 +0.36670788 
-0.03699890 -0.27911135 +0.95954569 
-0.24549543 -0.71497502 +0.65463174 
-0.67761349 +0.66022107 +0.32395695 
+0.70808353 +0.15601912 +0.68867681 
+0.19899532 -0.96705548 +0.15875942 
-0.39718201 +0.66241815 +0.63517607 
+0.79541257 +0.48114393 +0.36853678 
-0.61484819 +0.71392308 +0.33507542 
+0.12911590 -0.99143111 +0.01983508 
+0.58952041 -0.63169745 +0.50341237 
-0.50879383 -0.55168499 +0.66088767 
-0.62064076 -0.31471258 +0.71816505 
+0.07212827 -0.46900263 +0.88024658 
+0.59326027 +0.16683109 +0.78753390 
+0.73121861 -0.60102265 +0.32263156 
-0.43452908 +0.87000868 +0.23295788 
-0.16258858 -0.85658895 +0.48971454 
+0.19691223 -0.94861513 +0.24769924 
+0.71239427 +0.60453029 +0.35642325 
-0.56687781 +0.33161755 +0.75410831 
+0.42554700 +0.83885058 +0.33946936 
-0.83418428 -0.26087744 +0.48588018 
-0.86649200 -0.28579876 +0.40928069 
+0.01049991 +0.22982379 +0.97317561 
+0.19493983 -0.92215645 +0.33410468 
-0.65185121 -0.50039401 +0.56982088 
-0.84001931 +0.19246500 +0.50727190 
-0.72854063 -0.64322966 +0.23555075 
+0.95015807 -0.00004909 +0.31176858 
-0.57535687 +0.10740986 +0.81081909 
-0.34392143 +0.77354720 +0.53229952 
+0.25134062 +0.12945167 +0.95920288 
-0.19436690 -0.94446800 +0.26495604 
-0.22829446 -0.03178793 +0.97307305 
-0.45578470 +0.53520067 +0.71121063 
-0.11517847 -0.90637581 +0.40646872 
+0.53820028 +0.67468993 +0.50510786 
+0.55694243 -0.28186996 +0.78125825 
-0.11896391 -0.27391330 +0.95436843 
+0.78563578 -0.55944677 +0.26418881 
-0.96949091 +0.08422661 +0.23020265 
-0.23466831 +0.57933602 +0.78057707 
+0.93792179 -0.18603435 +0.29273526 
+0.31751412 +0.88273375 +0.34636095 
+0.10771431 +0.84151111 +0.52939275 
+0.82653285 -0.56211521 +0.02949467 
+0.48821323 -0.86025146 +0.14702133 
+0.09758417 +0.98823467 +0.11776910 
-0.67895122 -0.70626238 +0.20054599 
+0.64235187 +0.72524931 +0.24778522 
-0.26446616 -0.47219014 +0.84088889 
-0.99674815 +0.05540603 +0.05850891 
-0.76833802 +0.59835218 +0.22722536 
-0.62348045 -0.77820591 +0.07528404 
-0.99210138 +0.12539499 +0.00330792 
-0.09737807 -0.77517379 +0.62419798 
-0.95490689 +0.29188008 +0.05439533 
+0.72236085 -0.32776226 +0.60890616 
-0.11565891 -0.94087778 +0.31838974 
-0.61271322 -0.16454993 +0.77298501 
-0.47091470 -0.36520232 +0.80303587 
+0.34563258 -0.90476793 +0.24886365 
-0.14985266 -0.19939217 +0.96839400 
+0.17645342 +0.76742334 +0.61638106 
+0.61943266 -0.73468212 +0.27666832 
+0.87399677 -0.46541241 +0.13971734 
+0.67632087 +0.41312648 +0.60984965 
-0.46768725 -0.76856772 +0.43654587 
+0.57971520 +0.69582584 +0.42397723 
-0.79808109 +0.04273760 +0.60103251 
-0.39181380 -0.78619197 +0.47789553 
+0.37905201 +0.30614956 +0.87326515 
+0.08541157 -0.76812575 +0.63457678 
-0.07543294 -0.35252024 +0.93275900 
-0.17137466 +0.03747127 +0.98449308 
-0.92470056 +0.24925074 +0.28775499 
-0.70818598 +0.66242696 +0.24426040 
-0.92459943 -0.30572078 +0.22726792 
-0.78104739 -0.30291127 +0.54608583 
-0.36419695 +0.88751736 +0.28226497 
+0.33506392 +0.71829115 +0.60974584 
+0.03199503 +0.76315460 +0.64542341 
-0.32682691 -0.17238180 +0.92923016 
-0.99203368 -0.10079859 +0.07555675 
-0.27925005 +0.82091159 +0.49812004 
-0.29789741 -0.65467881 +0.69473217 
+0.56424592 -0.59554549 +0.57179726 
-0.30738206 -0.53280617 +0.78843760 
+0.52452619 -0.56315580 +0.63853568 
-0.54466406 +0.02979181 +0.83812500 
+0.65918713 +0.49068185 +0.56982774 
-0.27328210 -0.93577565 +0.22280223 
+0.61291318 -0.70538090 +0.35605508 
+0.50311378 +0.80607943 +0.31162875 
+0.57416805 -0.19610710 +0.79490443 
-0.12728618 +0.80247639 +0.58294929 
-0.78602024 -0.61819545 +0.00256283 
-0.55844887 -0.82859903 +0.03947798 
-0.20310609 +0.43327193 +0.87807935 
-0.53495729 +0.65657631 +0.53172196 
+0.07866223 +0.28149046 +0.95633434 
-0.21508387 -0.40867623 +0.88697388 
+0.66198455 +0.73278874 +0.15747098 
+0.81503381 +0.40631678 +0.41306968 
-0.35403897 +0.93498692 +0.02135104 
-0.69916252 -0.58505666 +0.41095070 
+0.28838683 +0.78310074 +0.55098662 
-0.48108556 +0.71463782 +0.50778880 
-0.39186764 -0.51807053 +0.76029118 
-0.88770223 -0.37016408 +0.27379426 
+0.89319733 +0.08027420 +0.44244162 
-0.31057179 -0.01574846 +0.95041946 
-0.64157870 +0.61055550 +0.46432613 
+0.03996193 +0.44299416 +0.89563342 
-0.93616740 -0.32197802 +0.14114087 
-0.71622534 -0.61794368 +0.32429443 
-0.68219933 +0.02993659 +0.73055313 
-0.06750857 +0.54281293 +0.83713602 
+0.25657927 +0.04839883 +0.96531064 
+0.70182864 +0.51665726 +0.49040987 
+0.97491146 -0.16911108 +0.14473802 
+0.17602537 +0.53493263 +0.82635473 
+0.69376451 -0.20044911 +0.69174487 
+0.65507473 +0.02513326 +0.75514596 
-0.95918422 +0.01247894 +0.28250646 
-0.68670638 -0.28620853 +0.66822079 
+0.48489767 -0.81562922 +0.31563146 
-0.06742601 +0.92298868 +0.37887415 
+0.95209892 -0.22266037 +0.20959484 
-0.42833179 +0.80945483 +0.40164009 
+0.92477973 +0.19704202 +0.32551021 
+0.70511970 +0.67633875 +0.21300731 
-0.53213573 +0.59903554 +0.59832097 
+0.84018914 +0.24949961 +0.48148951 
-0.69883367 +0.70843609 +0.09874113 
+0.59975563 -0.79987902 +0.02206213 
-0.04841080 +0.46894816 +0.88189797 
-0.41667159 -0.68673423 +0.59563486 
+0.76083465 -0.07231660 +0.64490382 
+0.81050461 +0.05625233 +0.58302483 
+0.02986604 +0.14481468 +0.98900795 
-0.76204873 +0.47705833 +0.43783226 
+0.92214522 -0.27344239 +0.27363745 
+0.26059987 +0.96486173 +0.03360881 
+0.37653977 +0.87992151 +0.28975151 
+0.09720893 +0.19473967 +0.97602607 
-0.00891460 -0.77421297 +0.63286239 
+0.45579048 -0.10036861 +0.88441008 
-0.75718545 -0.54779546 +0.35579534 
+0.51654247 -0.14889617 +0.84321635 
+0.18784917 -0.57825763 +0.79393375 
+0.97355275 +0.12585834 +0.19066916 
+0.36423487 +0.38906899 +0.84614318 
-0.79441857 +0.59029781 +0.14299523 
-0.36765965 +0.15705227 +0.91660295 
-0.87928735 -0.11443794 +0.46233939 
-0.34274146 -0.32074537 +0.88297831 
+0.96101122 -0.27449207 +0.03333969 
+0.32359407 +0.93191842 +0.16375270 
+0.77105773 +0.55078666 +0.31953722 
-0.85961342 -0.44977734 +0.24241518 
-0.89156643 +0.32722074 +0.31310684 
+0.04558613 -0.98740959 +0.15147345 
-0.87999393 -0.20174048 +0.43001332 
+0.35249812 -0.52060671 +0.77763342 
-0.44207823 +0.89543120 +0.05262890 
+0.24206850 +0.21411990 +0.94633795 
+0.67933662 -0.72195662 +0.13145494 
+0.99340609 +0.11385413 +0.01347505 
+0.90399742 -0.23719829 +0.35570442 
+0.97288763 -0.02809383 +0.22956566 
+0.72986539 -0.67997547 +0.07021308 
-0.96738086 +0.22500038 +0.11640061 
-0.20714601 +0.97801860 +0.02387791 
-0.65180430 +0.75731893 +0.04023924 
-0.31116761 -0.79906237 +0.51446482 
-0.42587039 -0.30452475 +0.85199712 
-0.25421174 -0.84585670 +0.46893799 
+0.98501372 +0.04285415 +0.16706732 
+0.06684829 +0.63402027 +0.77042170 
+0.65702547 -0.36713928 +0.65842713 
-0.79293017 -0.47302863 +0.38406466 
+0.55715630 -0.48632336 +0.67310211 
-0.77318248 -0.43185396 +0.46442546 
-0.37784277 -0.23981542 +0.89427255 
-0.08557403 +0.61379211 +0.78481611 
-0.59082489 +0.47312289 +0.65351410 
+0.80654522 -0.11821047 +0.57923319 
+0.36378898 +0.65228750 +0.66496511 
-0.08137454 -0.61500585 +0.78431243 
+0.67796464 -0.28511756 +0.67754847 
-0.88406577 +0.39398789 +0.25139859 
+0.37821452 -0.43950223 +0.81473405 
-0.77428360 -0.05077397 +0.63079863 
-0.35005237 -0.45995836 +0.81602797 
-0.10840912 -0.99242109 +0.05786059 
-0.13554967 +0.85300740 +0.50398876 
+0.38747834 +0.58253275 +0.71450411 
-0.48365866 -0.80187353 +0.35081781 
+0.41855700 -0.88545476 +0.20194036 
-0.38959792 +0.59829928 +0.70017957 
-0.62325630 -0.76459343 +0.16415989 
+0.56766317 +0.60781594 +0.55526418 
-0.86828988 +0.45918252 +0.18768083 
-0.05747087 +0.17372460 +0.98311589 
+0.96371944 -0.13505820 +0.23022625 
-0.83343241 -0.55138069 +0.03701022 
-0.24103073 -0.18685811 +0.95235930 
-0.21858039 +0.93184705 +0.28962682 
+0.34158988 -0.87836184 +0.33436033 
-0.41907638 -0.90649271 +0.05143887 
-0.84482235 +0.52079784 +0.12265729 
+0.10650187 -0.88666167 +0.44998714 
-0.56772806 -0.64503338 +0.51148489 
+0.32715430 +0.54386749 +0.77277307 

