-0.025858 0.000982757 0.999665 
-0.0680665 0.0693009 0.995271 
-0.066339 -0.0672941 0.995525 
0.049746 0.000798911 0.998762 
0.00903756 0.0696899 0.997528 
0.0430594 0.137695 0.989538 
-0.0346943 0.136554 0.990025 
-0.146563 0.0678637 0.986871 
-0.101338 0.00141563 0.994851 
-0.0328901 -0.135534 0.990227 
0.0440753 -0.136708 0.98963 
0.0100511 -0.0681503 0.997624 
0.125243 0.000871186 0.992126 
0.0854882 0.0697878 0.993892 
0.119939 0.137921 0.983154 
0.0765265 0.204865 0.975794 
-0.00133855 0.20341 0.979093 
-0.0807238 0.199133 0.976642 
-0.114136 0.133099 0.984509 
-0.176869 0.00378902 0.984227 
-0.143503 -0.0644173 0.987551 
-0.110909 -0.132143 0.985006 
-0.0779946 -0.199506 0.976788 
0.000125751 -0.203176 0.979142 
0.0771776 -0.204421 0.975836 
0.120335 -0.136825 0.983259 
0.086045 -0.0683268 0.993946 
0.200327 0.00101411 0.979729 
0.161421 0.0697624 0.984417 
0.196094 0.137692 0.97087 
0.153453 0.204943 0.96667 
0.109302 0.270957 0.956366 
0.031715 0.269669 0.962431 
-0.0470865 0.265436 0.962978 
-0.127314 0.255945 0.958271 
-0.162786 0.186929 0.968792 
-0.198629 0.115853 0.973203 
-0.235493 0.0415162 0.970989 
-0.222037 -0.0499684 0.973757 
-0.190582 -0.122125 0.974045 
-0.157562 -0.191142 0.968834 
-0.124111 -0.258998 0.957871 
-0.0452071 -0.266495 0.962776 
0.0325814 -0.270039 0.962298 
0.109411 -0.271015 0.956337 
0.153424 -0.204306 0.966809 
0.195876 -0.136361 0.971101 
0.161549 -0.0680838 0.984513 
0.274571 0.00119424 0.961566 
0.236641 0.0696909 0.969095 
0.271374 0.137351 0.952623 
0.229571 0.204322 0.951604 
0.185982 0.270573 0.944564 
0.141206 0.33564 0.931347 
0.0641487 0.334948 0.94005 
-0.0138599 0.331355 0.943405 
-0.0926794 0.323667 0.941621 
-0.170602 0.314832 0.933689 
-0.205199 0.247392 0.946937 
-0.239374 0.17896 0.954292 
-0.272303 0.10907 0.95601 
-0.306619 0.03956 0.95101 
-0.288629 -0.0309391 0.956941 
-0.266596 -0.108938 0.957632 
-0.236135 -0.180262 0.954854 
-0.203048 -0.24884 0.947022 
-0.169411 -0.316363 0.933389 
-0.0910414 -0.326113 0.940937 
-0.0129532 -0.332753 0.942925 
0.0642963 -0.335761 0.93975 
0.140697 -0.336147 0.931241 
0.185425 -0.270432 0.944714 
0.228863 -0.203496 0.951951 
0.270491 -0.135771 0.953101 
0.236324 -0.0677086 0.969313 
0.347455 0.00138891 0.937696 
0.310756 0.0696586 0.947934 
0.345383 0.137049 0.928401 
0.304763 0.203577 0.930417 
0.261842 0.269312 0.926774 
0.217414 0.334485 0.916979 
0.172101 0.398545 0.900857 
0.095736 0.398781 0.912035 
0.0185721 0.396196 0.917978 
-0.059153 0.390039 0.918896 
-0.13659 0.38154 0.914205 
-0.214266 0.370793 0.90366 
-0.248791 0.30487 0.919324 
-0.282909 0.238763 0.928954 
-0.315387 0.172189 0.933211 
-0.346635 0.106025 0.931989 
-0.37732 0.0398149 0.925227 
-0.360508 -0.0277601 0.932343 
-0.337783 -0.0963315 0.936281 
-0.31232 -0.167793 0.935041 
-0.281409 -0.23687 0.929893 
-0.247946 -0.304274 0.91975 
-0.213979 -0.371111 0.903598 
-0.136239 -0.38318 0.913571 
-0.0586812 -0.392182 0.918014 
0.0185815 -0.397773 0.917296 
0.0951687 -0.399926 0.911593 
0.17097 -0.399457 0.900668 
0.21629 -0.334847 0.917113 
0.260612 -0.269076 0.927189 
0.303309 -0.202615 0.931102 
0.343746 -0.135255 0.929271 
0.309935 -0.0673412 0.94837 
0.418461 0.00157971 0.908233 
0.383282 0.0696473 0.921002 
0.417629 0.136702 0.898275 
0.378589 0.202858 0.903061 
0.336811 0.267965 0.902637 
0.292826 0.332284 0.896571 
0.247652 0.396326 0.884078 
0.201909 0.459292 0.865034 
0.126371 0.460708 0.878509 
0.0500803 0.45935 0.886842 
-0.0267076 0.454675 0.890257 
-0.103489 0.447066 0.888494 
-0.180386 0.436488 0.881442 
-0.257795 0.422605 0.868877 
-0.293071 0.357183 0.886865 
-0.328327 0.291508 0.898457 
-0.36217 0.224763 0.904608 
-0.394757 0.156961 0.905279 
-0.425047 0.0865633 0.901023 
-0.435763 0.00142604 0.90006 
-0.412626 -0.0750504 0.907804 
-0.387034 -0.148514 0.910026 
-0.358855 -0.220426 0.906992 
-0.326666 -0.289343 0.899761 
-0.292155 -0.356314 0.887517 
-0.257453 -0.422788 0.868889 
-0.180568 -0.437459 0.880923 
-0.103775 -0.448819 0.887577 
-0.0270641 -0.456696 0.889211 
0.0493587 -0.461056 0.885997 
0.125175 -0.462129 0.877934 
0.200213 -0.460589 0.864739 
0.24596 -0.397193 0.884161 
0.291065 -0.332695 0.896992 
0.334816 -0.267757 0.90344 
0.376284 -0.201872 0.904244 
0.415116 -0.134812 0.899724 
0.381855 -0.0670131 0.92179 
0.487126 0.00173921 0.87333 
0.453759 0.0695777 0.888404 
0.487686 0.136097 0.862346 
0.450525 0.201926 0.869628 
0.410375 0.266595 0.872077 
0.36747 0.330085 0.869488 
0.322437 0.392832 0.86123 
0.27662 0.455742 0.846038 
0.230615 0.517525 0.824005 
0.156061 0.520302 0.839601 
0.0807049 0.520308 0.850157 
0.00482038 0.517139 0.855888 
-0.0712178 0.510782 0.856755 
-0.147318 0.501104 0.852755 
-0.223522 0.487821 0.843841 
-0.29984 0.471396 0.829387 
-0.335793 0.406851 0.849538 
-0.371831 0.342422 0.862837 
-0.406187 0.2771 0.870763 
-0.438572 0.210812 0.873621 
-0.468324 0.143069 0.871897 
-0.488914 0.07083 0.869452 
-0.501425 0.00230909 0.865198 
-0.480156 -0.0645815 0.874803 
-0.457861 -0.134309 0.87882 
-0.43202 -0.204132 0.878458 
-0.402795 -0.273354 0.873518 
-0.369836 -0.340591 0.864418 
-0.334465 -0.406271 0.85034 
-0.299111 -0.471935 0.829343 
-0.223584 -0.488772 0.843275 
-0.147834 -0.502528 0.851828 
-0.0719459 -0.512657 0.855574 
0.00390144 -0.51915 0.854674 
0.0794449 -0.52214 0.849151 
0.15438 -0.521978 0.838872 
0.228486 -0.519185 0.823554 
0.274412 -0.457113 0.846018 
0.320155 -0.393938 0.861576 
0.364943 -0.330747 0.870301 
0.407481 -0.266632 0.873422 
0.447229 -0.201178 0.871501 
0.484113 -0.134383 0.864625 
0.451552 -0.066709 0.889748 
0.553069 0.00179314 0.833133 
0.521809 0.0693029 0.850243 
0.555274 0.134798 0.82067 
0.520183 0.200299 0.830235 
0.481955 0.264683 0.835262 
0.440707 0.327753 0.835677 
0.396674 0.389505 0.831225 
0.350561 0.450557 0.821039 
0.304249 0.512433 0.803022 
0.258373 0.572921 0.777821 
0.185002 0.577167 0.795394 
0.110653 0.578615 0.80806 
0.0356783 0.577001 0.815964 
-0.0395616 0.572124 0.819213 
-0.114863 0.563781 0.817898 
-0.190082 0.551747 0.812062 
-0.265041 0.536055 0.801497 
-0.339865 0.517017 0.785612 
-0.377093 0.452873 0.807903 
-0.414624 0.388869 0.82272 
-0.450392 0.323611 0.83212 
-0.483941 0.25679 0.836576 
-0.514721 0.187957 0.836502 
-0.538826 0.11493 0.83454 
-0.556976 0.0406833 0.829532 
-0.553774 -0.0372939 0.831831 
-0.529594 -0.109678 0.841131 
-0.504838 -0.182077 0.843793 
-0.47701 -0.252889 0.841729 
-0.446076 -0.321851 0.835122 
-0.41179 -0.388427 0.824351 
-0.375045 -0.45318 0.808684 
-0.338708 -0.518217 0.785321 
-0.26477 -0.537327 0.800735 
-0.190418 -0.553206 0.810989 
-0.115608 -0.565522 0.81659 
-0.0405729 -0.574117 0.817767 
0.0344189 -0.579058 0.81456 
0.109071 -0.580576 0.806868 
0.183051 -0.579067 0.794464 
0.256047 -0.574881 0.777143 
0.301676 -0.514256 0.802828 
0.347841 -0.452363 0.821203 
0.393646 -0.39112 0.831906 
0.437245 -0.329005 0.837002 
0.477989 -0.265432 0.837301 
0.515675 -0.200363 0.833027 
0.550329 -0.13391 0.824139 
0.518525 -0.0664185 0.852479 
0.616052 0.00146973 0.787704 
0.587201 0.0684464 0.806542 
0.6204 0.131541 0.773176 
0.587412 0.196939 0.78496 
0.551184 0.261334 0.792402 
0.511814 0.324408 0.795491 
0.469429 0.385945 0.794156 
0.424234 0.445933 0.788143 
0.376978 0.505176 0.776327 
0.330535 0.566235 0.755066 
0.286322 0.625036 0.726188 
0.214143 0.63077 0.745836 
0.140611 0.633734 0.760664 
0.0663441 0.633758 0.770681 
-0.0082145 0.630539 0.776114 
-0.0828054 0.623802 0.777183 
-0.1572 0.613375 0.773989 
-0.231128 0.599205 0.766507 
-0.304377 0.581335 0.754589 
-0.376904 0.560558 0.737372 
-0.415004 0.497573 0.761704 
-0.453651 0.434886 0.777866 
-0.490342 0.370654 0.788784 
-0.524598 0.304371 0.795082 
-0.555934 0.235462 0.797179 
-0.582022 0.161903 0.796893 
-0.603135 0.0843158 0.79317 
-0.610718 9.02662e-005 0.791848 
-0.595662 -0.0850463 0.79872 
-0.572394 -0.15981 0.804255 
-0.546794 -0.232152 0.804439 
-0.518072 -0.302155 0.80019 
-0.486106 -0.369824 0.79179 
-0.450834 -0.434958 0.779461 
-0.412823 -0.498075 0.762561 
-0.37581 -0.562011 0.736824 
-0.303959 -0.58299 0.75348 
-0.231275 -0.600855 0.76517 
-0.157791 -0.615138 0.772468 
-0.0837246 -0.62574 0.775526 
-0.00937596 -0.632614 0.77441 
0.0649568 -0.635859 0.769067 
0.13896 -0.635789 0.759251 
0.212206 -0.632825 0.744648 
0.284094 -0.627176 0.725218 
0.327886 -0.568333 0.754644 
0.374063 -0.507527 0.776204 
0.420907 -0.448399 0.788528 
0.465556 -0.388416 0.79523 
0.507302 -0.326848 0.79738 
0.54594 -0.263696 0.795244 
0.581334 -0.199111 0.788926 
0.61351 -0.133272 0.77836 
0.5823 -0.0661673 0.810277 
0.676268 -0.000832716 0.736656 
0.650068 0.0655092 0.757047 
0.683197 0.12308 0.719787 
0.651999 0.18999 0.734031 
0.617575 0.255441 0.743876 
0.580018 0.319288 0.749423 
0.539419 0.381341 0.750737 
0.495892 0.441443 0.747809 
0.449586 0.499587 0.740463 
0.401253 0.556745 0.727345 
0.356256 0.61726 0.701479 
0.247261 0.679379 0.690873 
0.172338 0.684566 0.708286 
0.0976279 0.686599 0.720451 
0.0231035 0.68532 0.727876 
-0.0511905 0.680422 0.73103 
-0.125098 0.671803 0.73009 
-0.198359 0.659454 0.725103 
-0.270668 0.643402 0.716081 
-0.341739 0.623881 0.702842 
-0.411686 0.601427 0.68469 
-0.450017 0.540353 0.710988 
-0.489558 0.479739 0.728136 
-0.526879 0.417361 0.740411 
-0.561513 0.352751 0.748512 
-0.593069 0.285678 0.752766 
-0.620039 0.215387 0.754427 
-0.642172 0.143252 0.753056 
-0.659407 0.071367 0.748391 
-0.667091 0.00238222 0.744973 
-0.651835 -0.0670588 0.75539 
-0.634446 -0.141228 0.759956 
-0.611555 -0.212968 0.762001 
-0.585489 -0.283075 0.759652 
-0.556061 -0.35109 0.753347 
-0.52328 -0.416739 0.743308 
-0.487172 -0.479804 0.729693 
-0.447933 -0.540594 0.71212 
-0.411147 -0.60282 0.683788 
-0.341749 -0.625557 0.701346 
-0.271029 -0.645118 0.714399 
-0.199023 -0.661214 0.723316 
-0.126004 -0.673673 0.728208 
-0.0522717 -0.682417 0.729092 
0.0218991 -0.687393 0.725955 
0.0963172 -0.688681 0.718638 
0.17092 -0.686617 0.706643 
0.245785 -0.681438 0.689371 
0.353768 -0.619369 0.700878 
0.398536 -0.559251 0.726916 
0.446467 -0.502366 0.74047 
0.492229 -0.444434 0.748457 
0.535099 -0.384626 0.752152 
0.574895 -0.32305 0.751755 
0.611433 -0.260019 0.747355 
0.644493 -0.195989 0.739065 
0.67398 -0.13168 0.726919 
0.642469 -0.0660886 0.763456 
0.734603 -0.0168183 0.678289 
0.71104 0.0546113 0.701028 
0.740133 0.113242 0.662857 
0.711413 0.18181 0.678849 
0.679095 0.248555 0.690688 
0.643458 0.313525 0.698329 
0.604644 0.376576 0.701852 
0.562791 0.437514 0.701319 
0.518042 0.496146 0.696758 
0.470501 0.552361 0.688133 
0.420816 0.607257 0.673908 
0.323065 0.670533 0.667843 
0.275067 0.722715 0.634051 
0.200997 0.73061 0.65254 
0.126779 0.734928 0.666189 
0.0526354 0.735794 0.675157 
-0.0213666 0.732872 0.680031 
-0.0950659 0.726106 0.680979 
-0.168197 0.715539 0.678022 
-0.240443 0.701213 0.671183 
-0.311474 0.683219 0.660451 
-0.381094 0.661609 0.645787 
-0.449716 0.636201 0.6269 
-0.48222 0.581335 0.655373 
-0.521945 0.523675 0.673304 
-0.559876 0.463358 0.686905 
-0.59523 0.400169 0.696826 
-0.627666 0.334146 0.703123 
-0.656156 0.264835 0.706627 
-0.680367 0.192546 0.707126 
-0.700537 0.117599 0.70386 
-0.715438 0.0394447 0.697562 
-0.709609 -0.0424681 0.703315 
-0.69218 -0.117963 0.712019 
-0.672386 -0.19227 0.714793 
-0.648449 -0.263674 0.714136 
-0.621235 -0.332729 0.709478 
-0.590706 -0.399245 0.701192 
-0.556966 -0.462972 0.689526 
-0.520202 -0.523557 0.674743 
-0.480591 -0.580747 0.657088 
-0.451976 -0.63605 0.625426 
-0.38283 -0.662499 0.643845 
-0.312904 -0.684492 0.658454 
-0.241734 -0.702705 0.669156 
-0.169448 -0.717196 0.675957 
-0.0963179 -0.727912 0.678872 
-0.022631 -0.734793 0.677914 
0.0513481 -0.737777 0.673089 
0.125443 -0.736925 0.664234 
0.199585 -0.73257 0.650774 
0.273621 -0.724647 0.632471 
0.321643 -0.672614 0.666435 
0.418255 -0.60973 0.673269 
0.467885 -0.554906 0.687868 
0.51521 -0.498583 0.697118 
0.559724 -0.439718 0.702394 
0.601368 -0.378347 0.703712 
0.640052 -0.314509 0.701011 
0.675712 -0.248091 0.694164 
0.708359 -0.178621 0.682878 
0.738796 -0.105349 0.665643 
0.698955 -0.0676322 0.71196 
0.810385 0.019309 0.58558 
0.764495 0.0420121 0.643259 
0.791274 0.0985901 0.603461 
0.765532 0.170991 0.62026 
0.735378 0.240089 0.633701 
0.701541 0.306911 0.643153 
0.664213 0.371663 0.648604 
0.623476 0.434332 0.650102 
0.579335 0.494844 0.647689 
0.53153 0.553155 0.641479 
0.478615 0.609456 0.632053 
0.403227 0.661443 0.632377 
0.34883 0.70975 0.612023 
0.298642 0.762998 0.573277 
0.227369 0.772452 0.592977 
0.154206 0.778785 0.608041 
0.0806166 0.781769 0.618335 
0.00686638 0.780812 0.624728 
-0.066864 0.775838 0.627379 
-0.140318 0.766908 0.626229 
-0.213223 0.754041 0.621255 
-0.285328 0.737228 0.61244 
-0.356523 0.716256 0.59989 
-0.427285 0.689992 0.584242 
-0.499764 0.645825 0.577188 
-0.539143 0.57852 0.612078 
-0.582815 0.515885 0.627845 
-0.621362 0.451964 0.64003 
-0.655986 0.386261 0.648448 
-0.686456 0.318404 0.653756 
-0.712434 0.248694 0.656193 
-0.734042 0.177914 0.655385 
-0.751474 0.107116 0.651009 
-0.76466 0.0380041 0.643313 
-0.758591 -0.0315214 0.650804 
-0.744741 -0.103628 0.659259 
-0.726955 -0.175517 0.663875 
-0.705538 -0.247054 0.664214 
-0.680161 -0.317039 0.66096 
-0.650996 -0.385308 0.65402 
-0.617809 -0.451733 0.643622 
-0.580191 -0.516473 0.629789 
-0.53662 -0.580019 0.612875 
-0.499759 -0.648361 0.574342 
-0.428357 -0.69059 0.582748 
-0.357675 -0.717214 0.598058 
-0.286472 -0.738455 0.610424 
-0.214363 -0.755463 0.619132 
-0.141462 -0.768488 0.624031 
-0.0680125 -0.77755 0.625133 
0.00571208 -0.782617 0.622478 
0.0794437 -0.783628 0.61613 
0.152987 -0.780664 0.605936 
0.226081 -0.774263 0.591104 
0.297349 -0.764787 0.571563 
0.347348 -0.7118 0.610483 
0.401674 -0.663669 0.631032 
0.476267 -0.611861 0.631503 
0.528989 -0.555522 0.641534 
0.576514 -0.497106 0.648473 
0.620299 -0.436429 0.651735 
0.660586 -0.373526 0.651233 
0.697326 -0.308469 0.64698 
0.730344 -0.241358 0.639018 
0.759373 -0.172457 0.627384 
0.786418 -0.104405 0.608808 
0.77987 -0.0355231 0.624932 
0.850132 0.00616 0.526533 
0.834641 0.0823248 0.544607 
0.854869 0.145277 0.49809 
0.813261 0.158048 0.560024 
0.786019 0.22976 0.573921 
0.754405 0.29849 0.584616 
0.7189 0.36483 0.591677 
0.679669 0.428939 0.595031 
0.636758 0.490785 0.594701 
0.589976 0.550243 0.590899 
0.538303 0.607039 0.58458 
0.477281 0.659148 0.581143 
0.420474 0.703645 0.572787 
0.365289 0.749877 0.551588 
0.261291 0.807686 0.528555 
0.185097 0.816918 0.546246 
0.110282 0.822578 0.557855 
0.0359287 0.823867 0.565644 
-0.038233 0.820813 0.569916 
-0.112124 0.813589 0.570527 
-0.185567 0.802241 0.567428 
-0.258362 0.786739 0.560616 
-0.330411 0.766814 0.550295 
-0.402011 0.741222 0.537567 
-0.474263 0.704258 0.528295 
-0.540173 0.668194 0.511596 
-0.562434 0.614754 0.552943 
-0.605307 0.558389 0.567278 
-0.644812 0.497778 0.58003 
-0.680939 0.434158 0.58977 
-0.71329 0.367825 0.596592 
-0.741509 0.298982 0.600645 
-0.7655 0.227923 0.601715 
-0.78547 0.154786 0.599231 
-0.801879 0.0793751 0.59219 
-0.805595 -0.00169367 0.592464 
-0.794293 -0.0795049 0.602311 
-0.778409 -0.154288 0.608502 
-0.758729 -0.226989 0.610578 
-0.735355 -0.297934 0.608678 
-0.708157 -0.366794 0.603304 
-0.677113 -0.43338 0.594726 
-0.642108 -0.497412 0.583334 
-0.603243 -0.558421 0.569442 
-0.56136 -0.615027 0.55373 
-0.542508 -0.668175 0.509143 
-0.475373 -0.70539 0.525781 
-0.40313 -0.741876 0.535823 
-0.331453 -0.767753 0.548355 
-0.259342 -0.787919 0.558502 
-0.186514 -0.803597 0.565194 
-0.113054 -0.815083 0.568206 
-0.0391515 -0.822412 0.567543 
0.0350175 -0.825535 0.563264 
0.109369 -0.824291 0.555503 
0.184166 -0.818638 0.543981 
0.260314 -0.809265 0.526618 
0.363938 -0.751778 0.54989 
0.419034 -0.705731 0.571274 
0.475736 -0.661207 0.580069 
0.53631 -0.609042 0.584329 
0.587708 -0.552183 0.591349 
0.634185 -0.492582 0.595964 
0.676736 -0.430485 0.597253 
0.715538 -0.365976 0.595035 
0.75053 -0.299032 0.589309 
0.781594 -0.229461 0.58005 
0.809074 -0.156809 0.566401 
0.848307 -0.137282 0.511399 
0.824697 -0.0631816 0.562035 
0.887112 0.00214157 0.46155 
0.873369 0.072784 0.48159 
0.892376 0.130914 0.431887 
0.870708 0.203903 0.447538 
0.830909 0.217928 0.511955 
0.801966 0.288229 0.523235 
0.768617 0.356028 0.53148 
0.731168 0.421494 0.536411 
0.689755 0.484643 0.537922 
0.644301 0.54535 0.536162 
0.594212 0.603302 0.53192 
0.537861 0.657409 0.527749 
0.480143 0.706426 0.520024 
0.420524 0.752096 0.507455 
0.339154 0.795478 0.502184 
0.283704 0.838773 0.464728 
0.210732 0.849923 0.482932 
0.137325 0.858172 0.494654 
0.063727 0.861769 0.503282 
-0.010104 0.860751 0.508926 
-0.0839359 0.85537 0.511172 
-0.157516 0.845696 0.50989 
-0.230589 0.831722 0.505042 
-0.302961 0.81323 0.496862 
-0.374654 0.789332 0.486404 
-0.445622 0.757547 0.477015 
-0.512156 0.723056 0.463558 
-0.57634 0.681105 0.451584 
-0.612233 0.611826 0.50084 
-0.658472 0.548219 0.515627 
-0.698683 0.483977 0.526885 
-0.733942 0.418317 0.535107 
-0.764544 0.351001 0.540621 
-0.79061 0.282229 0.543399 
-0.812285 0.212495 0.543174 
-0.829857 0.142528 0.539465 
-0.843159 0.0729129 0.532698 
-0.846216 0.00349729 0.532829 
-0.837141 -0.0665571 0.542922 
-0.82391 -0.137963 0.549671 
-0.806526 -0.2093 0.55291 
-0.785167 -0.279875 0.552433 
-0.759814 -0.349234 0.548378 
-0.730269 -0.416987 0.541138 
-0.696129 -0.483019 0.531129 
-0.656738 -0.547546 0.518546 
-0.611489 -0.611482 0.502166 
-0.575987 -0.683587 0.448272 
-0.512352 -0.724117 0.461682 
-0.445875 -0.758742 0.474875 
-0.375155 -0.790207 0.484594 
-0.303528 -0.814239 0.494859 
-0.231167 -0.832893 0.502843 
-0.1581 -0.846994 0.507548 
-0.0845233 -0.856766 0.508732 
-0.010693 -0.862214 0.506431 
0.0631339 -0.863273 0.500773 
0.136717 -0.859703 0.492158 
0.210071 -0.851461 0.480504 
0.28293 -0.840079 0.462836 
0.338317 -0.797161 0.500076 
0.419213 -0.754016 0.505688 
0.478758 -0.708317 0.518727 
0.53637 -0.659177 0.527061 
0.592453 -0.604951 0.532009 
0.642283 -0.546856 0.537049 
0.687432 -0.485911 0.539747 
0.728481 -0.422369 0.539369 
0.765494 -0.356268 0.535809 
0.798335 -0.287466 0.529174 
0.826817 -0.215533 0.519537 
0.864934 -0.205681 0.457804 
0.884329 -0.136401 0.446494 
0.86291 -0.0661184 0.501014 
0.920395 -0.0171923 0.390611 
0.908958 0.0576735 0.41288 
0.92474 0.115087 0.362782 
0.905333 0.188646 0.380505 
0.881585 0.260983 0.393314 
0.844414 0.275567 0.459378 
0.813423 0.344836 0.468435 
0.77797 0.411664 0.474652 
0.73827 0.476108 0.477786 
0.694363 0.538079 0.47784 
0.64596 0.597305 0.475354 
0.592404 0.653092 0.471729 
0.535749 0.704615 0.465286 
0.475998 0.752161 0.455719 
0.407985 0.794129 0.450453 
0.346749 0.830811 0.435336 
0.244438 0.875486 0.416863 
0.1683 0.88763 0.428704 
0.0936311 0.894156 0.437857 
0.0192561 0.895449 0.444747 
-0.0549336 0.892087 0.448513 
-0.128835 0.884224 0.448943 
-0.20225 0.871913 0.445941 
-0.274984 0.855018 0.439691 
-0.346964 0.832931 0.431094 
-0.418071 0.804364 0.422156 
-0.486483 0.771324 0.410358 
-0.553301 0.731659 0.398162 
-0.617408 0.687536 0.382232 
-0.632121 0.639851 0.437052 
-0.674877 0.583954 0.451152 
-0.715386 0.524109 0.462096 
-0.752093 0.461267 0.470733 
-0.784614 0.395839 0.477172 
-0.812863 0.328115 0.481243 
-0.836879 0.258405 0.482556 
-0.856802 0.187044 0.480525 
-0.8727 0.114186 0.474718 
-0.880991 0.0384464 0.471568 
-0.87777 -0.0386607 0.47752 
-0.866312 -0.112705 0.486623 
-0.850854 -0.185564 0.491542 
-0.831399 -0.257018 0.492664 
-0.808041 -0.32685 0.490142 
-0.780727 -0.394756 0.484389 
-0.74923 -0.46042 0.476096 
-0.713329 -0.523552 0.465892 
-0.673282 -0.583714 0.453838 
-0.630503 -0.6403 0.438728 
-0.61876 -0.68712 0.380791 
-0.553474 -0.732994 0.395458 
-0.486616 -0.772354 0.408257 
-0.418131 -0.80545 0.420019 
-0.347141 -0.833872 0.429127 
-0.2752 -0.856041 0.437561 
-0.202474 -0.873043 0.443621 
-0.129062 -0.885438 0.446479 
-0.0551575 -0.893356 0.445951 
0.0190467 -0.896748 0.442131 
0.093457 -0.895457 0.435227 
0.168199 -0.888918 0.426069 
0.244482 -0.876691 0.414297 
0.345746 -0.83248 0.432939 
0.407011 -0.79581 0.448363 
0.474924 -0.753748 0.454215 
0.534577 -0.706135 0.464329 
0.59108 -0.654513 0.471421 
0.64439 -0.598631 0.475817 
0.692487 -0.539307 0.479176 
0.735997 -0.477209 0.480187 
0.775183 -0.41262 0.478369 
0.809965 -0.345712 0.47375 
0.840118 -0.276689 0.466525 
0.878304 -0.259647 0.401453 
0.90146 -0.18556 0.391073 
0.919532 -0.106931 0.378188 
0.897347 -0.067259 0.43617 
0.962072 0.0166664 0.272284 
0.938428 0.041496 0.342975 
0.934814 0.170597 0.311479 
0.913592 0.244249 0.325102 
0.887699 0.315549 0.335291 
0.853129 0.331352 0.402961 
0.819915 0.399388 0.410156 
0.782152 0.46505 0.414688 
0.739976 0.528265 0.416379 
0.693297 0.588804 0.415511 
0.641834 0.646185 0.412909 
0.586488 0.699791 0.40783 
0.52733 0.749518 0.400182 
0.462261 0.794667 0.393471 
0.397359 0.83458 0.381553 
0.321988 0.867869 0.378322 
0.261641 0.898818 0.351669 
0.191156 0.912692 0.361181 
0.119666 0.921307 0.369964 
0.046876 0.924722 0.377746 
-0.0266133 0.923428 0.382847 
-0.100303 0.917504 0.384872 
-0.17374 0.907009 0.3836 
-0.246537 0.891899 0.379126 
-0.318397 0.871852 0.372153 
-0.38892 0.846273 0.364092 
-0.456755 0.816236 0.353744 
-0.521672 0.781407 0.342435 
-0.582495 0.74301 0.329598 
-0.639211 0.70143 0.315285 
-0.677784 0.629113 0.38056 
-0.723158 0.567538 0.393628 
-0.763444 0.504676 0.403057 
-0.79879 0.439829 0.41047 
-0.829477 0.372788 0.415929 
-0.855714 0.303502 0.419094 
-0.877651 0.231911 0.419459 
-0.895306 0.157579 0.416649 
-0.907346 0.0786845 0.412955 
-0.909588 -0.00369049 0.415495 
-0.931882 -0.0658067 0.356742 
-0.90266 -0.083741 0.422127 
-0.889709 -0.159142 0.427892 
-0.872431 -0.232137 0.430088 
-0.85105 -0.303136 0.428745 
-0.825635 -0.372142 0.424072 
-0.795963 -0.439053 0.416744 
-0.761602 -0.50382 0.407587 
-0.722191 -0.566537 0.396832 
-0.677374 -0.62774 0.383544 
-0.638109 -0.703248 0.313462 
-0.581893 -0.744263 0.327831 
-0.521024 -0.782866 0.34008 
-0.456268 -0.817428 0.351611 
-0.388528 -0.847383 0.361922 
-0.318148 -0.872839 0.370046 
-0.246361 -0.892909 0.376856 
-0.173602 -0.908069 0.381147 
-0.100194 -0.918599 0.38228 
-0.0265312 -0.924538 0.380166 
0.0469347 -0.925823 0.375031 
0.119707 -0.922383 0.36726 
0.191172 -0.913743 0.358506 
0.261545 -0.899911 0.348934 
0.321849 -0.869162 0.375461 
0.39684 -0.83584 0.379327 
0.461622 -0.795925 0.391674 
0.526556 -0.750709 0.398968 
0.585584 -0.70091 0.407205 
0.640764 -0.647216 0.412957 
0.691997 -0.589733 0.416358 
0.73839 -0.529058 0.418184 
0.780213 -0.465631 0.417678 
0.817566 -0.399634 0.414583 
0.850349 -0.331073 0.409021 
0.88474 -0.316275 0.342352 
0.909816 -0.245798 0.334393 
0.929705 -0.174177 0.324517 
0.944828 -0.0343661 0.32576 
0.979784 0.00483824 0.199999 
0.952 0.0943274 0.291201 
0.958322 0.151838 0.242 
0.940011 0.226199 0.255367 
0.916863 0.297995 0.265633 
0.888674 0.367593 0.274104 
0.8569 0.384592 0.343237 
0.8213 0.451327 0.348956 
0.781071 0.515679 0.352142 
0.736259 0.577443 0.352822 
0.686787 0.636232 0.351471 
0.633088 0.69153 0.34783 
0.575269 0.743076 0.341912 
0.512501 0.790437 0.335489 
0.44745 0.832872 0.325749 
0.376066 0.869983 0.318911 
0.310434 0.90186 0.300467 
0.229471 0.928788 0.291026 
0.154905 0.941642 0.298856 
0.079938 0.948008 0.308044 
0.00496426 0.949173 0.314717 
-0.069884 0.945385 0.318377 
-0.144324 0.936795 0.318726 
-0.218019 0.923443 0.315786 
-0.290669 0.905179 0.310101 
-0.361899 0.881699 0.302714 
-0.43077 0.853584 0.292972 
-0.496943 0.820805 0.281651 
-0.560002 0.783673 0.268802 
-0.619968 0.74217 0.254602 
-0.677574 0.692866 0.246639 
-0.689073 0.653377 0.313492 
-0.732749 0.598424 0.323985 
-0.772685 0.54034 0.333153 
-0.808819 0.479314 0.340692 
-0.840769 0.415696 0.346849 
-0.868446 0.349853 0.351291 
-0.891838 0.282206 0.353531 
-0.910917 0.213261 0.3532 
-0.925397 0.143542 0.350764 
-0.935024 0.074268 0.34672 
-0.936834 0.00495306 0.349738 
-0.922007 -0.137879 0.36179 
-0.907335 -0.209277 0.364619 
-0.888368 -0.279489 0.364264 
-0.865338 -0.348014 0.36066 
-0.83825 -0.414469 0.354333 
-0.806885 -0.478581 0.346262 
-0.771161 -0.54007 0.337097 
-0.731325 -0.598627 0.326817 
-0.686953 -0.653984 0.316859 
-0.67737 -0.692781 0.247436 
-0.619415 -0.74329 0.252674 
-0.559358 -0.784821 0.266785 
-0.496186 -0.822085 0.27924 
-0.430079 -0.854707 0.290703 
-0.361273 -0.882736 0.30043 
-0.290146 -0.906122 0.307828 
-0.217563 -0.924379 0.313353 
-0.143918 -0.937741 0.316118 
-0.0695265 -0.946329 0.315637 
0.00527252 -0.9501 0.311901 
0.0801984 -0.9489 0.305216 
0.155125 -0.942492 0.296049 
0.229629 -0.929652 0.288129 
0.310325 -0.902874 0.297519 
0.375968 -0.870996 0.316249 
0.447158 -0.833826 0.323703 
0.512106 -0.791331 0.33398 
0.574763 -0.743887 0.340997 
0.632455 -0.692262 0.347526 
0.685978 -0.636888 0.351865 
0.735203 -0.578032 0.354056 
0.779686 -0.516211 0.354423 
0.819493 -0.45182 0.352548 
0.854577 -0.385115 0.348403 
0.887093 -0.367022 0.279931 
0.914971 -0.296929 0.273243 
0.937825 -0.224233 0.264959 
0.955833 -0.148284 0.253761 
0.944751 -0.10386 0.310899 
0.989198 0.048387 0.138367 
0.972787 0.0749431 0.219248 
0.976467 0.129781 0.172249 
0.961079 0.205604 0.184537 
0.940698 0.278111 0.194273 
0.915194 0.348208 0.202905 
0.884603 0.416181 0.210405 
0.855491 0.435059 0.280819 
0.817461 0.500312 0.285385 
0.774708 0.563144 0.287569 
0.727286 0.623186 0.287567 
0.675455 0.679956 0.285343 
0.619362 0.733099 0.28099 
0.558761 0.782243 0.275467 
0.494899 0.826755 0.267492 
0.426379 0.866439 0.259779 
0.358272 0.900607 0.246065 
0.279477 0.930446 0.236986 
0.195085 0.953426 0.230046 
0.115185 0.964278 0.238537 
0.0377908 0.968628 0.245625 
-0.0384514 0.967369 0.250436 
-0.113994 0.960941 0.252185 
-0.188744 0.949503 0.250639 
-0.262455 0.93302 0.246151 
-0.33477 0.911358 0.239491 
-0.404887 0.884888 0.230303 
-0.472361 0.853745 0.219075 
-0.537012 0.817897 0.20655 
-0.598837 0.77726 0.193028 
-0.658592 0.729669 0.183956 
-0.714837 0.675329 0.181492 
-0.728904 0.637367 0.249924 
-0.772542 0.579657 0.259183 
-0.811513 0.519538 0.267445 
-0.846124 0.456942 0.274368 
-0.87633 0.392019 0.279942 
-0.902176 0.324966 0.283683 
-0.923693 0.256033 0.285023 
-0.940746 0.185453 0.283909 
-0.952996 0.11334 0.280984 
-0.958918 0.0385882 0.281045 
-0.957362 -0.0363001 0.2866 
-0.949805 -0.109908 0.2929 
-0.937393 -0.182661 0.29653 
-0.920396 -0.254033 0.297219 
-0.899192 -0.32364 0.294468 
-0.873873 -0.391138 0.288717 
-0.844228 -0.456379 0.281064 
-0.81008 -0.519233 0.272337 
-0.771408 -0.579568 0.262736 
-0.727679 -0.637428 0.253316 
-0.714377 -0.675377 0.183117 
-0.65831 -0.72991 0.184008 
-0.598094 -0.778269 0.191262 
-0.536138 -0.818994 0.20446 
-0.471388 -0.854905 0.216635 
-0.403973 -0.88592 0.227928 
-0.333931 -0.912292 0.237091 
-0.261721 -0.933867 0.243709 
-0.188092 -0.950317 0.248031 
-0.113416 -0.961733 0.249411 
-0.0379463 -0.968134 0.247543 
0.0382168 -0.969354 0.242677 
0.115522 -0.964958 0.235608 
0.195336 -0.954082 0.227095 
0.279548 -0.931219 0.233845 
0.358388 -0.901311 0.243304 
0.426469 -0.867104 0.257399 
0.494865 -0.827343 0.26573 
0.558643 -0.782743 0.274285 
0.619163 -0.733494 0.280401 
0.675151 -0.680245 0.285373 
0.72683 -0.623372 0.288315 
0.774042 -0.563221 0.289209 
0.816524 -0.500254 0.288157 
0.854239 -0.434806 0.28499 
0.883712 -0.415603 0.215238 
0.91388 -0.347771 0.20947 
0.9389 -0.278203 0.20266 
0.958728 -0.20729 0.194608 
0.973143 -0.13514 0.186358 
0.965479 -0.0620173 0.252992 
0.992263 -0.0240514 0.121802 
0.988445 0.110083 0.104207 
0.976262 0.184733 0.113077 
0.958805 0.256707 0.121633 
0.93616 0.326684 0.129931 
0.908383 0.394764 0.137845 
0.87552 0.460964 0.144835 
0.849013 0.482085 0.216268 
0.808528 0.545795 0.219976 
0.763265 0.606962 0.221413 
0.713443 0.665086 0.220591 
0.659266 0.719719 0.217654 
0.600808 0.770443 0.213184 
0.53886 0.816669 0.206597 
0.473357 0.858068 0.199132 
0.406976 0.893922 0.187813 
0.336684 0.924539 0.178528 
0.267252 0.948689 0.169013 
0.200331 0.966653 0.159529 
0.131523 0.976965 0.16805 
0.0604393 0.982765 0.174701 
-0.0120824 0.983534 0.180321 
-0.0857398 0.979257 0.183585 
-0.15993 0.969893 0.183656 
-0.233879 0.955348 0.180586 
-0.306866 0.935542 0.174912 
-0.377936 0.910755 0.1664 
-0.446391 0.881252 0.15534 
-0.512227 0.846831 0.143181 
-0.57541 0.807412 0.13034 
-0.636547 0.761714 0.120833 
-0.694821 0.709721 0.116275 
-0.748369 0.653115 0.115691 
-0.764342 0.617616 0.185291 
-0.807093 0.557952 0.193108 
-0.844893 0.495951 0.200473 
-0.878058 0.431541 0.206849 
-0.906639 0.364814 0.211936 
-0.930698 0.295876 0.215077 
-0.950199 0.224853 0.215786 
-0.964858 0.151906 0.214414 
-0.973697 0.0766093 0.21458 
-0.976006 -0.000591438 0.217741 
-0.971761 -0.076949 0.223067 
-0.961874 -0.151719 0.227552 
-0.947038 -0.22503 0.229085 
-0.927692 -0.29634 0.227093 
-0.904065 -0.365345 0.221789 
-0.875988 -0.432038 0.214448 
-0.843279 -0.496399 0.206079 
-0.805837 -0.558356 0.197143 
-0.763232 -0.617977 0.18863 
-0.747537 -0.65371 0.117694 
-0.694236 -0.710154 0.117123 
-0.635921 -0.762284 0.120531 
-0.574419 -0.808393 0.128621 
-0.511109 -0.847867 0.141027 
-0.445203 -0.882289 0.152843 
-0.376825 -0.911667 0.16391 
-0.305851 -0.936344 0.172378 
-0.23297 -0.956059 0.177975 
-0.159097 -0.97055 0.180888 
-0.0849543 -0.979867 0.180676 
-0.0113137 -0.984088 0.177323 
0.0612222 -0.983248 0.171681 
0.132357 -0.977359 0.16508 
0.201232 -0.966945 0.156599 
0.268167 -0.94902 0.165673 
0.337363 -0.924852 0.175599 
0.407495 -0.894219 0.185259 
0.473738 -0.858334 0.197066 
0.539114 -0.81686 0.20517 
0.600996 -0.770524 0.212359 
0.659405 -0.719662 0.217421 
0.713509 -0.664885 0.220983 
0.763203 -0.606623 0.22255 
0.808267 -0.545335 0.222066 
0.848474 -0.481535 0.219583 
0.875895 -0.458982 0.148808 
0.908635 -0.392214 0.143355 
0.936277 -0.323413 0.137072 
0.958805 -0.252568 0.130013 
0.976128 -0.179346 0.122508 
0.980888 -0.0650273 0.183383 
0.998251 0.0108601 0.0581106 
0.995974 0.0793681 0.0416731 
0.98678 0.156702 0.0413397 
0.972039 0.229869 0.0479726 
0.952134 0.300597 0.0555254 
0.927143 0.3693 0.0634363 
0.897094 0.436067 0.0711848 
0.861965 0.500924 0.0780492 
0.837602 0.52524 0.150156 
0.794691 0.587355 0.153234 
0.746981 0.646785 0.153913 
0.694724 0.702957 0.152348 
0.638149 0.755368 0.148948 
0.577838 0.803443 0.143467 
0.514147 0.846788 0.136392 
0.448707 0.884758 0.125958 
0.380492 0.917523 0.115663 
0.310975 0.944612 0.104891 
0.240107 0.966192 0.0939279 
0.165297 0.981872 0.0927628 
0.0926815 0.99063 0.100307 
0.0198743 0.994069 0.106915 
-0.0534117 0.992216 0.112493 
-0.127646 0.985125 0.115046 
-0.202274 0.97268 0.113923 
-0.276292 0.954809 0.109559 
-0.348508 0.931753 0.101872 
-0.417921 0.903919 0.090956 
-0.484824 0.871026 0.0791127 
-0.549211 0.833005 0.0668543 
-0.611478 0.789202 0.0570447 
-0.671178 0.739517 0.051327 
-0.726922 0.684993 0.0486725 
-0.777763 0.626636 0.0491117 
-0.795786 0.593664 0.119529 
-0.83714 0.532222 0.126243 
-0.873428 0.468465 0.132906 
-0.904903 0.402328 0.138862 
-0.931631 0.333834 0.143592 
-0.95364 0.262955 0.146376 
-0.970795 0.189698 0.146873 
-0.982524 0.114147 0.147027 
-0.987973 0.0374253 0.150029 
-0.987209 -0.0403831 0.154232 
-0.980371 -0.117351 0.158437 
-0.968004 -0.192694 0.160737 
-0.950778 -0.265794 0.159295 
-0.929045 -0.336264 0.154279 
-0.9027 -0.404319 0.147168 
-0.871607 -0.470065 0.139071 
-0.835652 -0.533493 0.130655 
-0.794525 -0.594671 0.122869 
-0.77662 -0.627878 0.0512974 
-0.726006 -0.685877 0.0498792 
-0.670365 -0.74023 0.051671 
-0.610608 -0.789921 0.056407 
-0.548067 -0.8339 0.065065 
-0.483577 -0.871922 0.0768448 
-0.416632 -0.904772 0.0883423 
-0.347323 -0.932481 0.099229 
-0.275224 -0.955423 0.106862 
-0.201313 -0.973202 0.111134 
-0.126751 -0.985577 0.11213 
-0.0525436 -0.992599 0.109483 
0.0207304 -0.994376 0.10386 
0.0935391 -0.99085 0.0972923 
0.166155 -0.982001 0.089811 
0.240948 -0.966278 0.0908335 
0.311953 -0.944638 0.101707 
0.381379 -0.917503 0.112863 
0.449478 -0.884702 0.123578 
0.514764 -0.846694 0.134638 
0.578364 -0.803252 0.142414 
0.638663 -0.755015 0.148531 
0.69526 -0.702386 0.152536 
0.747528 -0.645952 0.154752 
0.795217 -0.586213 0.15487 
0.83807 -0.523722 0.152824 
0.86318 -0.498251 0.081649 
0.89838 -0.432545 0.0762784 
0.928482 -0.364663 0.070302 
0.953496 -0.294507 0.064116 
0.973379 -0.221738 0.0580169 
0.987905 -0.145698 0.0530619 
0.98782 -0.103015 0.116614 
-0.999398 0.0319772 0.0134733 
-0.998926 -0.0413071 0.0210101 
-0.992503 -0.119518 0.0255556 
-0.980303 -0.195968 0.024553 
-0.963041 -0.268685 0.0189983 
-0.940786 -0.338795 0.0118461 
-0.913558 -0.40669 0.00400046 
0.881332 0.472482 0.00383014 
0.844003 0.536229 0.010816 
0.821688 0.563845 0.0831092 
0.776291 0.624531 0.0856346 
0.726022 0.682322 0.0856038 
0.67122 0.736552 0.0833909 
0.612408 0.786586 0.0789867 
0.550111 0.831937 0.0725187 
0.485589 0.871933 0.0627369 
0.418675 0.906654 0.0518603 
0.349762 0.93595 0.0407804 
0.278795 0.959885 0.0298898 
0.204041 0.978644 0.0249613 
0.128675 0.991345 0.0260187 
0.0550893 0.997955 0.0324049 
-0.0183532 0.999079 0.0387809 
-0.092075 0.994757 0.0445033 
-0.167017 0.984862 0.0463973 
-0.242185 0.969234 0.0439468 
-0.315768 0.948102 0.0373243 
-0.386146 0.922058 0.0264682 
-0.454104 0.890825 0.0148472 
-0.519706 0.85434 0.00306479 
0.583047 -0.812408 0.00708383 
0.644023 -0.764884 0.0136464 
0.701414 -0.712536 0.0176333 
0.754498 -0.656024 0.0191357 
0.80266 -0.596164 0.0180595 
-0.822944 0.565655 0.0528946 
-0.86251 0.502606 0.0588638 
-0.896974 0.437271 0.0650515 
-0.9265 0.369581 0.0707682 
-0.951126 0.299451 0.0754186 
-0.970821 0.226661 0.0783016 
-0.985323 0.151034 0.0795477 
-0.994 0.0738399 0.0807003 
-0.996321 -0.0023128 0.085664 
-0.99272 -0.0800285 0.0900158 
-0.983169 -0.157423 0.0927167 
-0.968328 -0.232269 0.091612 
-0.948725 -0.30402 0.0865591 
-0.924323 -0.37323 0.0795395 
-0.895058 -0.440159 0.0716238 
-0.860853 -0.504867 0.063571 
-0.821505 -0.567417 0.0562866 
0.801376 0.597953 0.0157741 
0.753398 0.657324 0.0177741 
0.700455 0.713494 0.0170227 
0.64314 0.765625 0.0137826 
0.582117 0.813065 0.00809381 
-0.518574 -0.855032 0.00110662 
-0.452886 -0.891482 0.0124103 
-0.384899 -0.922655 0.0236809 
-0.314641 -0.948584 0.0345028 
-0.241181 -0.96961 0.0410795 
-0.166098 -0.985151 0.0434576 
-0.0911774 -0.99497 0.0414977 
-0.0174679 -0.999209 0.0357107 
0.055973 -0.998001 0.0293487 
0.129563 -0.991304 0.0230331 
0.20493 -0.97853 0.0219695 
0.279786 -0.959686 0.0268999 
0.350882 -0.935657 0.0377937 
0.41975 -0.906303 0.0492332 
0.486575 -0.871537 0.060564 
0.550931 -0.831515 0.0711217 
0.613173 -0.786052 0.0783718 
0.672032 -0.735804 0.0834584 
0.726928 -0.681267 0.0863212 
0.777302 -0.623071 0.0870859 
0.822806 -0.561855 0.0854986 
0.845486 -0.533806 0.0142855 
0.882977 -0.469334 0.00874823 
0.915363 -0.402621 0.00280023 
-0.942718 0.333577 0.00295476 
-0.965039 0.261983 0.00799535 
-0.98222 0.187366 0.0117698 
-0.993875 0.109696 0.0134002 
0.996429 -0.066069 0.0525823 

