0.0243972 -0.000636985 0.999702 
-0.0049707 0.0543975 0.998507 
-0.0110995 -0.0539465 0.998482 
0.0894954 -0.00152459 0.995986 
0.0602084 0.0540098 0.996724 
0.0309053 0.10941 0.993516 
-0.0336906 0.109102 0.993459 
-0.071467 0.0557709 0.995883 
-0.0420091 0.00165451 0.999116 
-0.0772121 -0.0482972 0.995844 
-0.0437273 -0.106969 0.9933 
0.0204604 -0.110578 0.993657 
0.0542405 -0.0562784 0.996941 
0.154137 -0.00262651 0.988046 
0.124974 0.0530752 0.990739 
0.0953652 0.108797 0.989479 
0.0648364 0.164402 0.98426 
0.000592136 0.16449 0.986379 
-0.0638856 0.16277 0.984594 
-0.0993773 0.107827 0.98919 
-0.111025 0.0109092 0.993758 
-0.173701 0.0145525 0.984691 
-0.140143 -0.0440311 0.989152 
-0.106426 -0.103326 0.988937 
-0.0735959 -0.162169 0.984015 
-0.0109438 -0.165073 0.986221 
0.0524342 -0.1674 0.984494 
0.0845215 -0.112387 0.990063 
0.118722 -0.057216 0.991278 
0.218707 -0.00576521 0.975773 
0.189617 0.0506288 0.980552 
0.15983 0.106821 0.981348 
0.129094 0.162827 0.978173 
0.097079 0.218448 0.971008 
0.0327485 0.219369 0.975092 
-0.0318477 0.218233 0.975377 
-0.0969495 0.213861 0.972041 
-0.129108 0.156828 0.979151 
-0.14512 0.0703832 0.986908 
-0.236887 0.0135748 0.971442 
-0.266011 -0.0425525 0.96303 
-0.202642 -0.0413952 0.978378 
-0.168286 -0.0997179 0.980681 
-0.135551 -0.158843 0.977954 
-0.104389 -0.216985 0.970577 
-0.0416311 -0.219858 0.974643 
0.0216865 -0.22198 0.97481 
0.0855795 -0.223254 0.970996 
0.115744 -0.168535 0.978877 
0.147992 -0.11303 0.982508 
0.182824 -0.0582809 0.981417 
0.282047 -0.011237 0.959335 
0.253474 0.0465406 0.966222 
0.223867 0.103524 0.969106 
0.19317 0.159993 0.968033 
0.161195 0.215983 0.962999 
0.128051 0.271396 0.953912 
0.0638165 0.273167 0.959847 
-0.000807338 0.272837 0.96206 
-0.0658841 0.269624 0.960709 
-0.131025 0.262686 0.955944 
-0.161572 0.20378 0.965592 
-0.180578 0.127802 0.975222 
-0.207808 0.0705988 0.975619 
-0.270814 0.0655465 0.960397 
-0.300599 0.00575393 0.953733 
-0.291654 -0.0966099 0.951633 
-0.229669 -0.0973332 0.96839 
-0.196713 -0.155582 0.968038 
-0.166577 -0.213706 0.962591 
-0.136323 -0.270598 0.952991 
-0.073308 -0.273686 0.959021 
-0.00978647 -0.275865 0.961147 
0.0542894 -0.276952 0.959349 
0.119075 -0.276749 0.953536 
0.149867 -0.223353 0.963148 
0.178505 -0.168564 0.969393 
0.211146 -0.113796 0.970808 
0.247071 -0.0625371 0.966977 
0.315641 0.0407875 0.948002 
0.286833 0.0989956 0.952852 
0.318862 0.151332 0.935642 
0.256613 0.156139 0.953819 
0.224957 0.212472 0.95092 
0.191932 0.268108 0.944076 
0.157952 0.323159 0.93307 
0.0940304 0.325812 0.940747 
0.0296623 0.326369 0.944777 
-0.0351487 0.324249 0.945319 
-0.100119 0.319035 0.94244 
-0.164452 0.310647 0.936191 
-0.19431 0.25115 0.948244 
-0.217113 0.182527 0.95893 
-0.242833 0.124133 0.962093 
-0.304291 0.119001 0.945117 
-0.331258 0.0599258 0.941635 
-0.358668 -0.00104363 0.933465 
-0.333097 -0.0570385 0.941166 
-0.318386 -0.146302 0.936604 
-0.257379 -0.15274 0.954163 
-0.228288 -0.210104 0.950653 
-0.198992 -0.266853 0.94297 
-0.168862 -0.322462 0.931399 
-0.105612 -0.3262 0.939383 
-0.0419453 -0.328693 0.943505 
0.022244 -0.32987 0.943764 
0.0870761 -0.329473 0.940141 
0.152899 -0.326842 0.932629 
0.18499 -0.274166 0.943722 
0.214972 -0.221033 0.951279 
0.241091 -0.168501 0.955763 
0.274607 -0.120549 0.95397 
0.308893 -0.0710065 0.948443 
0.375177 0.0333821 0.926352 
0.34805 0.0932232 0.932829 
0.379342 0.145664 0.913719 
0.349647 0.20322 0.914576 
0.287958 0.208192 0.934739 
0.255413 0.264009 0.930088 
0.221478 0.319025 0.921504 
0.186827 0.373621 0.908572 
0.123403 0.377226 0.917863 
0.0595146 0.378744 0.923586 
-0.00480747 0.377713 0.92591 
-0.0693371 0.373873 0.924884 
-0.133609 0.367252 0.920475 
-0.197021 0.357959 0.912715 
-0.226807 0.299084 0.926881 
-0.252431 0.235816 0.93844 
-0.278149 0.177394 0.944015 
-0.338882 0.171504 0.925065 
-0.364482 0.113265 0.924297 
-0.38976 0.0540628 0.919328 
-0.415519 -0.00558578 0.909567 
-0.390091 -0.062423 0.918658 
-0.367973 -0.119487 0.922127 
-0.351702 -0.191626 0.916289 
-0.290248 -0.204327 0.934883 
-0.261525 -0.261189 0.929185 
-0.232043 -0.317335 0.919486 
-0.201551 -0.372021 0.906078 
-0.138218 -0.37704 0.915826 
-0.0744854 -0.380171 0.921912 
-0.0102311 -0.381713 0.924224 
0.0546631 -0.381454 0.92277 
0.120554 -0.378779 0.917602 
0.187957 -0.372816 0.90867 
0.219683 -0.320021 0.921589 
0.252781 -0.262092 0.931348 
0.287644 -0.198696 0.9369 
0.326735 -0.140221 0.934656 
0.364166 -0.0839904 0.927539 
0.342472 -0.0193861 0.939328 
0.432028 0.0260137 0.901485 
0.406931 0.0865552 0.909349 
0.437651 0.139594 0.888243 
0.409512 0.19772 0.890622 
0.379235 0.254368 0.889651 
0.318043 0.259405 0.911898 
0.284655 0.314393 0.905609 
0.249862 0.368565 0.895393 
0.214638 0.422659 0.880505 
0.151882 0.427292 0.891265 
0.0886491 0.429841 0.898542 
0.0249787 0.429919 0.902522 
-0.0389415 0.427336 0.903254 
-0.102793 0.42211 0.900698 
-0.166214 0.414358 0.894808 
-0.228799 0.404362 0.885518 
-0.258877 0.346771 0.901517 
-0.286448 0.287127 0.91406 
-0.31306 0.229373 0.921619 
-0.37333 0.222816 0.900543 
-0.398633 0.165614 0.902033 
-0.423116 0.10799 0.899617 
-0.446958 0.0501606 0.893148 
-0.471291 -0.00746822 0.881946 
-0.447435 -0.0636276 0.89205 
-0.425061 -0.120093 0.897163 
-0.40589 -0.177478 0.896524 
-0.38354 -0.240341 0.891702 
-0.323994 -0.251855 0.911919 
-0.29462 -0.309258 0.904189 
-0.264804 -0.365492 0.892353 
-0.233818 -0.419348 0.877198 
-0.170906 -0.425913 0.888476 
-0.107346 -0.43002 0.896415 
-0.0432234 -0.432213 0.900735 
0.0214207 -0.432461 0.901398 
0.0867757 -0.430233 0.898538 
0.152834 -0.425055 0.892171 
0.218618 -0.418271 0.881621 
0.255585 -0.367714 0.894127 
0.280386 -0.314161 0.907021 
0.31131 -0.252299 0.916205 
0.347669 -0.196207 0.916858 
0.385579 -0.142069 0.911672 
0.421738 -0.0879255 0.902444 
0.399041 -0.0287161 0.916484 
0.487819 0.0208843 0.872695 
0.46357 0.0802601 0.882418 
0.493808 0.133944 0.859193 
0.467225 0.192131 0.86301 
0.438496 0.249087 0.863526 
0.40758 0.304555 0.860886 
0.346913 0.309559 0.885339 
0.312691 0.363453 0.877568 
0.277024 0.41656 0.865873 
0.241314 0.470154 0.848954 
0.1794 0.475884 0.861017 
0.116982 0.479514 0.869702 
0.0540968 0.480719 0.875204 
-0.00909216 0.479352 0.877576 
-0.0723392 0.475403 0.876789 
-0.135378 0.468952 0.872787 
-0.197937 0.460175 0.865483 
-0.259773 0.449457 0.854697 
-0.290368 0.393343 0.872334 
-0.319352 0.336284 0.885961 
-0.347013 0.279705 0.89518 
-0.407184 0.271979 0.871911 
-0.432928 0.215741 0.875231 
-0.457464 0.15919 0.874863 
-0.480989 0.102596 0.870703 
-0.503678 0.046327 0.862648 
-0.525741 -0.0098336 0.850588 
-0.50481 -0.0630021 0.860928 
-0.483015 -0.117008 0.867759 
-0.4628 -0.172911 0.869435 
-0.440226 -0.229788 0.867986 
-0.414955 -0.288503 0.86289 
-0.35591 -0.299572 0.885203 
-0.326287 -0.356351 0.875529 
-0.296682 -0.412443 0.861319 
-0.265134 -0.464746 0.844816 
-0.203313 -0.472918 0.857329 
-0.140358 -0.478057 0.867041 
-0.0766008 -0.481117 0.873303 
-0.0124341 -0.482241 0.87595 
0.0522242 -0.480901 0.875218 
0.117172 -0.47693 0.871096 
0.181688 -0.470909 0.86327 
0.245692 -0.463015 0.851617 
0.285607 -0.411795 0.865363 
0.324708 -0.361715 0.873915 
0.336248 -0.305504 0.890845 
0.370924 -0.250957 0.894112 
0.407361 -0.198771 0.891374 
0.443466 -0.146182 0.88429 
0.478002 -0.0926944 0.873454 
0.455669 -0.0335489 0.889517 
0.541718 0.0159296 0.840409 
0.518555 0.0751496 0.851735 
0.54792 0.129072 0.826513 
0.522675 0.187001 0.83177 
0.495484 0.24397 0.833651 
0.466125 0.299597 0.832448 
0.434535 0.353673 0.828309 
0.374523 0.358495 0.855111 
0.339461 0.411048 0.846053 
0.302862 0.462833 0.833102 
0.266806 0.516002 0.813976 
0.205938 0.522873 0.82716 
0.144499 0.527609 0.837107 
0.0825244 0.529946 0.844006 
0.0201662 0.52977 0.847902 
-0.0423644 0.527055 0.848775 
-0.10484 0.521841 0.846576 
-0.167037 0.514233 0.841227 
-0.228746 0.504459 0.832584 
-0.28983 0.492832 0.820436 
-0.321088 0.438128 0.839611 
-0.351288 0.383041 0.854328 
-0.380023 0.327773 0.864955 
-0.440151 0.318339 0.8396 
-0.466731 0.262591 0.844517 
-0.491934 0.20609 0.845889 
-0.51601 0.14891 0.84354 
-0.539248 0.0910005 0.837216 
-0.561128 0.0312708 0.827138 
-0.568317 -0.0401187 0.821831 
-0.544433 -0.100157 0.832803 
-0.521395 -0.158902 0.83839 
-0.498337 -0.217783 0.839185 
-0.47307 -0.275954 0.836692 
-0.445551 -0.333796 0.830701 
-0.386886 -0.34637 0.854604 
-0.356699 -0.402053 0.843279 
-0.327915 -0.458463 0.826004 
-0.294959 -0.50786 0.809369 
-0.235152 -0.518449 0.82214 
-0.173435 -0.524291 0.83369 
-0.11029 -0.528214 0.841918 
-0.0469471 -0.530492 0.846389 
0.0168287 -0.530337 0.84762 
0.0806725 -0.52776 0.845554 
0.143965 -0.523104 0.840021 
0.206476 -0.516547 0.830992 
0.267931 -0.508625 0.818238 
0.309003 -0.45894 0.833001 
0.349251 -0.409976 0.842582 
0.390423 -0.363692 0.845753 
0.389316 -0.308954 0.867745 
0.427547 -0.256656 0.866794 
0.463889 -0.204499 0.861967 
0.49886 -0.151625 0.853316 
0.532099 -0.0978854 0.841005 
0.510671 -0.0385426 0.858912 
0.593354 0.0113118 0.804862 
0.571415 0.0704312 0.817633 
0.59964 0.124807 0.790478 
0.575715 0.182635 0.796993 
0.549936 0.239504 0.80013 
0.522098 0.295158 0.800184 
0.492055 0.349328 0.797403 
0.459784 0.401836 0.791913 
0.400747 0.406133 0.821254 
0.364865 0.45709 0.811136 
0.327261 0.507204 0.797274 
0.291223 0.56012 0.775535 
0.231699 0.568115 0.789658 
0.171426 0.573944 0.80075 
0.110469 0.577398 0.808955 
0.0489963 0.578391 0.814287 
-0.0127818 0.576885 0.816725 
-0.0746423 0.572891 0.816226 
-0.136367 0.566463 0.812726 
-0.19775 0.557731 0.806121 
-0.258614 0.546947 0.796221 
-0.318828 0.534173 0.782948 
-0.350782 0.480755 0.803633 
-0.382157 0.427303 0.81937 
-0.411993 0.373253 0.83123 
-0.471503 0.362952 0.80371 
-0.498822 0.308042 0.810115 
-0.524549 0.252148 0.813185 
-0.548848 0.195398 0.812764 
-0.571827 0.137844 0.80871 
-0.593161 0.0790861 0.80119 
-0.608806 0.0171402 0.793134 
-0.617863 -0.0396962 0.785283 
-0.597168 -0.0947775 0.796497 
-0.575813 -0.151033 0.80351 
-0.553452 -0.207881 0.806521 
-0.529376 -0.265111 0.805902 
-0.502946 -0.321899 0.802138 
-0.474069 -0.378011 0.795215 
-0.416882 -0.391419 0.820366 
-0.385738 -0.445666 0.807829 
-0.360122 -0.503308 0.785489 
-0.321494 -0.547286 0.772735 
-0.263989 -0.564323 0.782208 
-0.206691 -0.569113 0.795858 
-0.144213 -0.573212 0.806616 
-0.081998 -0.577003 0.812615 
-0.0191624 -0.578019 0.815798 
0.0439666 -0.576895 0.815634 
0.106321 -0.573808 0.812059 
0.167931 -0.568664 0.805246 
0.228602 -0.561857 0.79502 
0.28839 -0.553052 0.781642 
0.329981 -0.505672 0.797125 
0.370768 -0.458837 0.807465 
0.411499 -0.412804 0.812565 
0.453229 -0.367865 0.811948 
0.442541 -0.315054 0.839582 
0.48187 -0.262938 0.835862 
0.517907 -0.21027 0.829192 
0.551892 -0.156882 0.819026 
0.583919 -0.102734 0.805285 
0.563527 -0.0434851 0.824953 
0.642498 0.00726995 0.766253 
0.621841 0.0662719 0.780334 
0.648677 0.121288 0.751337 
0.626006 0.179131 0.758966 
0.601521 0.236066 0.763181 
0.575027 0.291835 0.764314 
0.546362 0.346201 0.762649 
0.515478 0.398943 0.758371 
0.482424 0.44987 0.751588 
0.425326 0.45259 0.783747 
0.388735 0.501635 0.772818 
0.350115 0.549515 0.758586 
0.315543 0.602419 0.73316 
0.257966 0.611282 0.74819 
0.198941 0.618144 0.760474 
0.138873 0.622714 0.770027 
0.0780861 0.624885 0.776802 
0.0168556 0.624594 0.780768 
-0.0445693 0.621822 0.78189 
-0.105958 0.616591 0.780121 
-0.167092 0.608978 0.775388 
-0.227763 0.599145 0.767561 
-0.287762 0.587369 0.756433 
-0.346782 0.57332 0.742325 
-0.379162 0.521225 0.764566 
-0.411622 0.469445 0.781146 
-0.442456 0.416766 0.794065 
-0.500934 0.406124 0.764283 
-0.529044 0.352086 0.772106 
-0.555438 0.296752 0.776806 
-0.58024 0.2402 0.77822 
-0.603534 0.182372 0.7762 
-0.625022 0.12267 0.770908 
-0.64306 0.0589521 0.763544 
-0.658867 -0.00679723 0.752229 
-0.652623 -0.0763543 0.753825 
-0.630539 -0.136329 0.764091 
-0.607998 -0.194987 0.769622 
-0.584183 -0.252935 0.771203 
-0.558413 -0.310248 0.769364 
-0.530243 -0.366764 0.764412 
-0.498713 -0.422401 0.756877 
-0.446013 -0.435371 0.782 
-0.414986 -0.485277 0.769606 
-0.420264 -0.531408 0.735516 
-0.369117 -0.561361 0.740693 
-0.309474 -0.597014 0.740135 
-0.250486 -0.614572 0.748036 
-0.180778 -0.614363 0.768035 
-0.11826 -0.62111 0.77475 
-0.055356 -0.623383 0.779955 
0.00827379 -0.6233 0.781939 
0.0705394 -0.622138 0.779723 
0.131804 -0.618381 0.774747 
0.192227 -0.612789 0.766511 
0.251028 -0.605843 0.754943 
0.30731 -0.596325 0.741591 
0.348821 -0.551814 0.757512 
0.389794 -0.507513 0.768434 
0.430038 -0.46267 0.775244 
0.470806 -0.417954 0.776953 
0.51105 -0.371684 0.775035 
0.497076 -0.319103 0.806901 
0.535132 -0.267544 0.801283 
0.570089 -0.214877 0.792986 
0.602788 -0.161294 0.781429 
0.63344 -0.1069 0.766372 
0.614048 -0.0479649 0.78781 
0.688953 0.00381958 0.724796 
0.669602 0.0627793 0.740062 
0.694876 0.118334 0.709327 
0.673362 0.176332 0.717977 
0.650014 0.233529 0.72315 
0.624619 0.289686 0.725212 
0.596967 0.344601 0.724487 
0.566927 0.398118 0.721176 
0.534428 0.450121 0.715387 
0.499362 0.500552 0.707168 
0.447307 0.498805 0.742368 
0.410228 0.545584 0.730788 
0.370977 0.59017 0.716991 
0.293308 0.649415 0.701592 
0.231604 0.658555 0.716006 
0.170246 0.664863 0.727306 
0.108839 0.668536 0.735673 
0.0473088 0.669624 0.741192 
-0.014284 0.668153 0.743886 
-0.0758171 0.664151 0.743744 
-0.137136 0.657671 0.740718 
-0.19806 0.648827 0.734708 
-0.258356 0.637863 0.725522 
-0.317549 0.625268 0.712884 
-0.374062 0.610505 0.698113 
-0.40586 0.559873 0.722371 
-0.439269 0.509954 0.739588 
-0.471017 0.458766 0.753444 
-0.527297 0.449185 0.721242 
-0.556451 0.395912 0.73049 
-0.583675 0.341235 0.736805 
-0.609065 0.285244 0.740051 
-0.63266 0.227962 0.740118 
-0.654209 0.169164 0.737153 
-0.672651 0.108256 0.731998 
-0.688484 0.0471368 0.723718 
-0.703287 -0.0109694 0.710821 
-0.697172 -0.0677263 0.713698 
-0.679641 -0.126698 0.722521 
-0.658785 -0.184268 0.729416 
-0.636194 -0.241537 0.732746 
-0.611624 -0.298332 0.732744 
-0.584845 -0.354299 0.729677 
-0.555919 -0.408965 0.723673 
-0.522506 -0.460207 0.717772 
-0.469604 -0.486185 0.736951 
-0.4665 -0.544021 0.697437 
-0.414461 -0.583161 0.698674 
-0.359528 -0.613756 0.702882 
-0.30269 -0.643724 0.70285 
-0.251651 -0.672194 0.696296 
-0.207959 -0.6512 0.729857 
-0.148041 -0.6639 0.733022 
-0.0889441 -0.666275 0.740382 
-0.0244018 -0.666259 0.745321 
0.0384615 -0.667047 0.744022 
0.100746 -0.664827 0.740173 
0.163059 -0.65944 0.73386 
0.22658 -0.652353 0.723254 
0.291688 -0.643167 0.707993 
0.35789 -0.602166 0.71366 
0.402488 -0.5588 0.725084 
0.443942 -0.514439 0.733667 
0.484657 -0.469622 0.737945 
0.524998 -0.423853 0.738056 
0.563944 -0.376292 0.735099 
0.550551 -0.322688 0.769913 
0.586659 -0.271435 0.76299 
0.620104 -0.218813 0.753387 
0.651301 -0.165112 0.740639 
0.68044 -0.110535 0.724419 
0.662094 -0.0518272 0.747627 
0.732542 0.000702414 0.680722 
0.714554 0.0597449 0.697025 
0.73825 0.115363 0.664589 
0.717876 0.173484 0.674209 
0.695646 0.230874 0.680274 
0.671347 0.287285 0.683199 
0.644748 0.342507 0.683366 
0.615705 0.396368 0.681028 
0.584135 0.448722 0.676339 
0.549947 0.499432 0.669422 
0.512897 0.548346 0.660495 
0.461386 0.549459 0.696576 
0.418897 0.597043 0.684153 
0.356741 0.636814 0.683523 
0.319561 0.683901 0.655866 
0.259856 0.695358 0.670039 
0.199445 0.703541 0.682093 
0.1385 0.708875 0.691602 
0.0771508 0.711478 0.69846 
0.0155284 0.711401 0.702614 
-0.0462388 0.708669 0.704024 
-0.108046 0.703295 0.70264 
-0.169848 0.695287 0.698375 
-0.231751 0.68466 0.691037 
-0.294272 0.67142 0.680146 
-0.359185 0.655651 0.66416 
-0.426787 0.600385 0.676307 
-0.462755 0.551239 0.694257 
-0.51614 0.543795 0.66173 
-0.496113 0.500968 0.709156 
-0.549657 0.492271 0.674942 
-0.580478 0.439414 0.685537 
-0.608985 0.385168 0.693385 
-0.635371 0.32955 0.698355 
-0.659725 0.272557 0.700339 
-0.681933 0.21403 0.699399 
-0.701461 0.15359 0.695962 
-0.718257 0.0916592 0.689714 
-0.734317 0.028498 0.678208 
-0.741751 -0.0417176 0.669377 
-0.726844 -0.107838 0.678284 
-0.707851 -0.16943 0.685741 
-0.68596 -0.228395 0.690866 
-0.661945 -0.286359 0.692696 
-0.63544 -0.343709 0.691433 
-0.605837 -0.400794 0.687259 
-0.571393 -0.458305 0.680784 
-0.556278 -0.522272 0.646364 
-0.515764 -0.509474 0.688784 
-0.509021 -0.562705 0.651352 
-0.459402 -0.597987 0.656781 
-0.406622 -0.632685 0.659066 
-0.352358 -0.662294 0.661219 
-0.298854 -0.692075 0.657053 
-0.241041 -0.717755 0.653243 
-0.18988 -0.697074 0.6914 
-0.128921 -0.709432 0.692883 
-0.0586962 -0.70501 0.706764 
0.00520337 -0.70846 0.705732 
0.0676136 -0.708331 0.702635 
0.129199 -0.704555 0.697789 
0.190473 -0.697199 0.69111 
0.252066 -0.688943 0.679574 
0.307543 -0.682761 0.662763 
0.354709 -0.647092 0.674873 
0.408907 -0.608807 0.679815 
0.453511 -0.565777 0.688639 
0.495187 -0.521345 0.694975 
0.535854 -0.475953 0.697373 
0.575391 -0.429201 0.696213 
0.613091 -0.380744 0.692209 
0.601132 -0.326692 0.729323 
0.635542 -0.275259 0.721332 
0.667448 -0.222465 0.71065 
0.697098 -0.168569 0.696878 
0.724683 -0.113832 0.679615 
0.707454 -0.0552273 0.704598 
0.773146 -0.00244414 0.634223 
0.756648 0.0567015 0.651359 
0.778807 0.111871 0.617208 
0.759567 0.170108 0.627791 
0.738434 0.227715 0.634713 
0.715192 0.28442 0.63844 
0.689586 0.340014 0.639423 
0.661447 0.394334 0.637957 
0.630656 0.447247 0.634226 
0.597073 0.498644 0.628377 
0.560379 0.548432 0.620643 
0.519644 0.596466 0.611717 
0.472147 0.595166 0.650273 
0.425269 0.638253 0.6417 
0.37755 0.670735 0.638413 
0.291762 0.727733 0.620709 
0.230518 0.738414 0.633724 
0.169221 0.745702 0.644432 
0.107701 0.749991 0.65262 
0.0459673 0.751438 0.658201 
-0.0158928 0.750108 0.661124 
-0.0777646 0.746024 0.661363 
-0.139537 0.739183 0.658892 
-0.201139 0.729546 0.653686 
-0.262595 0.717003 0.645717 
-0.324134 0.701261 0.634957 
-0.385917 0.684573 0.618408 
-0.426689 0.642715 0.636281 
-0.489059 0.632246 0.600905 
-0.478626 0.594273 0.646341 
-0.531782 0.584117 0.613201 
-0.581911 0.573942 0.576169 
-0.568261 0.533604 0.626375 
-0.601099 0.481535 0.637812 
-0.631154 0.427968 0.646906 
-0.65877 0.372946 0.653402 
-0.6841 0.316503 0.65714 
-0.707121 0.258607 0.658105 
-0.727558 0.199154 0.656504 
-0.745238 0.138483 0.65226 
-0.77298 0.0136 0.634285 
-0.782295 -0.0412974 0.621537 
-0.767407 -0.0974445 0.633712 
-0.751777 -0.156783 0.640508 
-0.7324 -0.215229 0.645962 
-0.710199 -0.27241 0.649161 
-0.685666 -0.328493 0.649581 
-0.658867 -0.383178 0.647356 
-0.629812 -0.435781 0.642987 
-0.600185 -0.485611 0.635578 
-0.602688 -0.53187 0.594879 
-0.554717 -0.571514 0.604699 
-0.505186 -0.610831 0.60965 
-0.453768 -0.645934 0.613892 
-0.400858 -0.678631 0.615445 
-0.347511 -0.708126 0.61465 
-0.292419 -0.735616 0.611032 
-0.236374 -0.759076 0.606573 
-0.181844 -0.738907 0.648806 
-0.128752 -0.761077 0.635756 
-0.0846398 -0.740463 0.666746 
-0.0235701 -0.746916 0.6645 
0.037951 -0.748586 0.661951 
0.0995046 -0.746633 0.657752 
0.16129 -0.740322 0.652617 
0.224507 -0.729613 0.645958 
0.293635 -0.724974 0.623049 
0.355739 -0.693124 0.62692 
0.406555 -0.655589 0.63633 
0.457488 -0.615455 0.64181 
0.502002 -0.572062 0.648644 
0.543725 -0.52716 0.653043 
0.583999 -0.481047 0.653864 
0.622611 -0.433479 0.651499 
0.65909 -0.384317 0.646453 
0.648618 -0.330548 0.685589 
0.681512 -0.278774 0.676628 
0.71191 -0.22572 0.665007 
0.740012 -0.171624 0.650329 
0.766064 -0.116851 0.632054 
0.749955 -0.0584163 0.658904 
0.810692 -0.00592911 0.585442 
0.795868 0.0532067 0.603128 
0.816665 0.106933 0.567119 
0.798575 0.165211 0.578778 
0.778575 0.223008 0.586591 
0.756435 0.279969 0.59112 
0.731888 0.335862 0.592906 
0.704757 0.390513 0.592298 
0.674931 0.44377 0.589522 
0.642289 0.495488 0.58477 
0.606608 0.545508 0.578315 
0.567394 0.59355 0.570756 
0.524022 0.63889 0.563224 
0.478301 0.680305 0.555349 
0.419624 0.685823 0.594611 
0.353342 0.713469 0.605071 
0.320875 0.756292 0.570141 
0.2605 0.769237 0.583451 
0.199497 0.778711 0.594819 
0.138094 0.784878 0.604066 
0.0763872 0.788007 0.610909 
0.014505 0.788227 0.615213 
-0.0473958 0.785601 0.616916 
-0.109143 0.78015 0.615999 
-0.170559 0.771871 0.612474 
-0.231461 0.760729 0.606397 
-0.291632 0.746635 0.597902 
-0.350665 0.730057 0.586558 
-0.409022 0.713523 0.568846 
-0.448689 0.674167 0.586666 
-0.498067 0.671569 0.548565 
-0.540879 0.623815 0.564185 
-0.592576 0.610597 0.525382 
-0.630821 0.560735 0.536322 
-0.617729 0.522425 0.587777 
-0.649865 0.469451 0.597739 
-0.679071 0.415006 0.605502 
-0.705686 0.359095 0.610784 
-0.729813 0.301695 0.613476 
-0.75135 0.242725 0.613643 
-0.770189 0.182216 0.611233 
-0.786293 0.120165 0.606056 
-0.760134 0.0770349 0.645184 
-0.815689 -0.0122897 0.57836 
-0.808947 -0.0798459 0.582435 
-0.793393 -0.140293 0.592323 
-0.775753 -0.200259 0.598417 
-0.754964 -0.258798 0.60254 
-0.731417 -0.316076 0.604256 
-0.705271 -0.372323 0.603297 
-0.676403 -0.42755 0.599733 
-0.645216 -0.481718 0.592996 
-0.64746 -0.527994 0.549561 
-0.598494 -0.577617 0.555124 
-0.549066 -0.618746 0.561854 
-0.498386 -0.656937 0.565726 
-0.446442 -0.691231 0.568234 
-0.393432 -0.722776 0.568161 
-0.339207 -0.751323 0.566086 
-0.283777 -0.777113 0.561752 
-0.227921 -0.799941 0.555109 
-0.181474 -0.780359 0.59842 
-0.171067 -0.819983 0.546226 
-0.124537 -0.799102 0.588155 
-0.0625418 -0.779928 0.622737 
0.00243862 -0.784756 0.6198 
0.0656235 -0.7853 0.615628 
0.127378 -0.781536 0.610718 
0.188125 -0.772965 0.605916 
0.247811 -0.759917 0.600929 
0.349708 -0.733792 0.582455 
0.405718 -0.699415 0.588398 
0.456223 -0.661169 0.59558 
0.504785 -0.620073 0.600585 
0.548721 -0.576324 0.605604 
0.590054 -0.530981 0.60819 
0.629599 -0.484255 0.607538 
0.667145 -0.436027 0.603985 
0.702366 -0.386268 0.597896 
0.693168 -0.3336 0.638929 
0.724611 -0.281476 0.629055 
0.753504 -0.228165 0.616581 
0.780066 -0.173933 0.601037 
0.804671 -0.119371 0.581598 
0.789526 -0.0616008 0.610618 
0.84518 -0.0101646 0.534384 
0.832304 0.0485221 0.552192 
0.852079 0.0989328 0.513978 
0.835057 0.157366 0.527177 
0.816196 0.215601 0.536041 
0.795179 0.273041 0.541423 
0.771695 0.329442 0.544017 
0.745553 0.384647 0.54424 
0.716627 0.438519 0.542353 
0.684781 0.490932 0.538572 
0.649786 0.541762 0.533172 
0.611198 0.590845 0.52663 
0.568478 0.63788 0.51956 
0.522252 0.682461 0.511371 
0.474258 0.724766 0.499793 
0.433884 0.717526 0.544886 
0.38063 0.737714 0.557583 
0.354819 0.778304 0.518022 
0.292606 0.79536 0.530834 
0.230819 0.80743 0.542936 
0.168937 0.815818 0.553083 
0.106904 0.820839 0.561066 
0.0447427 0.822747 0.566644 
-0.017446 0.821673 0.569693 
-0.079517 0.817673 0.570165 
-0.141309 0.810763 0.568062 
-0.202663 0.800922 0.563429 
-0.263435 0.78807 0.55637 
-0.3235 0.772249 0.54679 
-0.383381 0.753233 0.534471 
-0.41872 0.765298 0.488869 
-0.453422 0.717335 0.528998 
-0.510701 0.702364 0.495852 
-0.551935 0.657589 0.512781 
-0.599978 0.646077 0.471816 
-0.639964 0.59732 0.483379 
-0.665167 0.508862 0.546454 
-0.696146 0.455309 0.555044 
-0.724215 0.400187 0.561572 
-0.749584 0.343542 0.565776 
-0.772261 0.285391 0.567596 
-0.792156 0.225808 0.567009 
-0.809218 0.164977 0.56387 
-0.823146 0.10323 0.558367 
-0.798433 0.0554105 0.599529 
-0.853008 -0.0021061 0.521893 
-0.842515 -0.0608124 0.53523 
-0.831297 -0.124265 0.541759 
-0.815175 -0.18452 0.549037 
-0.796145 -0.243837 0.553802 
-0.773985 -0.301933 0.556583 
-0.748817 -0.359002 0.557128 
-0.72043 -0.415367 0.555384 
-0.688386 -0.471637 0.551074 
-0.671657 -0.547608 0.499002 
-0.630854 -0.588409 0.505764 
-0.585933 -0.628683 0.511312 
-0.538262 -0.666436 0.515885 
-0.488255 -0.701937 0.518548 
-0.436448 -0.734613 0.519477 
-0.383008 -0.764661 0.518265 
-0.328143 -0.791869 0.515039 
-0.272132 -0.816363 0.509408 
-0.214934 -0.837911 0.501705 
-0.156697 -0.856687 0.491461 
-0.113804 -0.837673 0.534183 
-0.0694756 -0.815173 0.575035 
-0.0116776 -0.819658 0.572734 
0.0470175 -0.821012 0.568972 
0.106654 -0.818523 0.564486 
0.167472 -0.810844 0.56079 
0.230383 -0.797571 0.557498 
0.297988 -0.765414 0.57039 
0.34955 -0.772016 0.530854 
0.401816 -0.739456 0.540138 
0.454343 -0.70371 0.546228 
0.503556 -0.664611 0.552018 
0.550287 -0.622743 0.556216 
0.593422 -0.578532 0.559599 
0.634096 -0.532669 0.560524 
0.672732 -0.485306 0.55849 
0.709142 -0.436407 0.553775 
0.743086 -0.385991 0.546657 
0.735047 -0.335053 0.589445 
0.765054 -0.282511 0.578688 
0.792458 -0.22881 0.565382 
0.817563 -0.17425 0.548843 
0.841067 -0.119946 0.527464 
0.826237 -0.0648042 0.559583 
0.876727 -0.0140395 0.480784 
0.866276 0.0416622 0.497826 
0.885782 0.0807895 0.457015 
0.869135 0.143323 0.473353 
0.851364 0.203612 0.483447 
0.831523 0.26227 0.489678 
0.809179 0.319554 0.493067 
0.784125 0.375501 0.494112 
0.756231 0.430062 0.493114 
0.725367 0.483151 0.490314 
0.691325 0.534668 0.486004 
0.653738 0.584487 0.480627 
0.612167 0.632414 0.474661 
0.566701 0.678263 0.467771 
0.517355 0.722285 0.458964 
0.45647 0.765001 0.454321 
0.416068 0.758328 0.501823 
0.387486 0.795757 0.46543 
0.324456 0.815996 0.478414 
0.261737 0.831585 0.489857 
0.199428 0.842512 0.500402 
0.137091 0.849672 0.50918 
0.0746519 0.853429 0.515835 
0.0121493 0.854013 0.52011 
-0.050305 0.851534 0.521881 
-0.112567 0.846032 0.521113 
-0.174487 0.837496 0.517836 
-0.235928 0.825859 0.512148 
-0.296783 0.811027 0.504139 
-0.35727 0.792528 0.494224 
-0.393212 0.805102 0.444067 
-0.451652 0.779804 0.433493 
-0.472833 0.741807 0.475554 
-0.556406 0.693048 0.458364 
-0.607286 0.67629 0.416936 
-0.647533 0.63006 0.428632 
-0.685261 0.581218 0.438866 
-0.676685 0.546488 0.493404 
-0.70974 0.493825 0.502401 
-0.739524 0.439495 0.509852 
-0.766363 0.383557 0.515336 
-0.790386 0.326008 0.51866 
-0.811576 0.2668 0.519771 
-0.829881 0.205769 0.51861 
-0.84524 0.142362 0.515075 
-0.85738 0.0752827 0.509148 
-0.83222 0.0420316 0.55285 
-0.875453 -0.0483319 0.480881 
-0.864563 -0.107877 0.490809 
-0.851123 -0.168561 0.49717 
-0.83394 -0.227654 0.50271 
-0.813773 -0.285579 0.506179 
-0.790686 -0.342058 0.507752 
-0.764838 -0.39695 0.507399 
-0.73641 -0.450032 0.505145 
-0.705303 -0.500873 0.501672 
-0.711031 -0.541462 0.448614 
-0.670187 -0.589491 0.450943 
-0.625674 -0.631688 0.457714 
-0.578813 -0.671343 0.462897 
-0.52975 -0.708244 0.466642 
-0.478701 -0.74258 0.468423 
-0.425878 -0.774141 0.46833 
-0.371466 -0.802943 0.46615 
-0.315712 -0.828898 0.461794 
-0.258683 -0.851947 0.455268 
-0.200524 -0.871964 0.446619 
-0.0951801 -0.871144 0.481714 
-0.0526432 -0.849478 0.524991 
0.00793474 -0.853243 0.521453 
0.0676969 -0.853386 0.516864 
0.126444 -0.849405 0.51237 
0.184181 -0.840353 0.509789 
0.241259 -0.827179 0.507513 
0.293157 -0.800691 0.522449 
0.341497 -0.808654 0.479018 
0.396852 -0.777713 0.487515 
0.449214 -0.743488 0.495411 
0.500136 -0.70626 0.501059 
0.548205 -0.666097 0.505752 
0.593579 -0.623385 0.508975 
0.635864 -0.57856 0.510828 
0.675703 -0.532081 0.510211 
0.713278 -0.484076 0.506858 
0.74842 -0.434574 0.501012 
0.780932 -0.383625 0.492928 
0.774396 -0.334105 0.537294 
0.802991 -0.280778 0.525709 
0.828975 -0.225962 0.511606 
0.852907 -0.169507 0.493778 
0.877366 -0.11237 0.466479 
0.86056 -0.0673858 0.504871 
0.899772 0.0162639 0.436056 
0.913064 0.069286 0.401888 
0.924452 0.112382 0.364361 
0.898292 0.130705 0.419509 
0.882587 0.191129 0.429545 
0.864436 0.250029 0.43616 
0.843569 0.307642 0.440168 
0.819864 0.363998 0.441959 
0.793235 0.419032 0.441803 
0.763586 0.472644 0.439937 
0.730764 0.524713 0.436646 
0.694525 0.575084 0.432334 
0.654625 0.623526 0.427413 
0.611192 0.669715 0.421812 
0.564652 0.713375 0.415046 
0.514775 0.753748 0.408499 
0.467222 0.788176 0.400602 
0.413519 0.810596 0.414652 
0.353088 0.833387 0.425199 
0.29148 0.851293 0.436279 
0.22922 0.864962 0.446429 
0.166823 0.874408 0.455611 
0.104245 0.880159 0.463091 
0.0415256 0.882512 0.468452 
-0.021239 0.88164 0.471444 
-0.0839154 0.877616 0.471963 
-0.146363 0.870443 0.470007 
-0.208457 0.860062 0.465659 
-0.270116 0.846338 0.459074 
-0.331482 0.828797 0.450794 
-0.366079 0.841 0.398378 
-0.425521 0.81677 0.389639 
-0.484598 0.786172 0.383534 
-0.512538 0.742883 0.430615 
-0.564654 0.719051 0.40513 
-0.603439 0.711549 0.359944 
-0.648946 0.663749 0.371895 
-0.689552 0.615022 0.382447 
-0.726415 0.5646 0.391852 
-0.72 0.530036 0.447954 
-0.751463 0.476907 0.455921 
-0.779802 0.422067 0.462351 
-0.805166 0.365659 0.466906 
-0.827571 0.307813 0.469444 
-0.84694 0.248702 0.469936 
-0.863149 0.188643 0.468388 
-0.876129 0.128429 0.464655 
-0.886326 0.0701592 0.457715 
-0.881406 0.0137051 0.47216 
-0.895415 -0.0904571 0.435946 
-0.883184 -0.151251 0.44397 
-0.8679 -0.211427 0.449498 
-0.849291 -0.270114 0.45359 
-0.827683 -0.327445 0.455763 
-0.803156 -0.383294 0.456099 
-0.775783 -0.437602 0.454605 
-0.745332 -0.490349 0.451705 
-0.747676 -0.531478 0.398135 
-0.70856 -0.582134 0.398826 
-0.665079 -0.628981 0.402557 
-0.618925 -0.670961 0.408343 
-0.570543 -0.710003 0.412768 
-0.520109 -0.746168 0.415596 
-0.467783 -0.779561 0.41649 
-0.413759 -0.810075 0.415429 
-0.358235 -0.837694 0.412234 
-0.301351 -0.862329 0.40691 
-0.243207 -0.883881 0.399505 
-0.183431 -0.901929 0.390996 
-0.140348 -0.888226 0.437444 
-0.0788275 -0.899988 0.428729 
-0.0314045 -0.879959 0.47401 
0.0317637 -0.8826 0.469051 
0.0947759 -0.881106 0.463325 
0.157756 -0.87404 0.459528 
0.220872 -0.860547 0.458992 
0.285779 -0.836798 0.46701 
0.332889 -0.842142 0.424244 
0.388233 -0.812917 0.434098 
0.442271 -0.780464 0.441896 
0.493904 -0.744871 0.448581 
0.543543 -0.706357 0.453454 
0.590493 -0.66513 0.457078 
0.634706 -0.621537 0.459173 
0.676075 -0.575991 0.459518 
0.714934 -0.528826 0.457397 
0.751315 -0.480181 0.452717 
0.785057 -0.43014 0.44572 
0.815985 -0.37877 0.436694 
0.810662 -0.331262 0.482797 
0.837527 -0.277461 0.470705 
0.86157 -0.222068 0.456489 
0.883189 -0.164415 0.439256 
0.908908 -0.102883 0.404107 
0.894339 -0.0565737 0.443799 
0.943043 -0.0204799 0.332041 
0.924969 0.0162092 0.379696 
0.945108 0.0997319 0.311167 
0.934577 0.159874 0.317815 
0.910699 0.174962 0.374186 
0.894308 0.234825 0.380882 
0.874999 0.293016 0.38538 
0.852744 0.349849 0.387857 
0.827494 0.405364 0.388501 
0.79918 0.459501 0.387518 
0.767689 0.512154 0.385165 
0.732841 0.563184 0.381797 
0.694446 0.612398 0.377774 
0.652471 0.65957 0.373162 
0.606928 0.704577 0.367708 
0.557357 0.747449 0.361487 
0.504922 0.788184 0.351881 
0.442718 0.82272 0.356556 
0.382388 0.846352 0.370766 
0.320657 0.86703 0.381364 
0.258615 0.883121 0.391428 
0.196208 0.894994 0.400611 
0.133602 0.902858 0.408654 
0.0707892 0.907093 0.414935 
0.00784397 0.907926 0.419056 
-0.0551101 0.905471 0.420814 
-0.11793 0.899756 0.420156 
-0.180482 0.89074 0.417143 
-0.214663 0.906794 0.362828 
-0.242661 0.878303 0.411947 
-0.304476 0.86209 0.405087 
-0.338483 0.873089 0.350919 
-0.398481 0.85058 0.343113 
-0.457166 0.82352 0.335878 
-0.512102 0.794846 0.325532 
-0.53758 0.757251 0.370917 
-0.613507 0.728907 0.303816 
-0.654153 0.687516 0.315286 
-0.693735 0.642705 0.325057 
-0.730943 0.594898 0.334394 
-0.765423 0.544575 0.34288 
-0.759851 0.512354 0.40015 
-0.789963 0.45837 0.407254 
-0.816939 0.402747 0.412801 
-0.840884 0.345568 0.416531 
-0.861794 0.286892 0.418334 
-0.879619 0.226754 0.418155 
-0.89435 0.165142 0.415773 
-0.906561 0.102108 0.409537 
-0.909827 0.0341991 0.413577 
-0.903905 -0.027695 0.426837 
-0.911514 -0.133167 0.389112 
-0.897782 -0.194314 0.395259 
-0.880765 -0.254189 0.399551 
-0.860514 -0.312583 0.402252 
-0.83719 -0.369539 0.40318 
-0.810823 -0.425005 0.402414 
-0.78121 -0.478981 0.400359 
-0.781257 -0.519488 0.346077 
-0.744017 -0.571288 0.346509 
-0.702371 -0.620475 0.348836 
-0.657304 -0.665938 0.352815 
-0.609763 -0.707283 0.357687 
-0.560034 -0.745561 0.361249 
-0.508305 -0.780868 0.36314 
-0.454755 -0.81324 0.363096 
-0.399595 -0.842605 0.361028 
-0.343013 -0.86891 0.356843 
-0.285188 -0.89205 0.350591 
-0.226108 -0.911776 0.34284 
-0.166002 -0.927735 0.334293 
-0.122167 -0.915983 0.382166 
-0.0599118 -0.925743 0.373377 
-0.0176938 -0.906977 0.420808 
0.0421479 -0.908934 0.414804 
0.100569 -0.907245 0.408403 
0.157953 -0.900538 0.405071 
0.215523 -0.887866 0.406503 
0.273647 -0.867367 0.415682 
0.318424 -0.872799 0.369904 
0.376689 -0.845491 0.378485 
0.431852 -0.814639 0.387128 
0.485088 -0.780613 0.394124 
0.535982 -0.743586 0.399753 
0.584585 -0.703756 0.403717 
0.630518 -0.661376 0.406237 
0.673704 -0.616779 0.407071 
0.714133 -0.570334 0.405874 
0.751946 -0.522304 0.402214 
0.787093 -0.472828 0.396129 
0.819429 -0.42197 0.387915 
0.848808 -0.36972 0.377931 
0.843959 -0.326099 0.425902 
0.86888 -0.272112 0.413524 
0.890659 -0.216623 0.399751 
0.908847 -0.15829 0.38593 
0.931752 -0.138827 0.335508 
0.9192 -0.0415468 0.391592 
0.960623 0.00656045 0.277778 
0.942639 0.044908 0.33078 
0.956329 0.132637 0.260465 
0.944329 0.194253 0.265532 
0.920434 0.218629 0.324041 
0.903043 0.276438 0.328779 
0.882501 0.333254 0.331864 
0.858845 0.388983 0.333284 
0.832062 0.443483 0.333161 
0.802103 0.496594 0.3317 
0.768887 0.548126 0.329197 
0.732347 0.59784 0.325968 
0.692552 0.645433 0.322161 
0.649738 0.690582 0.317707 
0.604259 0.732941 0.31252 
0.557228 0.772043 0.305691 
0.509611 0.807837 0.296136 
0.458818 0.835904 0.301249 
0.403137 0.859574 0.314027 
0.345393 0.880264 0.325328 
0.285426 0.897889 0.335153 
0.224222 0.911666 0.344369 
0.162216 0.921571 0.352694 
0.0997075 0.92772 0.359714 
0.0368494 0.930331 0.364865 
-0.0261876 0.929533 0.367809 
-0.0892256 0.92537 0.368415 
-0.152099 0.91782 0.366704 
-0.186199 0.931691 0.311901 
-0.248694 0.918494 0.30744 
-0.276826 0.892061 0.357204 
-0.310604 0.901359 0.301789 
-0.371194 0.880557 0.294677 
-0.430461 0.855705 0.287181 
-0.48735 0.827853 0.277758 
-0.566092 0.760145 0.318935 
-0.595557 0.761503 0.255781 
-0.647664 0.71845 0.253694 
-0.69042 0.673196 0.264816 
-0.7301 0.625668 0.274761 
-0.766574 0.576073 0.283734 
-0.799876 0.524446 0.291814 
-0.796935 0.492037 0.350419 
-0.8254 0.437546 0.356748 
-0.850831 0.381279 0.361543 
-0.873213 0.323334 0.364629 
-0.892478 0.263711 0.365977 
-0.908535 0.20223 0.365606 
-0.921359 0.138142 0.363338 
-0.929178 0.0661376 0.363667 
-0.928559 -0.00526304 0.371148 
-0.921679 -0.0700484 0.381578 
-0.935331 -0.118302 0.333407 
-0.923459 -0.178687 0.33955 
-0.908091 -0.238416 0.344281 
-0.889362 -0.297249 0.347388 
-0.867374 -0.354881 0.348887 
-0.842189 -0.411173 0.34879 
-0.813656 -0.466049 0.34751 
-0.811801 -0.505404 0.292483 
-0.776346 -0.558094 0.292948 
-0.736681 -0.608574 0.294853 
-0.693311 -0.656188 0.297888 
-0.646874 -0.700333 0.301806 
-0.598027 -0.740826 0.305845 
-0.547014 -0.7782 0.308514 
-0.494044 -0.812507 0.30944 
-0.43932 -0.843735 0.308397 
-0.38306 -0.871817 0.305287 
-0.325476 -0.896675 0.300067 
-0.266703 -0.918149 0.293041 
-0.206934 -0.935998 0.284758 
-0.146395 -0.950002 0.275798 
-0.105358 -0.939675 0.325439 
-0.0446874 -0.947454 0.316756 
0.00314997 -0.930855 0.365375 
0.0663346 -0.931286 0.358199 
0.130211 -0.926771 0.352335 
0.194457 -0.915156 0.353095 
0.258325 -0.896266 0.360521 
0.304986 -0.899153 0.31386 
0.362716 -0.874271 0.322626 
0.419144 -0.845506 0.330813 
0.47339 -0.813235 0.338453 
0.525695 -0.777766 0.344564 
0.575725 -0.739338 0.349171 
0.623339 -0.698179 0.352128 
0.668275 -0.65458 0.35346 
0.710447 -0.608877 0.352894 
0.749847 -0.561398 0.350088 
0.786491 -0.512368 0.344836 
0.820285 -0.461882 0.337337 
0.851104 -0.409905 0.328025 
0.87883 -0.356304 0.31734 
0.875117 -0.315998 0.366492 
0.898237 -0.260571 0.35394 
0.924357 -0.242656 0.294419 
0.917774 -0.202448 0.341623 
0.95197 -0.116518 0.283156 
0.93536 -0.0808321 0.344338 
0.973758 -0.0296683 0.225642 
0.962014 0.0657301 0.264971 
0.972665 0.0979148 0.210559 
0.96412 0.164254 0.208551 
0.950672 0.226354 0.212101 
0.928681 0.253701 0.270531 
0.909744 0.311715 0.274226 
0.887611 0.368426 0.276421 
0.862313 0.423811 0.27713 
0.83384 0.477764 0.276499 
0.802163 0.530131 0.274767 
0.767254 0.580711 0.272207 
0.729151 0.629267 0.269002 
0.687957 0.675573 0.265172 
0.643769 0.719465 0.260639 
0.596732 0.76089 0.254869 
0.546555 0.800222 0.246824 
0.489349 0.837351 0.243682 
0.429613 0.866346 0.254709 
0.370878 0.88965 0.266407 
0.311658 0.908935 0.276959 
0.251367 0.924544 0.286415 
0.190192 0.936339 0.295122 
0.128278 0.944384 0.302793 
0.0657804 0.948805 0.308936 
0.00286834 0.94973 0.313057 
-0.0602391 0.947204 0.314921 
-0.123326 0.941213 0.314498 
-0.157229 0.952896 0.259363 
-0.220011 0.941293 0.256053 
-0.282166 0.9259 0.25118 
-0.343121 0.906846 0.244743 
-0.402714 0.883989 0.237454 
-0.460464 0.857653 0.22892 
-0.517085 0.827004 0.220654 
-0.543201 0.795177 0.269493 
-0.571712 0.793022 0.210386 
-0.628952 0.750415 0.203216 
-0.681241 0.702573 0.205675 
-0.724808 0.654464 0.215244 
-0.763872 0.605268 0.22394 
-0.799186 0.554445 0.232147 
-0.831117 0.501818 0.239632 
-0.830029 0.470898 0.298844 
-0.857048 0.415593 0.30455 
-0.88093 0.358691 0.308711 
-0.901613 0.300339 0.311273 
-0.918981 0.240698 0.31231 
-0.932887 0.179989 0.31197 
-0.942793 0.118411 0.311641 
-0.94911 0.0595295 0.309268 
-0.948604 0.00166358 0.31646 
-0.943704 -0.0580442 0.325659 
-0.95626 -0.0987929 0.275329 
-0.945925 -0.159844 0.28227 
-0.932084 -0.220293 0.28756 
-0.914794 -0.279836 0.291279 
-0.894155 -0.338271 0.293358 
-0.870221 -0.395399 0.293895 
-0.842895 -0.451123 0.293285 
-0.839271 -0.489053 0.237595 
-0.805532 -0.542595 0.238136 
-0.767791 -0.594107 0.239861 
-0.726334 -0.643116 0.242573 
-0.681511 -0.689225 0.245992 
-0.633789 -0.732091 0.24971 
-0.583669 -0.771585 0.252957 
-0.531406 -0.807919 0.254704 
-0.477244 -0.841075 0.25462 
-0.421416 -0.871002 0.252516 
-0.364177 -0.897621 0.248297 
-0.305754 -0.920826 0.242063 
-0.246377 -0.94045 0.234206 
-0.186163 -0.956318 0.225386 
-0.125027 -0.968286 0.216312 
-0.0852069 -0.960012 0.266676 
-0.023522 -0.965957 0.257633 
0.015203 -0.951111 0.308475 
0.0738168 -0.950749 0.301042 
0.131175 -0.946349 0.295324 
0.188284 -0.936028 0.297323 
0.246136 -0.919853 0.305429 
0.345894 -0.900124 0.264827 
0.403141 -0.873319 0.273481 
0.458721 -0.84286 0.281358 
0.512283 -0.809012 0.288211 
0.563801 -0.772023 0.293444 
0.612982 -0.732137 0.297034 
0.659626 -0.689607 0.29889 
0.703529 -0.644748 0.29891 
0.744599 -0.597899 0.296797 
0.782789 -0.549366 0.2923 
0.818042 -0.499311 0.285474 
0.850271 -0.447695 0.276781 
0.879382 -0.394355 0.266781 
0.905271 -0.339009 0.256042 
0.903345 -0.300814 0.305743 
0.927738 -0.281029 0.245612 
0.946262 -0.219491 0.237513 
0.940917 -0.180299 0.286649 
0.960244 -0.155729 0.23169 
0.957379 -0.0567396 0.283207 
0.986189 -0.00247648 0.165603 
0.975891 0.0320269 0.215897 
0.979073 0.129838 0.156713 
0.96834 0.195335 0.155442 
0.953363 0.25738 0.157656 
0.933577 0.286104 0.21582 
0.913133 0.344162 0.218497 
0.889435 0.400696 0.21988 
0.862532 0.455689 0.219968 
0.832454 0.509018 0.218908 
0.799245 0.560494 0.216921 
0.763002 0.609875 0.214199 
0.723904 0.656895 0.210834 
0.682205 0.701297 0.206828 
0.638262 0.742838 0.202022 
0.592468 0.781365 0.196087 
0.544949 0.816772 0.18951 
0.496419 0.847996 0.185665 
0.445031 0.873719 0.196375 
0.390628 0.897051 0.206662 
0.334298 0.917143 0.217012 
0.276281 0.933941 0.226768 
0.216775 0.947315 0.235802 
0.156101 0.957107 0.244089 
0.0944618 0.963311 0.251215 
0.0320326 0.96599 0.256588 
-0.0309306 0.965172 0.259782 
-0.0941148 0.960827 0.260681 
-0.127693 0.970307 0.205426 
-0.19081 0.96035 0.203272 
-0.253257 0.946662 0.19923 
-0.314453 0.929365 0.19339 
-0.374085 0.908478 0.186353 
-0.431833 0.884146 0.178341 
-0.487779 0.856198 0.170286 
-0.541173 0.825263 0.161471 
-0.592381 0.790795 0.154039 
-0.638803 0.755526 0.1453 
-0.681401 0.716785 0.148026 
-0.722132 0.673985 0.155784 
-0.760586 0.628263 0.163688 
-0.796383 0.579943 0.171579 
-0.829311 0.529255 0.179254 
-0.859302 0.476354 0.186243 
-0.859822 0.447404 0.246042 
-0.885345 0.391305 0.251087 
-0.907659 0.333646 0.254628 
-0.926681 0.274552 0.256679 
-0.942296 0.214141 0.257338 
-0.95425 0.152445 0.25723 
-0.962614 0.0901282 0.255443 
-0.965789 0.025539 0.258068 
-0.963036 -0.0372047 0.26679 
-0.973366 -0.0749048 0.216674 
-0.964826 -0.137471 0.224083 
-0.952611 -0.199092 0.229987 
-0.936835 -0.259728 0.234268 
-0.917602 -0.319178 0.236921 
-0.894994 -0.377276 0.238008 
-0.868969 -0.43391 0.237937 
-0.863548 -0.470394 0.1817 
-0.831497 -0.524775 0.182274 
-0.795619 -0.577225 0.183853 
-0.756091 -0.62737 0.186369 
-0.713138 -0.67489 0.189625 
-0.667012 -0.719539 0.193287 
-0.618047 -0.761131 0.196718 
-0.566671 -0.79951 0.199168 
-0.513189 -0.834663 0.199937 
-0.457901 -0.866499 0.19876 
-0.401121 -0.894927 0.195469 
-0.343195 -0.919842 0.190019 
-0.284493 -0.941123 0.182625 
-0.225227 -0.95865 0.173962 
-0.165376 -0.972339 0.164945 
-0.105078 -0.982136 0.1561 
-0.062842 -0.976235 0.207402 
0.000681171 -0.980019 0.198901 
0.0385554 -0.967776 0.248842 
0.100844 -0.965193 0.241316 
0.163807 -0.956833 0.240077 
0.226468 -0.942224 0.246831 
0.286898 -0.923119 0.256008 
0.326315 -0.922456 0.206381 
0.384779 -0.897642 0.214904 
0.441249 -0.869176 0.223232 
0.495958 -0.83715 0.230662 
0.548746 -0.801775 0.236716 
0.599422 -0.763286 0.241013 
0.647679 -0.721948 0.243524 
0.693278 -0.678055 0.244144 
0.736024 -0.631965 0.24267 
0.775793 -0.584042 0.238829 
0.812506 -0.534535 0.232607 
0.846117 -0.483422 0.224474 
0.876578 -0.430523 0.215086 
0.903818 -0.375562 0.205099 
0.927709 -0.318033 0.195477 
0.947944 -0.257338 0.18756 
0.964046 -0.231595 0.130304 
0.964086 -0.194191 0.181186 
0.975823 -0.129888 0.175781 
0.969367 -0.0920571 0.227713 
0.993624 0.0281214 0.109183 
0.985077 0.0632813 0.160057 
0.98991 0.0948989 0.105228 
0.981597 0.161164 0.102436 
0.968922 0.225736 0.101165 
0.952351 0.287363 0.102229 
0.934784 0.317058 0.160164 
0.912808 0.374926 0.161898 
0.887522 0.431143 0.162542 
0.858985 0.485676 0.16206 
0.827262 0.538381 0.160571 
0.792445 0.589059 0.158239 
0.754671 0.637488 0.155179 
0.714113 0.683457 0.151424 
0.670977 0.726782 0.146895 
0.625449 0.767348 0.141393 
0.577465 0.805159 0.135105 
0.526342 0.840286 0.129938 
0.471044 0.871984 0.133273 
0.41617 0.897812 0.144001 
0.360067 0.920047 0.154484 
0.302714 0.93873 0.164773 
0.244073 0.953937 0.17445 
0.18424 0.965617 0.183412 
0.12338 0.973701 0.191533 
0.0615685 0.978204 0.198307 
-0.00110263 0.979168 0.203047 
-0.064326 0.976559 0.205412 
-0.0975307 0.983813 0.150329 
-0.1611 0.975563 0.149412 
-0.224059 0.96354 0.146246 
-0.285746 0.947888 0.140914 
-0.345776 0.928702 0.133984 
-0.404036 0.906009 0.126106 
-0.460543 0.879768 0.11793 
-0.51492 0.850261 0.109151 
-0.567355 0.817266 0.100918 
-0.617203 0.78143 0.0918072 
-0.665869 0.740796 0.0885404 
-0.71038 0.697567 0.0936026 
-0.750952 0.652536 0.101329 
-0.788451 0.605311 0.109285 
-0.822979 0.555834 0.117278 
-0.854545 0.50412 0.124963 
-0.883144 0.450205 0.131804 
-0.88629 0.421403 0.192118 
-0.910176 0.364576 0.196632 
-0.930836 0.30603 0.199726 
-0.948127 0.245882 0.201486 
-0.961859 0.184149 0.202278 
-0.971892 0.121031 0.201933 
-0.977474 0.0554047 0.203656 
-0.987967 0.0189707 0.153494 
-0.977902 -0.0109401 0.208777 
-0.986129 -0.0476422 0.158998 
-0.979749 -0.112188 0.165847 
-0.969378 -0.175245 0.172032 
-0.955266 -0.2371 0.176779 
-0.937562 -0.297679 0.179903 
-0.916388 -0.35681 0.181437 
-0.891769 -0.414385 0.181749 
-0.884475 -0.449512 0.125068 
-0.854117 -0.504688 0.125597 
-0.820064 -0.558001 0.127004 
-0.782441 -0.609151 0.129311 
-0.741417 -0.657852 0.132404 
-0.697163 -0.703875 0.136103 
-0.649837 -0.747079 0.139946 
-0.599647 -0.787382 0.143016 
-0.547005 -0.824543 0.144619 
-0.49231 -0.858374 0.144309 
-0.435956 -0.888716 0.141868 
-0.378386 -0.915435 0.137124 
-0.320103 -0.938409 0.130089 
-0.26138 -0.957573 0.121383 
-0.202062 -0.972929 0.11216 
-0.142167 -0.98447 0.102994 
-0.0818303 -0.992188 0.0941637 
-0.0446649 -0.988021 0.147715 
0.0152659 -0.990055 0.139853 
0.0660248 -0.979375 0.190959 
0.133528 -0.973298 0.186714 
0.201384 -0.960753 0.190785 
0.265626 -0.943538 0.197936 
0.306918 -0.94025 0.147415 
0.365116 -0.917881 0.155512 
0.421912 -0.891718 0.163796 
0.477097 -0.861879 0.171882 
0.530758 -0.828434 0.178863 
0.582667 -0.79158 0.184121 
0.632434 -0.751596 0.187432 
0.679675 -0.70881 0.188759 
0.724096 -0.663602 0.18793 
0.765462 -0.616409 0.18468 
0.803636 -0.567577 0.178955 
0.838606 -0.517107 0.171291 
0.870386 -0.464809 0.162422 
0.898954 -0.410433 0.153056 
0.924237 -0.353582 0.144105 
0.946044 -0.293851 0.136571 
0.960295 -0.267699 0.0785531 
0.976118 -0.204505 0.0732852 
0.977944 -0.167581 0.124666 
0.987519 -0.102561 0.119533 
0.982987 -0.0654715 0.171611 
0.998295 -0.00755778 0.0578766 
0.996779 0.0594135 0.0538701 
0.990738 0.126134 0.0502818 
0.980324 0.191624 0.0473891 
0.965825 0.255121 0.0457702 
0.947612 0.316099 0.0459749 
0.932216 0.346723 0.103716 
0.90864 0.404254 0.104658 
0.881691 0.460071 0.104671 
0.851435 0.514109 0.103686 
0.817956 0.566204 0.101786 
0.781367 0.616156 0.0990845 
0.741804 0.66376 0.0956513 
0.699424 0.708829 0.0914755 
0.654364 0.751219 0.0864711 
0.606602 0.790887 0.0808187 
0.555644 0.82794 0.0759937 
0.500547 0.862363 0.076041 
0.443847 0.892407 0.0812982 
0.38756 0.917312 0.0912985 
0.330367 0.938374 0.101548 
0.272136 0.955759 0.111656 
0.212827 0.969541 0.121225 
0.152517 0.979698 0.130118 
0.0913017 0.986197 0.138132 
0.0291506 0.989055 0.144637 
-0.0339275 0.988287 0.148788 
-0.0667504 0.993318 0.0941508 
-0.130702 0.986883 0.0947537 
-0.163662 0.985762 0.0385825 
-0.194266 0.976566 0.0926233 
-0.256564 0.962529 0.087825 
-0.317093 0.944933 0.0809509 
-0.375956 0.923747 0.0731316 
-0.433179 0.898967 0.0649112 
-0.488514 0.870744 0.0561993 
-0.542051 0.838988 0.0477409 
-0.593462 0.803914 0.0390615 
-0.643807 0.76443 0.0340435 
-0.69181 0.721274 0.0340961 
-0.735464 0.676431 0.0391724 
-0.775263 0.629923 0.0465254 
-0.81181 0.581376 0.0544579 
-0.845253 0.530691 0.0625691 
-0.875646 0.477806 0.0703269 
-0.902988 0.422689 0.0771106 
-0.908696 0.394195 0.13741 
-0.931063 0.33624 0.141645 
-0.950084 0.276474 0.144575 
-0.965574 0.21495 0.146506 
-0.977349 0.151691 0.147576 
-0.984987 0.0860957 0.149626 
-0.993862 0.0497604 0.098809 
-0.994494 -0.0177174 0.103282 
-0.990515 -0.0843005 0.108509 
-0.982211 -0.149039 0.114236 
-0.969926 -0.212235 0.119164 
-0.953883 -0.27399 0.122626 
-0.934256 -0.334176 0.124467 
-0.911145 -0.392673 0.124992 
-0.90191 -0.426545 0.0679551 
-0.873256 -0.482446 0.0683355 
-0.841012 -0.536532 0.0695174 
-0.805269 -0.588573 0.0715768 
-0.766168 -0.638314 0.0744446 
-0.723857 -0.685523 0.0780286 
-0.67846 -0.73003 0.082146 
-0.630025 -0.77178 0.08616 
-0.578604 -0.810761 0.088787 
-0.524676 -0.846591 0.0894365 
-0.468789 -0.87893 0.0878561 
-0.411517 -0.90754 0.0838108 
-0.353532 -0.93224 0.0770982 
-0.295223 -0.952987 0.0682561 
-0.236264 -0.969908 0.058802 
-0.17659 -0.983046 0.049367 
-0.116249 -0.992403 0.0402727 
-0.0553474 -0.997965 0.0316571 
-0.0212429 -0.996091 0.0857457 
0.0395155 -0.996188 0.0777665 
0.0739398 -0.988429 0.132443 
0.131285 -0.983011 0.128273 
0.188601 -0.972919 0.133633 
0.247601 -0.958665 0.140195 
0.283615 -0.954984 0.0869966 
0.342347 -0.934778 0.0948072 
0.399725 -0.910816 0.103126 
0.455625 -0.883163 0.111485 
0.509894 -0.851887 0.119571 
0.562734 -0.816949 0.12619 
0.613863 -0.778526 0.130648 
0.662719 -0.736987 0.132867 
0.708829 -0.692773 0.132771 
0.751818 -0.64641 0.130089 
0.791446 -0.598376 0.124736 
0.827745 -0.548683 0.117412 
0.86081 -0.497126 0.108956 
0.890674 -0.443491 0.100073 
0.917313 -0.387481 0.0916267 
0.940607 -0.328825 0.0844565 
0.952908 -0.302169 0.0257135 
0.9705 -0.24018 0.0210335 
0.984207 -0.176244 0.0165818 
0.987843 -0.139712 0.0681683 
0.992773 -0.0377351 0.113919 
0.999009 -0.0439649 0.00693183 
0.999722 0.0234208 0.00260204 
-0.995897 -0.0904778 0.00139482 
-0.987667 -0.156478 0.00529406 
-0.975285 -0.220785 0.00861239 
-0.959019 -0.283147 0.0105288 
-0.939142 -0.343358 0.0108462 
0.925856 0.37498 0.0467024 
0.900616 0.432064 0.0470323 
0.871937 0.487401 0.0465396 
0.839891 0.540876 0.0451287 
0.804575 0.592302 0.0428597 
0.766115 0.641469 0.0398163 
0.72465 0.688174 0.0360394 
0.680309 0.732247 0.0315238 
0.633119 0.773602 0.026457 
0.582805 0.812315 0.0219796 
0.528891 0.848437 0.0207022 
0.472531 0.881017 0.0228717 
0.415248 0.909251 0.0288343 
0.358057 0.932915 0.0382772 
0.300094 0.952689 0.0482413 
0.241213 0.96873 0.0581298 
0.18139 0.981088 0.0675596 
0.120702 0.989747 0.0763696 
0.0592011 0.994679 0.0843138 
-0.00325272 0.995881 0.0906104 
-0.0358221 0.998692 0.0364832 
-0.0996318 0.994248 0.0392955 
0.132302 -0.991081 0.0159491 
0.195488 -0.980521 0.0190477 
-0.22653 0.973395 0.0344535 
-0.28746 0.957395 0.0276046 
-0.346826 0.93772 0.019834 
-0.404682 0.914383 0.0116467 
-0.460816 0.887491 0.00303222 
0.515248 -0.857024 0.00545677 
0.567788 -0.823059 0.0138306 
0.619098 -0.78507 0.0195924 
0.668538 -0.743358 0.0218082 
0.714882 -0.698944 0.0204975 
0.757305 -0.652879 0.0154664 
0.796069 -0.605149 0.00832064 
0.831543 -0.55546 0.000331616 
-0.863855 0.503677 0.00794554 
-0.893055 0.44967 0.01583 
-0.919114 0.393342 0.0226294 
-0.927172 0.365422 0.0825795 
-0.948023 0.306153 0.0867328 
-0.965355 0.244988 0.0898326 
-0.978966 0.181975 0.0922493 
-0.988601 0.116755 0.0950579 
-0.995784 0.0805521 0.0438758 
-0.998751 0.0131036 0.0482222 
-0.997136 -0.0543054 0.0526347 
-0.991044 -0.120642 0.0572473 
-0.980733 -0.185305 0.0618456 
-0.966471 -0.248306 0.0654067 
-0.948488 -0.309563 0.0673921 
-0.926967 -0.368941 0.0679329 
-0.915733 -0.401646 0.0106116 
-0.888792 -0.458186 0.0107148 
-0.858341 -0.512948 0.0115992 
-0.82446 -0.565763 0.0133639 
-0.787264 -0.61641 0.0159548 
-0.74689 -0.664668 0.0192997 
-0.703473 -0.710339 0.0233468 
-0.657089 -0.753297 0.0279085 
-0.607645 -0.793559 0.0321223 
-0.554981 -0.83116 0.0341872 
-0.499771 -0.865503 0.0336701 
-0.442853 -0.896078 0.0304113 
-0.385177 -0.92253 0.0240336 
-0.327346 -0.944786 0.0149606 
-0.268814 -0.963178 0.00526374 
0.209461 0.977807 0.00440192 
0.149291 0.988699 0.013678 
0.0883881 0.995834 0.0224002 
0.0267746 0.999181 0.0303252 
0.00609596 -0.999701 0.0236973 
0.06852 -0.997494 0.0176237 
0.101024 -0.992281 0.0719184 
0.16345 -0.983862 0.072797 
0.223984 -0.971343 0.0795262 
0.256544 -0.966186 0.0258908 
0.316211 -0.948094 0.0335827 
0.374567 -0.926263 0.0416562 
0.431361 -0.900784 0.0501475 
0.486553 -0.871684 0.0585915 
0.540003 -0.83901 0.0667772 
0.592105 -0.802546 0.0730199 
0.64246 -0.762488 0.0765344 
0.690277 -0.719398 0.0773612 
0.734925 -0.673956 0.0752873 
0.775981 -0.626841 0.0701684 
0.813558 -0.578058 0.0630266 
0.847862 -0.52737 0.0548649 
0.878979 -0.474604 0.0463386 
0.906926 -0.419551 0.0382375 
0.931637 -0.362039 0.0313183 
-0.94188 0.334773 0.0280859 
-0.961147 0.274131 0.0323888 
-0.976708 0.211539 0.0359497 
-0.988344 0.146971 0.0396887 
0.993778 -0.110764 0.0117096 
0.995275 -0.0741215 0.0627164 
0.472629 0.642365 0.603315 

