0.0309819 0.0122203 0.999445 
-0.0310779 0.0378151 0.998801 
-0.0107839 -0.0399619 0.999143 
0.104239 8.15895e-005 0.994552 
0.0714898 0.0634549 0.995421 
0.0155286 0.097744 0.99509 
-0.0569961 0.102692 0.993079 
-0.102691 0.0470063 0.993602 
-0.0768171 -0.0194232 0.996856 
-0.121543 -0.0743802 0.989795 
-0.0531707 -0.0928381 0.994261 
0.0186592 -0.108034 0.993972 
0.0615674 -0.0545032 0.996614 
0.17471 -0.00318044 0.984615 
0.141911 0.0608973 0.988005 
0.171008 0.124648 0.977353 
0.100044 0.121812 0.987498 
-0.0131769 0.159507 0.987109 
-0.0863703 0.167514 0.982079 
-0.129428 0.112481 0.985188 
-0.174968 0.0588935 0.982811 
-0.148321 -0.00723601 0.988913 
-0.165449 -0.127614 0.977927 
-0.0960317 -0.14543 0.984697 
-0.0677773 -0.213305 0.974632 
-0.0244374 -0.161022 0.986648 
0.0920996 -0.119411 0.988564 
0.164912 -0.127283 0.978061 
0.13481 -0.0636406 0.988826 
0.242792 -0.0042407 0.970069 
0.209878 0.0608623 0.975831 
0.239103 0.125609 0.962836 
0.198954 0.188323 0.961744 
0.128618 0.183971 0.97448 
0.0545742 0.168715 0.984153 
0.0206309 0.228297 0.973373 
-0.0471784 0.219526 0.974465 
-0.149538 0.182879 0.971696 
-0.197854 0.126789 0.971997 
-0.24495 0.0729925 0.966784 
-0.220317 0.00591341 0.97541 
-0.19306 -0.0604186 0.979325 
-0.236841 -0.112619 0.964999 
-0.208471 -0.179463 0.961422 
-0.138986 -0.197379 0.970425 
-0.111261 -0.264778 0.957869 
0.00505847 -0.226576 0.97398 
0.0487755 -0.173517 0.983622 
0.122169 -0.183351 0.975427 
0.19468 -0.190395 0.962211 
0.235379 -0.13145 0.962973 
0.205369 -0.0674514 0.976357 
0.309098 -0.00498964 0.951017 
0.276325 0.0606142 0.959151 
0.305312 0.125612 0.943931 
0.266664 0.189877 0.9449 
0.226923 0.251862 0.940782 
0.158174 0.247678 0.955843 
0.0880437 0.238363 0.967177 
0.0441483 0.294044 0.954772 
-0.0276852 0.282291 0.958929 
-0.102641 0.251973 0.962276 
-0.170662 0.243617 0.954738 
-0.220792 0.191104 0.956415 
-0.268588 0.138477 0.953249 
-0.315111 0.0860707 0.945144 
-0.290721 0.0200845 0.956597 
-0.264814 -0.0465026 0.963178 
-0.308198 -0.0984592 0.946213 
-0.279527 -0.163977 0.946032 
-0.250482 -0.230091 0.940381 
-0.181787 -0.248555 0.951406 
-0.155069 -0.315254 0.936252 
-0.0389294 -0.278613 0.959614 
0.033882 -0.290536 0.956264 
0.0783343 -0.237549 0.968212 
0.151461 -0.246119 0.957332 
0.223869 -0.252295 0.941398 
0.265237 -0.194677 0.944325 
0.303454 -0.133725 0.943416 
0.273528 -0.069245 0.959368 
0.373777 -0.00526798 0.927504 
0.341356 0.0601234 0.938009 
0.369878 0.125028 0.920629 
0.332304 0.189959 0.923845 
0.293591 0.253599 0.921679 
0.254226 0.314443 0.914601 
0.18534 0.310504 0.932329 
0.114825 0.303291 0.945955 
0.0712701 0.35754 0.931174 
0.00050398 0.346753 0.937956 
-0.0695377 0.329973 0.941426 
-0.132727 0.311025 0.941088 
-0.197817 0.301728 0.932646 
-0.24466 0.253737 0.93582 
-0.291549 0.203247 0.934714 
-0.337976 0.151859 0.928822 
-0.38337 0.0997663 0.918191 
-0.36017 0.0335852 0.932282 
-0.335047 -0.0324437 0.941643 
-0.377775 -0.0849467 0.921993 
-0.350224 -0.150205 0.924544 
-0.320958 -0.214704 0.922436 
-0.291403 -0.279593 0.914829 
-0.224548 -0.298905 0.927488 
-0.200383 -0.364191 0.909512 
-0.0831804 -0.329425 0.940511 
-0.0109483 -0.342302 0.939526 
0.0614263 -0.352936 0.933629 
0.106773 -0.300134 0.947903 
0.179434 -0.307353 0.934525 
0.251467 -0.31243 0.916052 
0.294913 -0.256292 0.920511 
0.333497 -0.197257 0.921883 
0.369183 -0.134791 0.91953 
0.339663 -0.0702013 0.937924 
0.436739 -0.0044418 0.899577 
0.404995 0.0601295 0.91234 
0.432999 0.125109 0.89267 
0.396179 0.189029 0.898505 
0.358082 0.2535 0.898618 
0.320615 0.316389 0.892807 
0.28452 0.374276 0.882591 
0.213439 0.371044 0.903753 
0.142206 0.365489 0.919889 
0.0955878 0.418301 0.903265 
0.0239201 0.408818 0.912302 
-0.0479536 0.394826 0.917504 
-0.11866 0.377805 0.91825 
-0.168136 0.423235 0.890282 
-0.188646 0.364265 0.911989 
-0.256423 0.326551 0.909732 
-0.306857 0.272893 0.911794 
-0.355626 0.220332 0.908286 
-0.40262 0.167541 0.899904 
-0.447811 0.114348 0.886786 
-0.42731 0.0470527 0.90288 
-0.403538 -0.0191787 0.914762 
-0.444729 -0.0728236 0.8927 
-0.418332 -0.138293 0.897704 
-0.390164 -0.202784 0.898137 
-0.360289 -0.26607 0.894091 
-0.330294 -0.329455 0.884514 
-0.268638 -0.348369 0.898038 
-0.174957 -0.424018 0.888594 
-0.128169 -0.378423 0.916716 
-0.0563285 -0.392451 0.918047 
0.0154924 -0.404298 0.914496 
0.0873185 -0.413544 0.906288 
0.133763 -0.361082 0.922891 
0.205824 -0.36685 0.907225 
0.277309 -0.370716 0.88638 
0.322311 -0.315612 0.892471 
0.364403 -0.258733 0.894577 
0.399088 -0.198495 0.89517 
0.432449 -0.134438 0.89158 
0.403819 -0.0701355 0.912146 
0.497747 -0.0021785 0.867319 
0.467035 0.0614295 0.882102 
0.494381 0.126706 0.859961 
0.458622 0.189127 0.868272 
0.420644 0.251912 0.87155 
0.383536 0.316263 0.867685 
0.355593 0.376015 0.855667 
0.309542 0.429684 0.848266 
0.238468 0.428249 0.871628 
0.167082 0.424609 0.889826 
0.118782 0.476375 0.871182 
0.0470857 0.468359 0.882283 
-0.0248683 0.456259 0.889499 
-0.0964748 0.440676 0.892467 
-0.143458 0.484983 0.862677 
-0.212604 0.462257 0.860882 
-0.247535 0.391465 0.886274 
-0.325306 0.399142 0.85724 
-0.316284 0.340031 0.885631 
-0.369234 0.287831 0.88364 
-0.418218 0.235068 0.877403 
-0.465002 0.181728 0.866458 
-0.509485 0.127817 0.850933 
-0.490918 0.0605292 0.869101 
-0.469164 -0.00658426 0.883086 
-0.508169 -0.0617456 0.859041 
-0.482732 -0.128384 0.866307 
-0.455162 -0.194251 0.868961 
-0.425197 -0.259325 0.867155 
-0.3916 -0.323989 0.861209 
-0.333692 -0.389048 0.858657 
-0.252313 -0.408008 0.877421 
-0.219865 -0.465222 0.857454 
-0.148713 -0.484984 0.861786 
-0.102675 -0.440166 0.892027 
-0.0311892 -0.453688 0.890614 
0.0401273 -0.464335 0.88475 
0.111296 -0.472145 0.874467 
0.158992 -0.420174 0.893407 
0.230301 -0.42443 0.875683 
0.300989 -0.427091 0.852642 
0.34761 -0.37296 0.860272 
0.391563 -0.3171 0.863786 
0.432374 -0.259763 0.863467 
0.46139 -0.198099 0.864798 
0.493147 -0.132256 0.859834 
0.465873 -0.0685871 0.882189 
0.556609 0.000698561 0.830774 
0.527085 0.0638594 0.84741 
0.553236 0.12954 0.822891 
0.518867 0.191508 0.833128 
0.481491 0.252559 0.839274 
0.442527 0.314536 0.839784 
0.426087 0.376446 0.822641 
0.379603 0.430089 0.8191 
0.330691 0.483383 0.810546 
0.260912 0.482983 0.835854 
0.190098 0.481057 0.855831 
0.139971 0.532056 0.83506 
0.0689485 0.525559 0.847959 
-0.0023593 0.515311 0.857 
-0.0733007 0.501573 0.862004 
-0.123705 0.543952 0.829948 
-0.194495 0.523432 0.829573 
-0.26461 0.502555 0.823055 
-0.275207 0.441924 0.853794 
-0.385222 0.417509 0.822977 
-0.380173 0.35241 0.855146 
-0.430989 0.301378 0.850541 
-0.478872 0.248536 0.841969 
-0.524924 0.194788 0.82856 
-0.56829 0.140464 0.810751 
-0.551396 0.0732398 0.831022 
-0.531138 0.00563201 0.847267 
-0.568144 -0.0503163 0.821389 
-0.543894 -0.118021 0.830813 
-0.517205 -0.184925 0.835644 
-0.487781 -0.250967 0.836113 
-0.454307 -0.316102 0.832877 
-0.409854 -0.378777 0.829788 
-0.371416 -0.4339 0.820842 
-0.297676 -0.445455 0.844369 
-0.263164 -0.50352 0.822929 
-0.19459 -0.526638 0.827519 
-0.125344 -0.544807 0.82914 
-0.0781234 -0.500644 0.862121 
-0.00760007 -0.513003 0.858353 
0.062868 -0.522264 0.850464 
0.133117 -0.528626 0.838352 
0.182148 -0.47726 0.859677 
0.252477 -0.480013 0.840144 
0.322042 -0.481655 0.815045 
0.370246 -0.428586 0.824155 
0.415968 -0.37364 0.829074 
0.458864 -0.316876 0.83008 
0.498813 -0.259096 0.827076 
0.519782 -0.195709 0.83158 
0.551314 -0.128559 0.824333 
0.525711 -0.0655183 0.848137 
0.612845 0.00294906 0.790197 
0.584593 0.0666078 0.808588 
0.608878 0.132681 0.782089 
0.575696 0.195493 0.79395 
0.539026 0.256972 0.802132 
0.497966 0.317625 0.806935 
0.493198 0.379266 0.782887 
0.446302 0.431585 0.783932 
0.398059 0.484422 0.779028 
0.347416 0.536139 0.769322 
0.279651 0.535992 0.79656 
0.210324 0.535279 0.818071 
0.15827 0.585577 0.795016 
0.0883363 0.580394 0.809531 
0.0177576 0.571711 0.820263 
-0.0529994 0.559526 0.827116 
-0.103977 0.600411 0.792903 
-0.174395 0.58145 0.794671 
-0.245069 0.558941 0.792166 
-0.320415 0.526159 0.787712 
-0.331143 0.465527 0.820749 
-0.443152 0.431634 0.78569 
-0.438678 0.367561 0.820037 
-0.495155 0.380039 0.781276 
-0.489279 0.315135 0.813201 
-0.536426 0.261344 0.802463 
-0.581924 0.207174 0.786412 
-0.624024 0.15273 0.766334 
-0.608831 0.0857288 0.788654 
-0.589778 0.0177991 0.80737 
-0.624766 -0.0384936 0.779862 
-0.601784 -0.106976 0.791462 
-0.576297 -0.174749 0.798339 
-0.547877 -0.241572 0.800921 
-0.515645 -0.307232 0.799824 
-0.477064 -0.37066 0.796882 
-0.438903 -0.429549 0.789209 
-0.400329 -0.486491 0.776571 
-0.335251 -0.489615 0.804912 
-0.300074 -0.544989 0.782906 
-0.237869 -0.567185 0.788492 
-0.17208 -0.586373 0.791552 
-0.104547 -0.602407 0.791312 
-0.0558709 -0.559122 0.827201 
0.0137194 -0.570073 0.821479 
0.0832318 -0.577911 0.811844 
0.152421 -0.582883 0.798132 
0.202902 -0.532278 0.821895 
0.272009 -0.533579 0.800815 
0.340246 -0.534436 0.7737 
0.389804 -0.482813 0.784184 
0.436922 -0.42907 0.790569 
0.481462 -0.37314 0.79307 
0.523411 -0.315427 0.791547 
0.562978 -0.257078 0.785472 
0.574149 -0.192294 0.795849 
0.606945 -0.126324 0.78464 
0.583299 -0.0625863 0.809843 
0.665804 0.00382173 0.746117 
0.638996 0.0687346 0.766133 
0.661329 0.134527 0.737933 
0.629379 0.198544 0.751307 
0.593555 0.261173 0.761236 
0.552028 0.322325 0.769007 
0.556128 0.382296 0.737951 
0.509797 0.434659 0.742414 
0.462326 0.486469 0.741352 
0.412997 0.537469 0.735228 
0.361172 0.587032 0.724534 
0.29488 0.587386 0.753673 
0.227192 0.587629 0.77658 
0.173956 0.636964 0.75101 
0.105399 0.632924 0.767006 
0.036006 0.625581 0.779328 
-0.0338589 0.614803 0.787954 
-0.0847062 0.654753 0.751082 
-0.153131 0.637999 0.754658 
-0.220469 0.617912 0.754704 
-0.285914 0.593369 0.75244 
-0.346788 0.569121 0.745547 
-0.387495 0.480882 0.786511 
-0.452573 0.48892 0.745744 
-0.502386 0.441445 0.743461 
-0.554422 0.45424 0.697339 
-0.550176 0.389952 0.738406 
-0.545476 0.326861 0.771763 
-0.591247 0.27292 0.758908 
-0.636204 0.218672 0.739883 
-0.663226 0.0984425 0.741917 
-0.645071 0.0302093 0.763526 
-0.677952 -0.026239 0.734638 
-0.656331 -0.0953452 0.748424 
-0.63227 -0.163766 0.757242 
-0.605171 -0.231248 0.76177 
-0.574538 -0.297464 0.762509 
-0.539424 -0.361601 0.760439 
-0.562435 -0.41435 0.715528 
-0.502729 -0.422472 0.754175 
-0.464227 -0.48077 0.743878 
-0.360699 -0.543416 0.758021 
-0.376967 -0.590339 0.71372 
-0.298342 -0.598381 0.743594 
-0.227181 -0.62173 0.74956 
-0.157629 -0.64099 0.751189 
-0.0885473 -0.656229 0.749348 
-0.0361773 -0.6151 0.787618 
0.0324858 -0.624606 0.780264 
0.101053 -0.63107 0.769116 
0.169194 -0.634739 0.753976 
0.221004 -0.585143 0.780234 
0.288815 -0.58498 0.757881 
0.355758 -0.585188 0.728692 
0.406415 -0.535532 0.740292 
0.454511 -0.483541 0.748069 
0.500044 -0.429127 0.752201 
0.543083 -0.3726 0.752482 
0.583847 -0.314595 0.748433 
0.623107 -0.256653 0.738828 
0.625146 -0.192151 0.756486 
0.659145 -0.127147 0.74119 
0.637993 -0.061441 0.767587 
0.71519 0.00329444 0.698922 
0.690092 0.0693731 0.720389 
0.710567 0.134736 0.690609 
0.680183 0.199623 0.705339 
0.645796 0.263032 0.716771 
0.605764 0.324586 0.726425 
0.614074 0.383456 0.689836 
0.569668 0.437612 0.695683 
0.523329 0.489298 0.697649 
0.4754 0.539673 0.694801 
0.425278 0.588472 0.687633 
0.372603 0.635495 0.676249 
0.307683 0.636562 0.707191 
0.241406 0.637923 0.731285 
0.187942 0.685956 0.702953 
0.120732 0.683027 0.720345 
0.0526199 0.67695 0.734145 
-0.015982 0.667595 0.744353 
-0.0678328 0.706011 0.704945 
-0.135986 0.690917 0.710029 
-0.203505 0.67242 0.711644 
-0.269959 0.650034 0.710337 
-0.334924 0.625346 0.704818 
-0.398213 0.591174 0.701385 
-0.400061 0.531966 0.7463 
-0.454229 0.549217 0.701453 
-0.506394 0.503754 0.699855 
-0.601943 0.465965 0.648492 
-0.64535 0.410376 0.644293 
-0.599982 0.400819 0.692362 
-0.599723 0.337548 0.72553 
-0.642868 0.28338 0.711629 
-0.676757 0.164719 0.717542 
-0.696776 0.0430248 0.715997 
-0.727519 -0.0133196 0.685958 
-0.707392 -0.0831037 0.701919 
-0.684969 -0.152052 0.712529 
-0.659351 -0.220094 0.718898 
-0.630358 -0.286937 0.72133 
-0.597655 -0.351926 0.720387 
-0.618809 -0.40445 0.673421 
-0.582188 -0.465564 0.666564 
-0.524516 -0.474449 0.706952 
-0.483791 -0.532667 0.694415 
-0.424345 -0.537321 0.728847 
-0.437192 -0.58964 0.679108 
-0.33252 -0.63498 0.697302 
-0.27011 -0.655945 0.704824 
-0.204898 -0.676427 0.707434 
-0.137921 -0.693638 0.706997 
-0.0700306 -0.707339 0.703397 
-0.0196982 -0.667857 0.744029 
0.0488404 -0.676186 0.73511 
0.116884 -0.681426 0.722493 
0.184172 -0.683912 0.705936 
0.236589 -0.635656 0.734824 
0.303155 -0.633903 0.711522 
0.368827 -0.63359 0.680096 
0.42033 -0.586404 0.692425 
0.469153 -0.536621 0.701379 
0.515386 -0.484204 0.707053 
0.559125 -0.429448 0.709192 
0.600532 -0.372852 0.707349 
0.640099 -0.31525 0.700636 
0.678445 -0.25728 0.688127 
0.673932 -0.193934 0.712885 
0.707839 -0.128833 0.694526 
0.689028 -0.0621386 0.722066 
0.761033 0.00231984 0.648709 
0.737765 0.0688002 0.671542 
0.756361 0.134052 0.640272 
0.727805 0.199407 0.656153 
0.69534 0.263254 0.66873 
0.657781 0.325034 0.679468 
0.66694 0.383698 0.638722 
0.624884 0.439342 0.645366 
0.580345 0.492087 0.648884 
0.533856 0.542491 0.648615 
0.485504 0.591001 0.644207 
0.434898 0.637298 0.636173 
0.381798 0.681363 0.62448 
0.318715 0.683142 0.657068 
0.253956 0.685757 0.682088 
0.202206 0.732093 0.650501 
0.135979 0.730267 0.669492 
0.0685334 0.725422 0.684884 
0.000463963 0.717431 0.69663 
-0.0504743 0.753828 0.65513 
-0.119086 0.740184 0.661775 
-0.187225 0.723011 0.664983 
-0.254543 0.702124 0.665004 
-0.32076 0.67791 0.661476 
-0.386129 0.646457 0.658026 
-0.448207 0.608034 0.655289 
-0.504121 0.564526 0.653584 
-0.55556 0.517446 0.650847 
-0.599585 0.531368 0.598453 
-0.643397 0.479773 0.596539 
-0.683705 0.423602 0.594229 
-0.650822 0.348003 0.674777 
-0.69023 0.292618 0.661783 
-0.687957 0.22931 0.688573 
-0.726718 0.175858 0.664044 
-0.714759 0.111648 0.690402 
-0.773163 -0.000893875 0.634207 
-0.75474 -0.0706527 0.652208 
-0.734241 -0.139746 0.66435 
-0.710243 -0.208102 0.672494 
-0.682918 -0.275426 0.676582 
-0.652308 -0.341067 0.676881 
-0.67175 -0.393168 0.62783 
-0.636807 -0.455013 0.622446 
-0.598213 -0.514587 0.614281 
-0.542107 -0.524575 0.656462 
-0.49661 -0.581716 0.644193 
-0.447437 -0.6381 0.626601 
-0.389865 -0.643521 0.6587 
-0.328509 -0.683877 0.651455 
-0.259601 -0.705658 0.659283 
-0.190679 -0.725824 0.660925 
-0.121418 -0.742145 0.65915 
-0.0520641 -0.754758 0.653934 
-0.00185661 -0.717647 0.696404 
0.0661441 -0.724706 0.685876 
0.133576 -0.728698 0.671682 
0.19993 -0.730089 0.653451 
0.250373 -0.683541 0.685628 
0.315519 -0.680037 0.661813 
0.379153 -0.679783 0.627805 
0.43114 -0.635559 0.640455 
0.480497 -0.588348 0.650361 
0.527335 -0.538223 0.657445 
0.571726 -0.485509 0.66137 
0.613761 -0.43063 0.661706 
0.653701 -0.37416 0.657784 
0.691978 -0.316575 0.648804 
0.728614 -0.257501 0.634677 
0.720965 -0.194844 0.665015 
0.753401 -0.129819 0.64462 
0.736462 -0.0633708 0.673504 
0.803344 0.00156661 0.595513 
0.781936 0.0678935 0.619651 
0.798513 0.133137 0.587071 
0.771897 0.198643 0.603917 
0.741569 0.262693 0.617306 
0.706654 0.324665 0.628675 
0.714693 0.383807 0.584727 
0.674819 0.440617 0.592011 
0.632084 0.494652 0.59648 
0.58696 0.546043 0.597758 
0.539823 0.595066 0.595388 
0.490608 0.64172 0.589491 
0.438928 0.68567 0.580689 
0.38416 0.727004 0.569111 
0.328882 0.727096 0.602635 
0.266643 0.730748 0.628417 
0.223938 0.77381 0.592512 
0.155636 0.77364 0.614213 
0.087028 0.770287 0.631731 
0.0182894 0.76381 0.645182 
-0.0322794 0.797801 0.602056 
-0.101263 0.785677 0.610293 
-0.169992 0.769877 0.615136 
-0.238012 0.75046 0.616571 
-0.305017 0.727313 0.614801 
-0.371091 0.698188 0.612229 
-0.435021 0.663009 0.609242 
-0.495107 0.622837 0.605759 
-0.5499 0.57869 0.602269 
-0.597165 0.585231 0.548542 
-0.647801 0.532398 0.544891 
-0.69192 0.472601 0.545797 
-0.729083 0.39948 0.555745 
-0.698671 0.358917 0.6189 
-0.732194 0.297641 0.612618 
-0.738865 0.232479 0.632481 
-0.762993 0.131494 0.632891 
-0.744347 0.0570764 0.665349 
-0.815554 0.00922996 0.578608 
-0.798433 -0.0586293 0.599222 
-0.780051 -0.127045 0.612682 
-0.757724 -0.195327 0.622657 
-0.73205 -0.26296 0.628455 
-0.703399 -0.329096 0.63002 
-0.721113 -0.380509 0.578972 
-0.687945 -0.443072 0.574822 
-0.651003 -0.503397 0.568143 
-0.609599 -0.561432 0.559627 
-0.555026 -0.571835 0.604111 
-0.507725 -0.62622 0.591662 
-0.456219 -0.67931 0.574806 
-0.385299 -0.69368 0.608567 
-0.309546 -0.730105 0.609203 
-0.240152 -0.753202 0.612384 
-0.170854 -0.772167 0.612019 
-0.101327 -0.787196 0.608322 
-0.0318497 -0.798425 0.601251 
0.0172024 -0.763826 0.645193 
0.0863047 -0.769464 0.632833 
0.155354 -0.771827 0.616561 
0.224764 -0.771579 0.595102 
0.264261 -0.728625 0.631879 
0.326158 -0.723604 0.608291 
0.379329 -0.727522 0.571683 
0.434668 -0.685428 0.584168 
0.485927 -0.640301 0.594886 
0.534173 -0.592157 0.603331 
0.579755 -0.541286 0.60901 
0.622834 -0.488032 0.611476 
0.663591 -0.432803 0.610187 
0.702305 -0.376008 0.604472 
0.739094 -0.317663 0.593995 
0.773737 -0.257451 0.578835 
0.765507 -0.194977 0.613174 
0.79574 -0.130154 0.591488 
0.780484 -0.0642145 0.621869 
0.842011 0.0011234 0.539459 
0.822527 0.0670889 0.564755 
0.83686 0.132205 0.531212 
0.812184 0.197772 0.548856 
0.783979 0.261947 0.562816 
0.751494 0.324156 0.574612 
0.757541 0.383778 0.528059 
0.719562 0.441584 0.535942 
0.678373 0.496886 0.541216 
0.634327 0.549666 0.543595 
0.587786 0.600026 0.542656 
0.538807 0.648009 0.538304 
0.486905 0.693417 0.531127 
0.430641 0.735923 0.522461 
0.359892 0.770772 0.525727 
0.302448 0.80505 0.510312 
0.292513 0.769711 0.567434 
0.173589 0.812454 0.556583 
0.105379 0.810834 0.575711 
0.0568349 0.844285 0.532872 
0.0366624 0.80615 0.590575 
-0.0126046 0.837781 0.545861 
-0.0820217 0.827291 0.555753 
-0.151347 0.812936 0.562343 
-0.220001 0.795077 0.565201 
-0.287651 0.773364 0.564947 
-0.354303 0.746358 0.563399 
-0.419316 0.713707 0.561067 
-0.481953 0.67576 0.557736 
-0.541504 0.632757 0.553527 
-0.626318 0.60533 0.491224 
-0.671176 0.558425 0.487529 
-0.710014 0.504866 0.490907 
-0.742787 0.44248 0.502473 
-0.774863 0.376808 0.507545 
-0.753446 0.336933 0.564619 
-0.776151 0.262292 0.573404 
-0.782283 0.195208 0.591546 
-0.805682 0.133904 0.577016 
-0.786256 0.0690715 0.614028 
-0.826529 0.0712826 0.558362 
-0.838811 -0.0415071 0.542838 
-0.82266 -0.111582 0.557476 
-0.801852 -0.180687 0.569549 
-0.777688 -0.249034 0.577221 
-0.750896 -0.315784 0.580031 
-0.766828 -0.366283 0.527078 
-0.735627 -0.42931 0.523971 
-0.70073 -0.490055 0.518482 
-0.661771 -0.548315 0.511282 
-0.618829 -0.603748 0.502533 
-0.563653 -0.617114 0.549059 
-0.511742 -0.670173 0.537577 
-0.414388 -0.722951 0.552834 
-0.353018 -0.748443 0.561437 
-0.286344 -0.776728 0.560982 
-0.218329 -0.797941 0.561803 
-0.149334 -0.815129 0.559701 
-0.0797288 -0.828606 0.554126 
-0.0100961 -0.838238 0.545211 
0.0373623 -0.805966 0.590782 
0.0594088 -0.844016 0.533017 
0.106139 -0.809852 0.576953 
0.174442 -0.810122 0.559708 
0.294922 -0.767214 0.569565 
0.302559 -0.803987 0.51192 
0.360354 -0.770898 0.525226 
0.428116 -0.734995 0.525831 
0.483687 -0.692015 0.535875 
0.534591 -0.64573 0.545202 
0.582186 -0.596551 0.552438 
0.626938 -0.544805 0.556899 
0.669079 -0.490821 0.558057 
0.70883 -0.434946 0.555321 
0.746352 -0.377391 0.54821 
0.781546 -0.318093 0.536659 
0.814172 -0.256915 0.520691 
0.806768 -0.194642 0.557889 
0.834604 -0.129954 0.535303 
0.82102 -0.0645964 0.567233 
0.876889 0.000933312 0.480693 
0.859449 0.06637 0.506896 
0.871294 0.131001 0.472955 
0.84854 0.196689 0.491216 
0.822355 0.261016 0.505572 
0.792033 0.323516 0.517707 
0.796026 0.382784 0.468848 
0.75988 0.441319 0.477304 
0.720288 0.497543 0.483359 
0.677534 0.551374 0.486759 
0.631926 0.602796 0.487141 
0.58359 0.651795 0.484341 
0.532156 0.698197 0.478885 
0.476278 0.741541 0.472521 
0.411285 0.779597 0.472307 
0.349673 0.813293 0.465063 
0.270155 0.842653 0.465781 
0.239901 0.810974 0.533637 
0.197567 0.846292 0.494729 
0.12659 0.846808 0.516616 
0.0758258 0.87792 0.472765 
0.0071299 0.873493 0.486785 
-0.0620015 0.864806 0.498263 
-0.1316 0.851974 0.506776 
-0.200606 0.83583 0.511024 
-0.268534 0.815908 0.512038 
-0.335228 0.791258 0.511403 
-0.400114 0.76163 0.509733 
-0.462409 0.727474 0.506912 
-0.521319 0.689508 0.502798 
-0.576074 0.648598 0.497453 
-0.617571 0.653408 0.437795 
-0.670127 0.603867 0.431595 
-0.716674 0.546858 0.43281 
-0.755336 0.48326 0.442638 
-0.787554 0.419515 0.451404 
-0.815997 0.352397 0.458219 
-0.79735 0.309037 0.518391 
-0.81633 0.241247 0.524791 
-0.829936 0.177444 0.528886 
-0.850579 0.112742 0.51362 
-0.858318 0.0330817 0.512051 
-0.872904 -0.0299775 0.48697 
-0.861026 -0.0969303 0.499238 
-0.842031 -0.165192 0.513513 
-0.819469 -0.233919 0.523213 
-0.794627 -0.301111 0.527162 
-0.808718 -0.350382 0.472448 
-0.77945 -0.414002 0.470169 
-0.746451 -0.475423 0.4656 
-0.709365 -0.534582 0.459372 
-0.66789 -0.591419 0.451826 
-0.621617 -0.646092 0.442897 
-0.572431 -0.655949 0.491989 
-0.523585 -0.702858 0.481507 
-0.463732 -0.727732 0.50533 
-0.398407 -0.766882 0.503154 
-0.333139 -0.79404 0.508447 
-0.265618 -0.819074 0.508493 
-0.197079 -0.838546 0.507937 
-0.127668 -0.854001 0.504363 
-0.0578126 -0.865911 0.496845 
0.0115288 -0.873804 0.486141 
0.080197 -0.877613 0.472614 
0.128984 -0.845743 0.517766 
0.199658 -0.843095 0.499327 
0.241798 -0.808149 0.537057 
0.273551 -0.841816 0.465313 
0.348916 -0.813925 0.464526 
0.410676 -0.779371 0.473208 
0.474029 -0.740636 0.476188 
0.529002 -0.696736 0.484474 
0.579288 -0.649533 0.492476 
0.626154 -0.599513 0.498513 
0.670073 -0.547011 0.501777 
0.711289 -0.492336 0.50167 
0.74998 -0.435764 0.497633 
0.78617 -0.377419 0.489378 
0.819666 -0.317258 0.476964 
0.850278 -0.255264 0.460291 
0.844325 -0.193718 0.499589 
0.869775 -0.129113 0.476257 
0.857917 -0.0645379 0.509718 
0.907857 0.000861421 0.419279 
0.892665 0.0654139 0.445948 
0.901759 0.128895 0.412574 
0.88098 0.194795 0.431195 
0.856764 0.259274 0.445795 
0.828457 0.322036 0.458205 
0.83058 0.3799 0.407202 
0.796251 0.439046 0.4162 
0.758298 0.496029 0.423011 
0.716964 0.550732 0.427384 
0.67251 0.603067 0.428999 
0.625092 0.652962 0.42767 
0.574493 0.700238 0.423822 
0.51977 0.744445 0.419096 
0.458895 0.784215 0.417639 
0.397667 0.819403 0.412844 
0.33109 0.848909 0.411986 
0.26985 0.874346 0.403362 
0.212609 0.875399 0.434137 
0.144325 0.877966 0.45645 
0.0976886 0.906955 0.409743 
0.0286682 0.90495 0.424551 
-0.0404608 0.898202 0.437717 
-0.110674 0.886817 0.448672 
-0.180165 0.872462 0.454258 
-0.248418 0.854452 0.456289 
-0.315322 0.832042 0.456376 
-0.38053 0.804957 0.455237 
-0.443599 0.773382 0.452879 
-0.504199 0.737589 0.449162 
-0.562184 0.697679 0.444063 
-0.594819 0.706903 0.382726 
-0.645326 0.66474 0.376398 
-0.691743 0.620132 0.370038 
-0.732405 0.570442 0.371723 
-0.767289 0.515183 0.381908 
-0.799863 0.455854 0.390405 
-0.828572 0.39336 0.398418 
-0.853742 0.328519 0.40398 
-0.837406 0.286144 0.465697 
-0.855213 0.219742 0.469387 
-0.871872 0.154865 0.464603 
-0.883755 0.0829309 0.460542 
-0.89442 0.016315 0.44693 
-0.896553 -0.0695783 0.437438 
-0.878794 -0.144751 0.454719 
-0.857431 -0.216223 0.466968 
-0.834531 -0.284539 0.4718 
-0.846347 -0.333682 0.415154 
-0.81933 -0.397128 0.413506 
-0.788737 -0.458319 0.40968 
-0.754504 -0.517028 0.404235 
-0.716686 -0.572926 0.397639 
-0.675561 -0.625636 0.390123 
-0.631674 -0.674743 0.381719 
-0.586868 -0.720285 0.369831 
-0.570052 -0.699322 0.431265 
-0.500257 -0.746182 0.439267 
-0.440426 -0.777047 0.449692 
-0.375934 -0.809645 0.45072 
-0.310528 -0.83546 0.453408 
-0.243135 -0.857648 0.453128 
-0.17448 -0.875089 0.451416 
-0.104678 -0.888685 0.446409 
-0.0341256 -0.899037 0.436541 
0.0358681 -0.904986 0.423926 
0.106154 -0.906345 0.408986 
0.14804 -0.877047 0.457026 
0.215216 -0.87147 0.440707 
0.266317 -0.876597 0.400816 
0.329029 -0.85024 0.410892 
0.396411 -0.819778 0.413306 
0.457659 -0.783874 0.419631 
0.517596 -0.743554 0.423346 
0.571358 -0.698851 0.4303 
0.620731 -0.650908 0.43705 
0.666697 -0.600205 0.441893 
0.709662 -0.547064 0.44396 
0.749833 -0.491767 0.442623 
0.787311 -0.434532 0.437405 
0.822014 -0.375446 0.428175 
0.853718 -0.3145 0.415036 
0.882299 -0.251739 0.397714 
0.878077 -0.191673 0.438454 
0.901146 -0.127218 0.414429 
0.891046 -0.0639839 0.44938 
0.934819 0.00109308 0.355123 
0.922281 0.0635654 0.381258 
0.928213 0.124723 0.35052 
0.909609 0.191063 0.368927 
0.887384 0.255705 0.38362 
0.861045 0.318721 0.396255 
0.861518 0.374171 0.343196 
0.829076 0.433815 0.352757 
0.792828 0.491511 0.360334 
0.752989 0.547074 0.365675 
0.709784 0.600356 0.368482 
0.663382 0.651226 0.368551 
0.613687 0.699497 0.366186 
0.560084 0.74479 0.362758 
0.501566 0.786227 0.360941 
0.440917 0.82338 0.357263 
0.376437 0.855796 0.354836 
0.312057 0.883764 0.348686 
0.240854 0.904645 0.351578 
0.168561 0.90362 0.393773 
0.180761 0.925368 0.333197 
0.114117 0.931372 0.345721 
0.0478965 0.931947 0.359418 
-0.0186067 0.927244 0.373996 
-0.0891839 0.917133 0.388476 
-0.159058 0.904699 0.395248 
-0.227493 0.888714 0.398039 
-0.294436 0.868548 0.398663 
-0.359619 0.843988 0.397943 
-0.422643 0.815194 0.396019 
-0.483099 0.782506 0.39281 
-0.540613 0.746284 0.388326 
-0.579618 0.747723 0.323966 
-0.633043 0.70599 0.317544 
-0.683495 0.660454 0.310864 
-0.730411 0.609221 0.308786 
-0.771271 0.553317 0.314613 
-0.805625 0.495249 0.325111 
-0.836474 0.434357 0.334134 
-0.863539 0.371134 0.341408 
-0.886866 0.305942 0.34622 
-0.87378 0.263066 0.40903 
-0.891191 0.197379 0.408436 
-0.90477 0.129441 0.405753 
-0.915831 0.0625516 0.396662 
-0.920639 -0.00810814 0.39033 
-0.909114 -0.13116 0.395359 
-0.890228 -0.200331 0.409099 
-0.869857 -0.268098 0.414091 
-0.879759 -0.315435 0.355703 
-0.854573 -0.379668 0.354342 
-0.825767 -0.441576 0.350884 
-0.793337 -0.501076 0.345744 
-0.75727 -0.558001 0.339378 
-0.717588 -0.612193 0.332095 
-0.674332 -0.663555 0.323993 
-0.627895 -0.712236 0.313798 
-0.572398 -0.757763 0.3133 
-0.533429 -0.754899 0.381551 
-0.475106 -0.790679 0.386136 
-0.415348 -0.820711 0.392326 
-0.352272 -0.848925 0.393993 
-0.287276 -0.872354 0.395565 
-0.220307 -0.891901 0.39494 
-0.151867 -0.907159 0.392428 
-0.0821548 -0.918746 0.386208 
-0.0120283 -0.927579 0.373434 
0.0546897 -0.931528 0.359533 
0.12009 -0.930735 0.345413 
0.184714 -0.924994 0.332065 
0.178792 -0.901745 0.393559 
0.246303 -0.905735 0.344934 
0.314292 -0.88346 0.347447 
0.377402 -0.855453 0.354637 
0.44091 -0.822905 0.358365 
0.500657 -0.78557 0.363624 
0.558047 -0.743967 0.367554 
0.610488 -0.698426 0.373505 
0.658863 -0.649747 0.379115 
0.703869 -0.598356 0.382803 
0.745816 -0.544552 0.383696 
0.78485 -0.488583 0.381179 
0.82099 -0.430625 0.374883 
0.854091 -0.370742 0.364799 
0.883931 -0.308906 0.35106 
0.910476 -0.244982 0.333194 
0.908069 -0.187758 0.374376 
0.92863 -0.123981 0.349677 
0.920359 -0.0626653 0.386021 
0.957362 -0.00385022 0.288867 
0.948768 0.0591132 0.310395 
0.949905 0.121073 0.288136 
0.934154 0.18628 0.304394 
0.914167 0.250063 0.31901 
0.889945 0.312809 0.331888 
0.889857 0.362585 0.276925 
0.859171 0.423507 0.28717 
0.824566 0.482413 0.295581 
0.786212 0.539173 0.301934 
0.744293 0.593654 0.305946 
0.698968 0.645717 0.307397 
0.650226 0.695185 0.306468 
0.597706 0.741749 0.30423 
0.540893 0.784796 0.302541 
0.481235 0.823761 0.299716 
0.418287 0.858375 0.297031 
0.353853 0.888451 0.292307 
0.285347 0.913164 0.291049 
0.259528 0.939244 0.224645 
0.220839 0.934049 0.280682 
0.145313 0.949081 0.279515 
0.0755304 0.954001 0.290134 
0.00868204 0.952407 0.304707 
-0.0657133 0.942759 0.326936 
-0.136893 0.932384 0.334545 
-0.205959 0.918414 0.337781 
-0.273368 0.900294 0.338735 
-0.339065 0.877841 0.338275 
-0.40281 0.851132 0.336628 
-0.464317 0.820399 0.3337 
-0.523323 0.785873 0.329449 
-0.563222 0.782984 0.264039 
-0.618481 0.742222 0.258046 
-0.671008 0.697371 0.251838 
-0.720605 0.647283 0.248502 
-0.765935 0.592331 0.249977 
-0.805146 0.534661 0.256667 
-0.838385 0.475151 0.267099 
-0.867859 0.413066 0.276038 
-0.893634 0.348647 0.2826 
-0.915578 0.282447 0.286253 
-0.906014 0.239956 0.348654 
-0.921688 0.172535 0.347452 
-0.933983 0.104867 0.341582 
-0.941685 0.0350894 0.334661 
-0.946181 -0.0329668 0.321955 
-0.924607 -0.0719893 0.374059 
-0.919661 -0.178775 0.349661 
-0.901314 -0.24874 0.354628 
-0.907928 -0.298561 0.294157 
-0.884747 -0.3624 0.29307 
-0.857737 -0.42449 0.289992 
-0.826977 -0.484537 0.28519 
-0.792469 -0.542297 0.279118 
-0.754169 -0.597597 0.272225 
-0.712009 -0.650332 0.264786 
-0.665998 -0.700516 0.256367 
-0.613042 -0.748308 0.253408 
-0.555836 -0.791132 0.255257 
-0.515477 -0.793757 0.322852 
-0.455923 -0.827506 0.32767 
-0.39453 -0.856597 0.332546 
-0.330729 -0.882521 0.334327 
-0.265129 -0.903998 0.335401 
-0.197728 -0.921396 0.334564 
-0.128691 -0.934616 0.331559 
-0.0577265 -0.944208 0.324252 
0.0154594 -0.952251 0.304924 
0.0815617 -0.953787 0.289203 
0.150229 -0.948921 0.277454 
0.224154 -0.934311 0.277162 
0.263128 -0.939144 0.220846 
0.289954 -0.913203 0.286332 
0.356473 -0.887983 0.29054 
0.419561 -0.857898 0.296614 
0.481212 -0.823396 0.300755 
0.539638 -0.784543 0.305423 
0.5952 -0.741643 0.309357 
0.646442 -0.695139 0.314476 
0.69383 -0.645625 0.319011 
0.737834 -0.593469 0.321552 
0.778669 -0.53895 0.32126 
0.816409 -0.482306 0.317579 
0.850999 -0.423711 0.310273 
0.882251 -0.363266 0.29945 
0.909928 -0.300965 0.285395 
0.933979 -0.236432 0.267924 
0.934757 -0.179306 0.306723 
0.952858 -0.113876 0.281237 
0.945798 -0.0612873 0.31892 
0.971811 0.029443 0.233916 
0.968144 0.0948947 0.231718 
0.974471 0.139801 0.175678 
0.95674 0.168546 0.237151 
0.938811 0.235276 0.251552 
0.916454 0.299795 0.265017 
0.914849 0.345301 0.20933 
0.886041 0.408027 0.220101 
0.853203 0.468508 0.229227 
0.816467 0.526719 0.236536 
0.775976 0.582604 0.241731 
0.731873 0.636049 0.244549 
0.684204 0.686891 0.245042 
0.632791 0.73488 0.243981 
0.57739 0.779558 0.242715 
0.518803 0.820345 0.240578 
0.457093 0.856963 0.238075 
0.393212 0.88912 0.2342 
0.326233 0.916481 0.231592 
0.297791 0.939955 0.166748 
0.226676 0.959958 0.164618 
0.186392 0.95687 0.222841 
0.111157 0.968251 0.223905 
0.0409309 0.971665 0.232791 
-0.0435063 0.962962 0.266103 
-0.114932 0.955222 0.272657 
-0.184099 0.943374 0.275959 
-0.251784 0.927258 0.277124 
-0.317972 0.906765 0.276895 
-0.382479 0.881918 0.275556 
-0.445027 0.852895 0.272987 
-0.505349 0.819876 0.26912 
-0.544338 0.813907 0.203103 
-0.601048 0.774389 0.197641 
-0.655155 0.7307 0.191962 
-0.70653 0.682207 0.188172 
-0.754356 0.629102 0.187561 
-0.797424 0.572567 0.190478 
-0.834822 0.513782 0.197736 
-0.866747 0.453206 0.208216 
-0.894893 0.389981 0.216984 
-0.919369 0.324316 0.222663 
-0.939857 0.256853 0.225156 
-0.933418 0.215052 0.287198 
-0.947553 0.146822 0.283879 
-0.957463 0.0772406 0.278025 
-0.963376 0.00789468 0.268038 
-0.963213 -0.0642375 0.260949 
-0.941911 -0.106787 0.318434 
-0.942469 -0.16672 0.289753 
-0.927152 -0.233304 0.293186 
-0.93389 -0.272283 0.231756 
-0.912291 -0.33824 0.23091 
-0.886747 -0.40201 0.228182 
-0.857388 -0.463525 0.223673 
-0.824249 -0.522654 0.217823 
-0.787262 -0.579311 0.211229 
-0.74632 -0.633444 0.20434 
-0.701298 -0.685049 0.197202 
-0.650647 -0.73433 0.193439 
-0.595478 -0.779879 0.192861 
-0.537267 -0.820438 0.195512 
-0.497403 -0.826755 0.262803 
-0.436614 -0.859 0.26737 
-0.374009 -0.88686 0.271287 
-0.309361 -0.910939 0.27292 
-0.243095 -0.930597 0.273667 
-0.175229 -0.946002 0.272716 
-0.105793 -0.957137 0.269621 
-0.0340128 -0.964265 0.262748 
0.0463599 -0.971664 0.231774 
0.115848 -0.968225 0.221627 
0.19019 -0.956954 0.219242 
0.230585 -0.959683 0.160747 
0.30147 -0.93949 0.162708 
0.330088 -0.916135 0.227459 
0.395601 -0.888658 0.23192 
0.458058 -0.856696 0.23718 
0.51833 -0.820418 0.241346 
0.575542 -0.780023 0.245593 
0.629648 -0.735763 0.24939 
0.679767 -0.688149 0.253709 
0.726131 -0.637662 0.257142 
0.76903 -0.584633 0.258451 
0.808585 -0.529349 0.256865 
0.844797 -0.472071 0.251927 
0.877552 -0.413029 0.243536 
0.906647 -0.352405 0.231954 
0.931848 -0.290157 0.217873 
0.953081 -0.225365 0.202105 
0.956553 -0.170571 0.236456 
0.970252 -0.107534 0.216903 
0.970604 -0.0446158 0.236511 
0.984863 -0.00373313 0.173292 
0.983147 0.0669802 0.170106 
0.987443 0.110118 0.113273 
0.959619 0.212696 0.184098 
0.939455 0.280335 0.197072 
0.935651 0.323322 0.141491 
0.908933 0.388121 0.152326 
0.878082 0.450321 0.161808 
0.843209 0.510051 0.169843 
0.804406 0.567375 0.176116 
0.761779 0.622252 0.180261 
0.715406 0.674543 0.182171 
0.66524 0.724024 0.182329 
0.611208 0.770327 0.181717 
0.553793 0.812915 0.180228 
0.49327 0.851453 0.178081 
0.430284 0.885606 0.174811 
0.364631 0.915167 0.171794 
0.334382 0.936326 0.107159 
0.265121 0.958489 0.104925 
0.193915 0.975508 0.10383 
0.153769 0.974388 0.16408 
0.0817447 0.982946 0.164729 
0.0160157 0.98797 0.153812 
-0.0196339 0.977962 0.20786 
-0.0910964 0.973497 0.209773 
-0.160329 0.96385 0.212811 
-0.228275 0.949748 0.214171 
-0.294934 0.931199 0.2142 
-0.360171 0.908189 0.213237 
-0.423681 0.880869 0.211102 
-0.485157 0.849402 0.207698 
-0.522355 0.840921 0.141408 
-0.580431 0.802795 0.136456 
-0.635963 0.760476 0.13125 
-0.688843 0.713649 0.127278 
-0.738488 0.662483 0.125505 
-0.784065 0.607707 0.126232 
-0.824893 0.550103 0.130148 
-0.860459 0.490456 0.138069 
-0.890969 0.428995 0.148786 
-0.917737 0.364714 0.157297 
-0.94079 0.297785 0.161984 
-0.95965 0.229118 0.163024 
-0.956171 0.188297 0.224236 
-0.96827 0.118555 0.219996 
-0.976042 0.0484034 0.212129 
-0.978679 -0.0232166 0.20408 
-0.977965 -0.0911609 0.187812 
-0.9621 -0.128798 0.240365 
-0.951312 -0.203758 0.231275 
-0.955826 -0.239024 0.171066 
-0.936173 -0.308126 0.169227 
-0.912283 -0.374219 0.166433 
-0.884426 -0.437658 0.162006 
-0.852719 -0.498472 0.156194 
-0.817115 -0.556701 0.14969 
-0.777511 -0.612371 0.1431 
-0.73376 -0.665504 0.136749 
-0.685102 -0.716263 0.132672 
-0.632018 -0.763795 0.131036 
-0.575345 -0.807253 0.131604 
-0.51605 -0.845914 0.134615 
-0.477627 -0.85511 0.201642 
-0.415817 -0.885871 0.205737 
-0.352252 -0.912304 0.208854 
-0.28694 -0.934604 0.210193 
-0.220281 -0.952423 0.210634 
-0.152363 -0.965857 0.209537 
-0.0833113 -0.974873 0.206595 
-0.0124621 -0.979078 0.203104 
0.0217468 -0.988628 0.148799 
0.0863012 -0.982932 0.16247 
0.157824 -0.974329 0.160545 
0.198321 -0.975028 0.0999435 
0.269316 -0.957762 0.100797 
0.338258 -0.935423 0.102788 
0.368073 -0.914559 0.167644 
0.432439 -0.885123 0.171913 
0.493969 -0.85135 0.176628 
0.553025 -0.813329 0.180718 
0.609098 -0.7713 0.18465 
0.661944 -0.725546 0.188185 
0.710973 -0.6766 0.191651 
0.756259 -0.62489 0.193869 
0.797941 -0.570741 0.193762 
0.83605 -0.514467 0.190641 
0.870513 -0.456387 0.184166 
0.901184 -0.396809 0.174388 
0.927878 -0.335894 0.161917 
0.950447 -0.273135 0.148484 
0.968375 -0.205307 0.141773 
0.976501 -0.143727 0.160586 
0.984256 -0.0703538 0.162142 
0.999005 0.00593822 0.0442123 
0.993336 0.0364304 0.109347 
0.995622 0.0782546 0.0511147 
0.975549 0.18359 0.120827 
0.958014 0.255582 0.129951 
0.951946 0.297022 0.0746829 
0.927438 0.364269 0.0846535 
0.898742 0.428304 0.0939026 
0.865952 0.48957 0.102214 
0.829121 0.548277 0.109317 
0.788286 0.604523 0.114706 
0.7435 0.658238 0.118031 
0.694799 0.709211 0.119476 
0.642222 0.757112 0.119717 
0.586114 0.801454 0.118922 
0.526822 0.841852 0.117232 
0.464896 0.87794 0.114428 
0.400507 0.90951 0.111292 
0.368783 0.92836 0.0463251 
0.301227 0.95254 0.0439252 
0.231725 0.971845 0.0426724 
0.160906 0.986094 0.0415606 
0.122145 0.98719 0.102644 
0.0523671 0.994017 0.0958533 
-0.0212041 0.995607 0.0911967 
-0.0586387 0.987178 0.148462 
-0.130608 0.980107 0.149441 
-0.200152 0.968117 0.150628 
-0.267992 0.951551 0.150765 
-0.334392 0.930394 0.150164 
-0.39912 0.904797 0.148475 
-0.461866 0.874928 0.145538 
-0.49709 0.864071 0.0792706 
-0.55652 0.827465 0.0747468 
-0.61342 0.786655 0.0699256 
-0.667693 0.741515 0.065888 
-0.71889 0.69223 0.0633615 
-0.766374 0.639333 0.0626533 
-0.809635 0.583399 0.0643141 
-0.848292 0.524985 0.0692183 
-0.882044 0.464675 0.0779496 
-0.911076 0.402509 0.089032 
-0.93638 0.33725 0.0972334 
-0.957843 0.26906 0.100716 
-0.974824 0.199141 0.100303 
-0.974073 0.159243 0.160699 
-0.983961 0.088669 0.154788 
-0.988984 0.017236 0.147015 
-0.98963 -0.052406 0.13374 
-0.984294 -0.126032 0.123621 
-0.970135 -0.165016 0.177786 
-0.972876 -0.200334 0.115665 
-0.955698 -0.273243 0.109451 
-0.93374 -0.342046 0.105517 
-0.907587 -0.4076 0.100738 
-0.87748 -0.470173 0.09469 
-0.843415 -0.530001 0.0880335 
-0.805321 -0.587216 0.0814566 
-0.763078 -0.641885 0.0754672 
-0.716312 -0.694133 0.0712476 
-0.665226 -0.743443 0.0690414 
-0.610335 -0.789167 0.068607 
-0.552254 -0.830737 0.0699377 
-0.491736 -0.867671 0.0730969 
-0.455161 -0.87938 0.139712 
-0.392162 -0.908668 0.143291 
-0.327393 -0.933584 0.145718 
-0.260976 -0.954128 0.146732 
-0.193221 -0.970085 0.146973 
-0.123929 -0.981507 0.145894 
-0.0526403 -0.988146 0.144211 
-0.015654 -0.996136 0.0864179 
0.0580663 -0.994107 0.0915408 
0.126844 -0.986951 0.0991852 
0.165868 -0.985429 0.0376559 
0.236535 -0.970857 0.0385711 
0.305838 -0.951264 0.0394943 
0.37306 -0.926877 0.0415413 
0.403915 -0.908543 0.10678 
0.467115 -0.877218 0.110871 
0.527621 -0.841617 0.115312 
0.585548 -0.801804 0.11935 
0.640528 -0.758016 0.123026 
0.692208 -0.710586 0.126159 
0.740136 -0.660035 0.128659 
0.784272 -0.606753 0.129493 
0.824636 -0.551059 0.127712 
0.861176 -0.493275 0.122701 
0.893768 -0.433741 0.114224 
0.922262 -0.372686 0.102653 
0.946597 -0.309625 0.0899269 
0.966743 -0.242025 0.0826501 
0.981752 -0.16981 0.085596 
0.989658 -0.103662 0.0991577 
0.994042 -0.0325801 0.104015 
-0.999431 0.0265193 0.0208401 
-0.998854 -0.0460341 0.0131218 
-0.992785 -0.119797 0.00508483 
0.9866 0.152619 0.0576913 
0.97192 0.225931 0.0657846 
0.96369 0.266828 0.0101887 
0.941426 0.336731 0.0181192 
0.914943 0.402731 0.0262034 
0.884364 0.465548 0.0341478 
0.849712 0.525606 0.0415732 
0.810986 0.583095 0.0479858 
0.768134 0.638115 0.0527253 
0.721177 0.69052 0.0555564 
0.670228 0.739976 0.0568387 
0.615585 0.786017 0.0568446 
0.55763 0.828218 0.0557179 
0.496892 0.866172 0.0533406 
0.433778 0.899623 0.0501613 
-0.400597 -0.916126 0.0153452 
-0.334659 -0.942167 0.0180334 
-0.266829 -0.963546 0.0195257 
-0.197461 -0.9801 0.0203147 
-0.126792 -0.991681 0.0221963 
0.0896957 0.995274 0.0372171 
0.0159006 0.999326 0.033091 
-0.0587826 0.997826 0.02979 
-0.0960233 0.991463 0.0882116 
-0.167843 0.981911 0.0876359 
-0.237145 0.967547 0.0872634 
-0.304952 0.948398 0.0868675 
-0.371098 0.924643 0.085561 
-0.435248 0.896474 0.0830285 
-0.46871 0.883189 0.0169941 
-0.52946 0.848239 0.0127772 
-0.587657 0.809068 0.00823437 
-0.643236 0.765657 0.00418968 
-0.695824 0.718212 0.00114472 
0.744902 -0.667174 0.000616519 
0.790043 -0.613051 0.000627068 
-0.831002 0.556265 0.00197876 
-0.867565 0.497259 0.00798043 
-0.899537 0.436488 0.0176285 
-0.92705 0.3738 0.029171 
-0.950782 0.307641 0.0370264 
-0.970451 0.238106 0.0391221 
-0.985247 0.167117 0.036888 
-0.987051 0.128339 0.0962296 
-0.994362 0.0571418 0.0893253 
-0.996856 -0.0129883 0.0781603 
-0.993889 -0.08627 0.0688617 
-0.985169 -0.160574 0.060485 
0.980973 0.194129 0.00235978 
-0.970676 -0.234434 0.0531829 
-0.950899 -0.306002 0.0464083 
-0.926618 -0.373821 0.0404635 
-0.898265 -0.438157 0.0337317 
-0.865887 -0.49953 0.0266279 
-0.829457 -0.558221 0.019775 
-0.788911 -0.614354 0.0137524 
-0.744072 -0.668033 0.0093777 
-0.695002 -0.718976 0.00682122 
-0.642011 -0.766673 0.00585387 
-0.585519 -0.810634 0.00628859 
-0.526073 -0.8504 0.00819681 
-0.464261 -0.885625 0.0113923 
-0.429475 -0.899749 0.0774788 
-0.36507 -0.927487 0.0805714 
-0.298835 -0.950736 0.0824551 
-0.230988 -0.969389 0.0832412 
-0.161738 -0.983272 0.0837663 
-0.0902333 -0.992379 0.0839102 
-0.0532308 -0.998266 0.0251413 
0.0215858 -0.99936 0.0285177 
0.095133 -0.994922 0.032848 
-0.132329 0.990853 0.0264438 
-0.202922 0.978893 0.0242989 
-0.272207 0.961944 0.0238082 
-0.339883 0.940192 0.0227684 
-0.405522 0.913854 0.0205417 
0.437539 -0.898067 0.0451263 
0.499545 -0.86489 0.0491916 
0.558945 -0.827471 0.0535924 
0.615736 -0.785842 0.0576243 
0.669577 -0.740231 0.0610306 
0.720034 -0.69102 0.0635849 
0.766701 -0.638711 0.0649494 
0.809437 -0.583687 0.0641971 
0.84815 -0.526292 0.0604784 
0.882698 -0.466912 0.0532698 
0.912927 -0.405887 0.0426552 
0.938882 -0.34288 0.0305691 
0.960909 -0.275907 0.0230241 
0.978509 -0.204944 0.0227718 
0.99066 -0.133499 0.0277557 
-0.994905 0.0959876 0.0308196 
0.997119 -0.0652391 0.0386855 

