+0.00997486 +0.92734348 +0.37407829 
-0.95538207 +0.01101050 +0.29516754 
+0.64237512 +0.60486129 +0.47063471 
+0.16567342 +0.25592093 +0.95239529 
-0.45004401 -0.52376973 +0.72327427 
+0.75696884 -0.43551319 +0.48716162 
-0.67109459 +0.72504630 +0.15472526 
-0.17977116 +0.51296421 +0.83937479 
-0.97470482 -0.02470406 +0.22212659 
-0.95951648 -0.27853578 +0.04178453 
+0.72406296 -0.11311542 +0.68039527 
-0.36554923 +0.93072337 +0.01130320 
-0.78943575 +0.01797340 +0.61357001 
+0.98190703 -0.12212224 +0.14472297 
-0.49817609 +0.28635646 +0.81842566 
+0.34998624 +0.44128761 +0.82630193 
-0.72023273 -0.69344501 +0.01997102 
-0.40950987 -0.70029337 +0.58471434 
-0.06389877 -0.99788920 +0.01157983 
-0.12039984 -0.09930376 +0.98774624 
-0.72005547 +0.68737624 +0.09504749 
-0.37839066 -0.19407151 +0.90507279 
+0.63174669 +0.24432708 +0.73566324 
-0.15016151 +0.97929132 +0.13579411 
-0.25344619 -0.88069613 +0.40017415 
+0.31348198 +0.16514297 +0.93512398 
+0.45930199 -0.23150678 +0.85758165 
+0.07663620 -0.85704419 +0.50951168 
+0.61271792 +0.57494310 +0.54223351 
-0.10196043 +0.78752318 +0.60779216 
-0.59044458 -0.35378902 +0.72540232 
+0.21230830 -0.41882796 +0.88289769 
-0.79435902 -0.06939934 +0.60347119 
-0.56938396 -0.54587201 +0.61467524 
+0.71819442 +0.38211292 +0.58153804 
-0.42901035 +0.27387942 +0.86077882 
+0.36929438 -0.80114361 +0.47094647 
-0.98135391 +0.11099326 +0.15692357 
+0.16931928 -0.56536742 +0.80727360 
+0.17326126 -0.94318599 +0.28351495 
-0.07148363 -0.63478723 +0.76937330 
+0.65483712 +0.73070727 +0.19301613 
-0.60109881 +0.09937313 +0.79297238 
+0.32292148 +0.80204794 +0.50243489 
+0.44048760 -0.78901652 +0.42827982 
-0.59988143 -0.74883697 +0.28175424 
+0.82204178 -0.49725308 +0.27746474 
+0.41145422 -0.53982617 +0.73436581 
+0.98414151 -0.16365094 +0.06843873 
-0.66867622 +0.42277319 +0.61166571 
+0.67901699 -0.41388963 +0.60632607 
+0.04870104 -0.72078379 +0.69144699 
+0.01137780 -0.82778467 +0.56093056 
+0.89765934 +0.35614758 +0.25955078 
+0.38392322 -0.26840195 +0.88349496 
-0.58839800 -0.13705968 +0.79687040 
-0.98102879 -0.18318558 +0.06344722 
+0.51508433 -0.40874210 +0.75340430 
-0.77083946 +0.62641296 +0.11581595 
-0.38771518 +0.48326240 +0.78494229 
+0.43921910 +0.31644038 +0.84080441 
+0.47918585 -0.15005178 +0.86479210 
-0.08130221 +0.99285417 +0.08735299 
+0.52752592 +0.80473135 +0.27225697 
+0.42848400 -0.75007898 +0.50376878 
-0.81087952 +0.15223483 +0.56506545 
+0.57445618 +0.64459339 +0.50447939 
+0.78693439 +0.43875409 +0.43385379 
-0.59863133 -0.58784061 +0.54413597 
-0.69952974 +0.21134364 +0.68263607 
-0.66008017 +0.15476057 +0.73508050 
-0.89816642 -0.30136026 +0.32012354 
-0.91639872 -0.21512728 +0.33754058 
-0.20356460 +0.88102845 +0.42702496 
-0.82150111 +0.56695043 +0.06085330 
+0.54109468 +0.81980963 +0.18742658 
+0.45459752 -0.89055759 +0.01575652 
-0.98766406 +0.02606225 +0.15440358 
-0.41034369 +0.54406361 +0.73185575 
+0.10992800 -0.52194844 +0.84586385 
+0.73844723 -0.66108214 +0.13291388 
-0.29893597 -0.20897864 +0.93110967 
+0.95687143 +0.05980489 +0.28428937 
-0.47646502 -0.83180611 +0.28474494 
-0.55170828 +0.82711602 +0.10722433 
+0.06649024 +0.98521493 +0.15789423 
-0.01217753 -0.42433272 +0.90542446 
-0.27567689 -0.28283100 +0.91869956 
+0.26810219 -0.17398746 +0.94754925 
+0.91748615 -0.26777982 +0.29413116 
+0.72675473 -0.55469289 +0.40514609 
+0.48445648 +0.76020198 +0.43289128 
-0.63633297 +0.23764623 +0.73389687 
-0.66881430 -0.74033366 +0.06777538 
-0.57139678 +0.01093039 +0.82060115 
-0.08457537 +0.99641577 +0.00161816 
+0.07027364 -0.66000770 +0.74796488 
+0.84025215 -0.32776852 +0.43190753 
+0.80835565 -0.40618978 +0.42611150 
-0.88844899 +0.34493952 +0.30277899 
-0.69953416 -0.62196502 +0.35186853 
+0.63387311 +0.07988426 +0.76930058 
-0.76402387 -0.60447197 +0.22556853 
+0.52139391 -0.57868277 +0.62711613 
-0.10540487 +0.12127939 +0.98700614 
+0.69995109 +0.45863414 +0.54746981 
-0.85249138 -0.48291508 +0.20012864 
-0.15468606 -0.39063939 +0.90745418 
+0.86716569 -0.02702837 +0.49728576 
-0.12692953 +0.87700089 +0.46342026 
+0.08792935 -0.99268852 +0.08269183 
+0.08971893 -0.59338061 +0.79990622 
-0.25153271 -0.15143670 +0.95592794 
-0.03730148 +0.54297096 +0.83892261 
-0.53372923 +0.84540488 +0.02058416 
-0.96686512 +0.24148678 +0.08280080 
+0.54471990 -0.46210130 +0.69981613 
-0.33687487 +0.80008364 +0.49636830 
+0.90453354 -0.21765531 +0.36666774 
-0.45210627 -0.39555755 +0.79945866 
-0.97171112 +0.06162786 +0.22799015 
-0.23587818 -0.39983236 +0.88571754 
-0.79966807 +0.41379577 +0.43509083 
-0.60953062 +0.69891778 +0.37414751 
-0.89082923 -0.45188661 +0.04713564 
+0.12297555 +0.77653568 +0.61795578 
+0.10046684 -0.94082033 +0.32367193 
+0.20960812 -0.67100990 +0.71120332 
+0.00933861 -0.61641302 +0.78736762 
+0.86379839 +0.22720978 +0.44969773 
+0.44964395 -0.88742636 +0.10146321 
+0.02883192 -0.77749310 +0.62823021 
-0.97044248 -0.11078058 +0.21440397 
-0.22834638 +0.97354417 +0.00834712 
+0.89153396 +0.25562982 +0.37392592 
+0.19164342 -0.21065762 +0.95859072 
+0.00336554 +0.95615741 +0.29283389 
-0.60466846 +0.44616626 +0.65978158 
-0.63048198 -0.40153562 +0.66427526 
+0.15947910 -0.98649779 +0.03726286 
+0.09694597 -0.96467191 +0.24496852 
-0.76233506 +0.31639744 +0.56456878 
-0.45273630 -0.17722573 +0.87385404 
+0.34942741 -0.43012961 +0.83239954 
-0.99373856 +0.07521030 +0.08262615 
+0.19204648 -0.49448999 +0.84770148 
-0.09388578 -0.17127828 +0.98073911 
-0.27646082 -0.93072540 +0.23941522 
+0.76045174 +0.51382836 +0.39710649 
-0.81030464 -0.39807404 +0.43005052 
+0.85802595 -0.11134025 +0.50139287 
-0.62128835 -0.62582698 +0.47153089 
-0.17571273 -0.16905892 +0.96981654 
-0.55316483 -0.07145893 +0.83000138 
-0.19398577 -0.76012833 +0.62014067 
+0.05890891 +0.74790597 +0.66118561 
-0.43286915 -0.02949835 +0.90097400 
-0.21080798 -0.24129537 +0.94727849 
-0.82561451 -0.19580332 +0.52917080 
-0.04701811 +0.18110819 +0.98233860 
-0.11578090 +0.83517747 +0.53765545 
-0.75850272 +0.18376459 +0.62522332 
+0.17145252 -0.29130648 +0.94114004 
+0.66993926 -0.58385043 +0.45858486 
+0.19131809 +0.52360366 +0.83020275 
-0.10153117 +0.49364998 +0.86371356 
+0.87711625 +0.33563843 +0.34353156 
+0.96852059 -0.20224199 +0.14514148 
+0.83162930 +0.02888006 +0.55457970 
+0.00807885 -0.06038503 +0.99814247 
+0.79688563 +0.55537967 +0.23775349 
+0.21025773 +0.95189445 +0.22290951 
+0.66721265 +0.63110955 +0.39563621 
-0.14989780 +0.69285910 +0.70532044 
+0.79027349 +0.08440752 +0.60691283 
-0.95942257 -0.19687630 +0.20186147 
+0.42823658 -0.40559904 +0.80752885 
+0.73972790 +0.22175879 +0.63531542 
-0.23019760 +0.70408208 +0.67177191 
-0.91125395 +0.40376841 +0.08116225 
+0.37579738 -0.83790423 +0.39584446 
+0.15080662 +0.94887784 +0.27728722 
-0.24122220 +0.45658633 +0.85635318 
-0.93557704 +0.18221800 +0.30247679 
+0.12530931 +0.48647068 +0.86466401 
-0.11410034 -0.51703724 +0.84832400 
+0.07423317 +0.96694255 +0.24394986 
+0.43496814 +0.81227014 +0.38861283 
-0.28917039 +0.94667058 +0.14211015 
-0.00971184 +0.99922483 +0.03815004 
+0.76677890 +0.64128727 +0.02829775 
+0.44455256 +0.06632308 +0.89329406 
+0.81175928 +0.46344131 +0.35534353 
-0.15644704 -0.84572952 +0.51016263 
-0.39139375 -0.82690851 +0.40377377 
+0.70768476 -0.19646090 +0.67866442 
+0.23315475 -0.88349270 +0.40629978 
-0.79499981 -0.50713099 +0.33285653 
-0.85631452 -0.50153098 +0.12325634 
-0.42608279 -0.90138581 +0.07718207 
-0.05163048 -0.56841684 +0.82111911 
+0.87117760 +0.05808038 +0.48752052 
-0.28134934 +0.24181739 +0.92863712 
-0.67224557 +0.70099147 +0.23811098 
-0.20128350 -0.08555861 +0.97578926 
-0.42437490 +0.85472775 +0.29890871 
+0.61468407 -0.43978842 +0.65478976 
+0.74306558 +0.13891464 +0.65464209 
+0.89692491 -0.08226039 +0.43446397 
+0.06892881 +0.06253974 +0.99565938 
+0.52259949 +0.52351845 +0.67291768 
-0.85746902 +0.11919230 +0.50053979 
-0.02474251 -0.13185063 +0.99096076 
+0.17400027 -0.91471834 +0.36471120 
+0.55092288 -0.11625727 +0.82641892 
+0.53366826 -0.19720045 +0.82238079 
+0.92241244 -0.35875171 +0.14301222 
+0.09114423 -0.32234503 +0.94222418 
-0.94466031 -0.30876143 +0.11082992 
-0.55629356 +0.80874169 +0.19098259 
+0.70404225 +0.56115162 +0.43523943 
-0.85693205 +0.46220162 +0.22811648 
-0.77877734 -0.47610594 +0.40844704 
-0.44035549 +0.42103848 +0.79297771 
+0.97385379 +0.08939887 +0.20884599 
+0.59134344 -0.56197970 +0.57835262 
+0.40242774 +0.87553349 +0.26738178 
-0.87803811 +0.29995993 +0.37292509 
-0.94284953 +0.32289748 +0.08229210 
+0.61900879 -0.65234103 +0.43735490 
+0.57191991 -0.81418727 +0.10003356 
+0.15428919 +0.92217049 +0.35467794 
-0.99258419 +0.12130280 +0.00789024 
+0.69483839 -0.68585583 +0.21633630 
+0.80678111 +0.36109922 +0.46766612 
+0.32740496 -0.22197205 +0.91844129 
+0.15027629 -0.63452122 +0.75815556 
+0.36192450 -0.05460732 +0.93060663 
-0.66639100 -0.44339186 +0.59943864 
-0.87361483 -0.38351923 +0.29951648 
+0.68227253 -0.66307160 +0.30796144 
-0.34618080 +0.83777806 +0.42224019 
-0.40493886 -0.85459060 +0.32511447 
-0.00210522 +0.02042824 +0.99978911 
-0.56187313 -0.42983521 +0.70678163 
+0.34551755 +0.83469589 +0.42883609 
-0.01138001 -0.68028839 +0.73285619 
-0.78554859 -0.36316429 +0.50102407 
-0.22291232 +0.97012191 +0.09577883 
-0.61192199 -0.27697423 +0.74083518 
-0.38780817 +0.70641939 +0.59209499 
+0.75843459 -0.64966096 +0.05213072 
-0.81493398 +0.28554544 +0.50432768 
+0.59345336 +0.47586782 +0.64912474 
-0.83396702 +0.33397936 +0.43926848 
+0.04365400 +0.80205601 +0.59565132 
-0.77643248 -0.24417147 +0.58097581 
-0.81002892 +0.45795677 +0.36623593 
-0.80909774 -0.28139603 +0.51592356 
+0.29974183 -0.00646778 +0.95399843 
-0.11233841 -0.91466731 +0.38828315 
-0.26687446 -0.90882169 +0.32065738 
+0.02939764 -0.54761645 +0.83621290 
-0.09324265 -0.44616939 +0.89007791 
-0.99264148 -0.09825090 +0.07077885 
+0.19289229 -0.73330103 +0.65196791 
+0.01131720 +0.65291831 +0.75734378 
+0.35081078 +0.91136157 +0.21529489 
+0.92973860 -0.05312647 +0.36436754 
+0.42555167 +0.90019745 +0.09246802 
-0.66293626 -0.55519975 +0.50226364 
+0.94868105 -0.28124290 +0.14459147 
+0.99778122 +0.00023619 +0.06657766 
-0.67329141 +0.29155754 +0.67946514 
-0.91538224 +0.26479709 +0.30324554 
+0.16981903 -0.78423388 +0.59677360 
+0.54327012 -0.62801574 +0.55718381 
+0.63629821 -0.72045907 +0.27579579 
+0.89167883 -0.34626391 +0.29156504 
-0.76726863 +0.53387165 +0.35535886 
-0.53474429 +0.68242368 +0.49834372 
+0.01721259 +0.23781967 +0.97115680 
-0.21824308 +0.95862415 +0.18278320 
-0.89279957 +0.38744521 +0.22977191 
-0.53631794 +0.46408578 +0.70497338 
-0.57659581 +0.57106027 +0.58431793 
-0.84720673 +0.37979940 +0.37147432 
+0.76672998 -0.61366670 +0.18851611 
-0.81131036 -0.58450515 +0.01136791 
+0.95922125 +0.24047542 +0.14854684 
-0.71369730 +0.56586457 +0.41283587 
-0.13206274 -0.58486955 +0.80030434 
+0.57407970 -0.74794102 +0.33319173 
+0.66569024 -0.14103514 +0.73277936 
-0.99671888 -0.01024430 +0.08029031 
-0.03191814 -0.73959276 +0.67229739 
-0.34275069 +0.17893088 +0.92222866 
+0.23018604 +0.92196818 +0.31143066 
+0.97933827 +0.18423505 +0.08339060 
+0.23236613 -0.33991080 +0.91129942 
-0.15508496 +0.98669564 +0.04878907 
-0.94127727 -0.27979064 +0.18898227 
-0.30261159 +0.39600500 +0.86695229 
+0.22628024 -0.80531842 +0.54795939 
-0.25160306 -0.71286438 +0.65461460 
-0.77636955 +0.10013989 +0.62227190 
-0.25652094 +0.52888668 +0.80899684 
+0.67386363 +0.35291331 +0.64912248 
+0.27111038 +0.48432325 +0.83182339 
+0.13141464 -0.44851595 +0.88406088 
+0.78621813 -0.00024127 +0.61794903 
-0.94691573 -0.16294351 +0.27712815 
+0.69108630 +0.10942354 +0.71444119 
-0.92542501 -0.37242392 +0.06992114 
-0.68380778 -0.59069859 +0.42834809 
+0.65310376 -0.36106992 +0.66564554 
+0.15263521 -0.83630948 +0.52658233 
-0.31556744 +0.47096995 +0.82377454 
-0.19394420 +0.84251301 +0.50255096 
-0.56799939 -0.21998282 +0.79308528 
-0.74665390 +0.44570724 +0.49381475 
-0.83387636 -0.10722540 +0.54143600 
-0.26564804 +0.16145757 +0.95045388 
+0.01174798 -0.99885820 +0.04630639 
-0.02141544 +0.77077364 +0.63674907 
+0.71735488 +0.69338989 +0.06791495 
-0.86734802 -0.14429444 +0.47632607 
+0.15355515 +0.33489338 +0.92965974 
+0.01787493 +0.89196798 +0.45174507 
-0.49219101 +0.21254547 +0.84414005 
-0.47055283 -0.32018790 +0.82222853 
-0.49037633 -0.86342580 +0.11843543 
+0.04603165 -0.89315820 +0.44738072 
+0.09274927 +0.62538725 +0.77478278 
-0.55556506 +0.78559502 +0.27237462 
+0.28361321 +0.94365036 +0.17055071 
+0.57231469 +0.54683597 +0.61108618 
-0.05764054 -0.29426600 +0.95398380 
+0.64215647 +0.71517724 +0.27596482 
-0.22739139 -0.00216184 +0.97380105 
+0.16477711 -0.97886572 +0.12112144 
+0.26084048 +0.85486553 +0.44851663 
-0.75522644 -0.32621953 +0.56851899 
+0.22062227 +0.68801387 +0.69134848 
+0.33512994 -0.66436179 +0.66806537 
-0.93146704 +0.36372611 +0.00851343 
+0.75689737 +0.62309123 +0.19713876 
+0.10912586 +0.82805195 +0.54992865 
+0.68730872 +0.02591138 +0.72590311 
-0.96825537 +0.19409743 +0.15750471 
+0.30259854 -0.84568620 +0.43960093 
+0.60416888 +0.78305583 +0.14766016 
+0.78125696 +0.53684177 +0.31849406 
-0.21112776 -0.97122424 +0.11022046 
-0.70478105 +0.34466572 +0.62007194 
+0.74152973 +0.05507960 +0.66865530 
-0.00554104 +0.71419058 +0.69992936 
-0.40115864 +0.75151852 +0.52372861 
+0.82506853 -0.05600914 +0.56224985 
+0.09646895 +0.21179923 +0.97254040 
+0.87862147 -0.47306547 +0.06506434 
-0.62583929 +0.49927193 +0.59921009 
+0.32691133 +0.89540027 +0.30230339 
-0.85776688 -0.35139768 +0.37517415 
-0.69531661 -0.36657534 +0.61818875 
-0.19573877 +0.58239519 +0.78898807 
-0.43182615 -0.58862838 +0.68340530 
+0.59154423 -0.80585069 +0.02607852 
-0.20082635 -0.94038020 +0.27450655 
+0.44953540 +0.57088640 +0.68702740 
-0.13524409 +0.91266473 +0.38568398 
+0.79217512 -0.35735413 +0.49472882 
+0.44638339 +0.23476599 +0.86349685 
-0.92943500 +0.04716160 +0.36595951 
+0.49982955 +0.34657632 +0.79376021 
+0.56493380 -0.71463321 +0.41249143 
+0.68247055 -0.71680931 +0.14289281 
+0.61065291 +0.40156834 +0.68252903 
-0.14551934 +0.96421586 +0.22161206 
+0.32870782 -0.50588964 +0.79751291 
+0.85097521 +0.51325595 +0.11139802 
+0.24313262 +0.21312914 +0.94628880 
-0.05167208 -0.79305825 +0.60695025 
-0.72392469 +0.66644906 +0.17826582 
+0.07863090 +0.94240153 +0.32511003 
-0.27986605 -0.53944673 +0.79414874 
-0.21926837 +0.30372675 +0.92718469 
-0.83932211 +0.20308256 +0.50427758 
-0.18665117 +0.14306920 +0.97195295 
+0.73376456 +0.48721038 +0.47351411 
-0.46481400 -0.80689051 +0.36452113 
+0.93981589 +0.31879042 +0.12295837 
+0.58239723 -0.24975168 +0.77358746 
+0.63879636 +0.50357446 +0.58168031 
-0.46314819 +0.69770529 +0.54653553 
+0.28676472 +0.95797153 +0.00751959 
-0.39353831 -0.33680375 +0.85538929 
+0.97623132 +0.00633864 +0.21663849 
-0.47475582 +0.73992799 +0.47656424 
+0.56818420 +0.29592994 +0.76784907 
-0.28431675 +0.90777974 +0.30838277 
-0.13794562 -0.98853948 +0.06132456 
+0.69014568 +0.19216699 +0.69768960 
+0.98882851 -0.04120002 +0.14325062 
+0.43684231 -0.31322434 +0.84324333 
-0.19006610 -0.91516808 +0.35544658 
-0.92220362 +0.35379833 +0.15610005 
-0.66351913 +0.63535869 +0.39504645 
+0.38342260 -0.91137179 +0.14962814 
-0.06206139 +0.26275716 +0.96286399 
+0.23493605 -0.96896448 +0.07689531 
+0.08507515 +0.29084153 +0.95298133 
+0.51175368 +0.10055620 +0.85322718 
-0.06729190 -0.04209802 +0.99684480 
+0.67886750 -0.05776316 +0.73198520 
+0.72689566 +0.58593300 +0.35819718 
-0.28727654 +0.93065417 +0.22661642 
+0.35298735 -0.76055951 +0.54493042 
+0.81392048 -0.54737160 +0.19472489 
-0.49269766 +0.85446481 +0.16473892 
+0.32101476 -0.57029715 +0.75611552 
-0.59889606 -0.47590596 +0.64407843 
-0.97951263 -0.14562532 +0.13909808 
-0.77157187 +0.60372927 +0.20046899 
+0.87014739 +0.14317901 +0.47153291 
-0.17547143 -0.46175545 +0.86947782 
-0.94845162 +0.27519093 +0.15719249 
+0.85960250 -0.42283121 +0.28687508 
+0.02325691 -0.95651221 +0.29076366 
+0.82971068 +0.19801688 +0.52189032 
+0.93685954 -0.18766851 +0.29508427 
+0.60229921 -0.16867838 +0.78024564 
-0.20732553 -0.95910516 +0.19270030 
-0.76809684 -0.63756310 +0.05950235 
+0.45719291 +0.83353685 +0.31014668 
+0.44583693 -0.82328861 +0.35131936 
-0.27468520 -0.76139152 +0.58722312 
-0.16661039 +0.74830642 +0.64208915 
+0.41980742 +0.88991207 +0.17837667 
+0.28170889 +0.71361481 +0.64140004 
-0.38204567 +0.03471868 +0.92349105 
+0.99424210 +0.08482548 +0.06547737 
+0.68487559 -0.27911272 +0.67308359 
+0.24272319 -0.95709978 +0.15825757 
-0.63892457 -0.65937541 +0.39623158 
-0.71974594 -0.68589202 +0.10732156 
+0.73274705 -0.63051363 +0.25599674 
+0.50575464 +0.01648506 +0.86251985 
+0.31916705 +0.58698528 +0.74403002 
-0.35647852 +0.25814577 +0.89793308 
+0.88964362 -0.43439398 +0.14084070 
-0.28238073 -0.94630586 +0.15737328 
-0.99886143 -0.04724672 +0.00660278 
-0.03666230 +0.82146920 +0.56907314 
+0.13930974 +0.97169503 +0.19079193 
-0.90209867 +0.21793953 +0.37245181 
-0.91926637 +0.13356863 +0.37028200 
+0.97263175 -0.07553819 +0.21973043 
+0.47381850 +0.85090372 +0.22684551 
+0.45794833 +0.73047003 +0.50665260 
-0.41518681 -0.87640710 +0.24398874 
-0.25999978 +0.80238307 +0.53719784 
-0.23645157 -0.84648241 +0.47703059 
+0.68718507 +0.65343225 +0.31749483 
+0.22929811 -0.60275136 +0.76427297 
-0.36785808 -0.53895261 +0.75776680 
+0.62354080 +0.32418777 +0.71140646 
+0.66304518 +0.74080756 +0.10758835 
+0.06769631 -0.11085217 +0.99152862 
+0.24807355 +0.81939012 +0.51677784 
-0.81301217 -0.57428731 +0.09594420 
-0.43131542 -0.74089401 +0.51482334 
-0.47328636 +0.13346104 +0.87074001 
+0.94416074 -0.32246533 +0.06765065 
+0.73520588 -0.02913062 +0.67721763 
-0.37153238 +0.65650249 +0.65648166 
-0.70174336 -0.08039132 +0.70787958 
+0.65862811 +0.42972596 +0.61769297 
+0.70123014 -0.70989004 +0.06582107 
-0.06204460 -0.99352094 +0.09521870 
+0.03119455 +0.15468402 +0.98747139 
-0.50124451 -0.56981437 +0.65120314 
+0.76385462 +0.63527343 +0.11381469 
+0.57192779 +0.04941014 +0.81881453 
-0.29437205 +0.95416137 +0.05404794 
+0.55525416 -0.67421179 +0.48696127 
+0.35618915 +0.92512679 +0.13141426 
+0.91451199 -0.39913456 +0.06602597 
+0.48611670 -0.35385803 +0.79904634 
+0.87374967 +0.43068629 +0.22598859 
-0.55444651 -0.82893340 +0.07388156 
+0.28336184 -0.08902230 +0.95487229 
+0.76308611 -0.16864231 +0.62390653 
+0.77025196 -0.30583043 +0.55962458 
-0.24720242 +0.08007624 +0.96564940 
-0.87171975 -0.05559453 +0.48684077 
-0.01410418 -0.86895293 +0.49469371 
+0.98346496 +0.12372540 +0.13224484 
-0.67755708 -0.24621570 +0.69303264 
+0.69978801 -0.46401330 +0.54312834 
+0.14095385 +0.72061647 +0.67885486 
-0.29631266 -0.80365184 +0.51608383 
+0.38046393 +0.11595950 +0.91749692 
+0.46847375 -0.47172463 +0.74699947 
-0.09203501 -0.69650352 +0.71162659 
+0.41585346 -0.70605342 +0.57319671 
+0.51284731 +0.18410892 +0.83850554 
-0.76845786 +0.63887073 +0.03628645 
-0.03274711 -0.21995440 +0.97496035 
-0.55851301 +0.51968183 +0.64652457 
-0.07147989 +0.96340807 +0.25833219 
+0.07813418 -0.01975217 +0.99674716 
-0.72873450 +0.39650051 +0.55833089 
-0.12693379 -0.24148599 +0.96206670 
+0.17009260 +0.08803929 +0.98148744 
+0.47567672 -0.64304218 +0.60019031 
+0.94618071 -0.23670934 +0.22070512 
-0.69842791 -0.48153494 +0.52945497 
-0.85314715 +0.49900268 +0.15210608 
-0.15213362 +0.36273111 +0.91939192 
+0.13873898 +0.98461718 +0.10620968 
-0.43095963 +0.59958143 +0.67437075 
-0.30983640 +0.70859532 +0.63395116 
+0.38367440 +0.75817674 +0.52722100 
-0.33182506 +0.54143225 +0.77249158 
+0.44884851 -0.59116011 +0.67012293 
+0.77043277 -0.48180929 +0.41748433 
-0.85518913 +0.51828999 +0.00519944 
+0.62794399 -0.00336389 +0.77825126 
+0.26604043 -0.70427947 +0.65818912 
-0.98378568 +0.15898818 +0.08299700 
-0.52682099 -0.50245191 +0.68556671 
+0.17437261 +0.17431352 +0.96912795 
+0.90462661 +0.08718270 +0.41719285 
+0.38111341 +0.20102181 +0.90240944 
-0.81258851 -0.55567452 +0.17585718 
+0.85774582 +0.41090377 +0.30891778 
+0.15057998 +0.01287387 +0.98851400 
+0.48751491 -0.69201849 +0.53239048 
-0.46506047 +0.48086072 +0.74329787 
+0.81330983 -0.14020542 +0.56468536 
+0.60857180 -0.60863569 +0.50911980 
-0.63237328 +0.03009916 +0.77407885 
+0.25234845 -0.53725043 +0.80478707 
+0.40357454 -0.18511467 +0.89602464 
+0.65619286 -0.53864503 +0.52846236 
+0.26768148 -0.75802502 +0.59476441 
-0.35792573 +0.92839541 +0.09985554 
+0.13982081 +0.41183758 +0.90046652 
+0.59322791 +0.77051351 +0.23321574 
+0.54172196 +0.45057590 +0.70959050 
+0.77727591 -0.08475812 +0.62342459 
-0.29229620 +0.65515738 +0.69665755 
-0.21492046 +0.93944094 +0.26694552 
-0.25270797 -0.47653863 +0.84205084 
+0.06997358 -0.39964114 +0.91399708 
-0.28002338 -0.06749714 +0.95761738 
+0.83035922 +0.48459138 +0.27509047 
-0.33031850 -0.87097608 +0.36371741 
+0.20624237 +0.44999398 +0.86888981 
+0.17500415 +0.59328098 +0.78574247 
+0.34488173 -0.13766028 +0.92849676 
+0.50890623 +0.26637116 +0.81857245 
-0.23072861 -0.65663826 +0.71804631 
-0.49282675 +0.83443144 +0.24666974 
+0.30025767 +0.33085649 +0.89463921 
+0.96136150 +0.26677133 +0.06794942 
-0.07478281 -0.37060080 +0.92577675 
+0.95243776 +0.14471490 +0.26817887 
+0.02762518 +0.58694058 +0.80915858 
-0.52142296 -0.75257392 +0.40218229 
-0.89698129 +0.44196281 +0.00966652 
+0.61135955 +0.78907778 +0.05996472 
-0.67731234 +0.07910697 +0.73143016 
-0.12592607 +0.20374297 +0.97089208 
-0.33126538 -0.71098747 +0.62029030 
-0.49267824 -0.86957554 +0.03326452 
+0.89365792 -0.39311814 +0.21641084 
+0.15227356 -0.37164619 +0.91580122 
+0.90331196 +0.00199065 +0.42897965 
-0.88452860 -0.41188970 +0.21898864 
+0.98929413 +0.04044575 +0.14021861 
-0.53972126 +0.33333383 +0.77303915 
+0.67806083 -0.62574485 +0.38558644 
-0.94890576 +0.09745798 +0.30013296 
-0.71931221 -0.28726957 +0.63250782 
+0.23382776 +0.29487139 +0.92648553 
-0.05427926 -0.96430753 +0.25916164 
-0.56354192 +0.24949833 +0.78750942 
+0.44830045 -0.87373503 +0.18871622 
-0.52223457 -0.37646389 +0.76520977 
-0.66519894 +0.74347995 +0.06890523 
-0.14100871 +0.28450574 +0.94824735 
-0.77073234 +0.57195965 +0.28077362 
+0.92321206 -0.31562373 +0.21922853 
+0.51438535 -0.82768717 +0.22436948 
-0.35775522 +0.91549828 +0.18404921 
-0.02180799 +0.09739566 +0.99500678 
+0.91007914 +0.37520733 +0.17599832 
-0.48497905 -0.85076304 +0.20247858 
+0.20517852 +0.74760659 +0.63165351 
+0.65498138 -0.75550875 +0.01435007 
-0.06982696 +0.67529472 +0.73423514 
-0.69529852 -0.16544718 +0.69941918 
-0.97907153 +0.20337015 +0.00771521 
-0.28563947 -0.95540320 +0.07493204 
+0.97567907 +0.21907985 +0.00737429 
+0.62654422 -0.69087005 +0.36075049 
-0.11711271 +0.56466926 +0.81696587 
+0.84288270 -0.19466411 +0.50165191 
-0.11257743 -0.75283671 +0.64850845 
-0.83624490 -0.31720591 +0.44729730 
+0.63732924 -0.49071133 +0.59414967 
+0.05870292 +0.44420767 +0.89399861 
+0.10961261 +0.55779733 +0.82270725 
+0.23924187 +0.62460710 +0.74339041 
-0.09558177 -0.87945047 +0.46629497 
+0.33820730 +0.73671962 +0.58554250 
-0.37300095 +0.33546950 +0.86506099 
-0.04932747 +0.86657063 +0.49661066 
+0.71182966 +0.68537751 +0.15348028 
-0.30774760 -0.41888323 +0.85429986 
+0.49116894 +0.67050857 +0.55603177 
-0.45965822 -0.63793758 +0.61785918 
+0.25260513 -0.25970574 +0.93206415 
-0.49012824 -0.45262072 +0.74492200 
-0.72186659 +0.13080851 +0.67955703 
-0.31498382 -0.84018775 +0.44144052 
+0.91332191 +0.28184520 +0.29394961 
+0.75597273 +0.41102311 +0.50947545 
-0.64241413 +0.54872004 +0.53498636 
+0.35829386 +0.93237581 +0.04796724 
-0.03396322 -0.90729232 +0.41912664 
+0.33384042 +0.51561563 +0.78910778 
+0.82089007 -0.27685767 +0.49948906 
-0.21550698 -0.32939582 +0.91926881 
+0.07624702 +0.68920481 +0.72054363 
-0.62219462 -0.04971365 +0.78128254 
+0.46850071 +0.49869953 +0.72925021 
+0.85335275 -0.37622983 +0.36088808 
-0.85305700 -0.51972491 +0.04668795 
-0.24636908 +0.75590327 +0.60655793 
+0.21157212 +0.96741158 +0.13911175 
-0.60366201 +0.79558856 +0.05129345 
+0.30210832 -0.95271683 +0.03257607 
+0.99430124 -0.08227952 +0.06778735 
+0.04929559 -0.47481695 +0.87870291 
-0.48359450 +0.77702023 +0.40295896 
-0.35271558 +0.86973479 +0.34518563 
+0.31038728 +0.24976543 +0.91721152 
-0.27325341 +0.59601409 +0.75504953 
+0.41769998 +0.70067821 +0.57842612 
-0.05906734 +0.90547682 +0.42026513 
+0.01466722 -0.99147160 +0.12949497 
+0.55655385 -0.32982408 +0.76253780 
-0.40030440 +0.11587011 +0.90902723 
-0.87976848 -0.26758411 +0.39294550 
-0.64250660 +0.36821671 +0.67201319 
-0.16495484 +0.43932461 +0.88305367 
-0.18155490 +0.79819251 +0.57439232 
-0.38516318 -0.65442465 +0.65067480 
+0.56372341 -0.03380380 +0.82527160 
-0.07472234 -0.83850231 +0.53975035 
-0.41940582 +0.82598777 +0.37662046 
+0.85203787 +0.30919867 +0.42240697 
+0.93176928 +0.11605936 +0.34400035 
-0.72317686 -0.51783919 +0.45700963 
+0.68441152 +0.27353420 +0.67584015 
-0.55151650 +0.75671124 +0.35102370 
-0.66931299 +0.67118106 +0.31864732 
-0.91068199 -0.33323292 +0.24416007 
+0.07245109 +0.36841421 +0.92683430 
+0.14276619 -0.07350580 +0.98702316 
+0.00505967 +0.31769260 +0.94818026 
-0.52210829 +0.63792334 +0.56608899 
-0.85488600 +0.42254733 +0.30103766 
+0.63517011 +0.16266757 +0.75504847 
+0.84970476 -0.50873860 +0.13851665 
-0.48397466 -0.68122538 +0.54927271 
+0.85716884 -0.46958574 +0.21154388 
+0.23576298 +0.04152936 +0.97092282 
+0.96264583 -0.15659459 +0.22088716 
+0.57426693 +0.21500761 +0.78992988 
+0.22085764 +0.37367879 +0.90088072 
+0.43580102 -0.01854714 +0.89985192 
-0.50627976 +0.58926858 +0.62963747 
+0.93160335 +0.29929606 +0.20624516 
-0.37447990 -0.79366919 +0.47943093 
-0.21291694 -0.97668999 +0.02725892 
+0.36166945 +0.67780038 +0.64014206 
+0.94470293 +0.32734199 +0.01958563 
-0.55459447 -0.65613423 +0.51177422 
+0.73827301 -0.38615495 +0.55302560 
-0.00132243 +0.97777090 +0.20967192 
-0.81552624 +0.53539584 +0.21970037 
+0.39917024 -0.47750455 +0.78272123 
+0.21292980 +0.97546697 +0.05590253 
+0.10862312 -0.75599739 +0.64549900 
+0.41085861 +0.47117494 +0.78050585 
-0.65650305 -0.32441886 +0.68099644 
+0.80654143 +0.57020780 +0.15605765 
+0.78342614 +0.25136500 +0.56838290 
-0.41503224 -0.47122513 +0.77826417 
-0.17507609 -0.88354899 +0.43438410 
+0.00722015 -0.34810700 +0.93742700 
-0.90361530 -0.00396124 +0.42832662 
+0.63560396 -0.76555082 +0.09969729 
-0.35320709 -0.27286963 +0.89486698 
-0.41815838 +0.19600501 +0.88697554 
-0.95462782 -0.07587980 +0.28797219 
-0.49948523 -0.24047697 +0.83227720 
-0.71996889 +0.60540561 +0.33930641 
+0.56898801 -0.51331434 +0.64246481 
-0.35057066 -0.91457490 +0.20162581 
-0.33158199 -0.12958474 +0.93448445 
-0.35813363 -0.93299476 +0.03551161 
-0.06596074 +0.93781932 +0.34079922 
+0.81079105 +0.58074201 +0.07318865 
+0.77831480 -0.52508299 +0.34425851 
+0.55082782 +0.82862637 +0.09983514 
-0.82919051 -0.43077444 +0.35619725 
+0.77232833 +0.33238591 +0.54132113 
+0.26872007 +0.77145556 +0.57675458 
-0.72873213 -0.40550555 +0.55182853 
-0.16763374 +0.06218477 +0.98388616 
+0.37375681 -0.60318388 +0.70460986 
-0.83414778 -0.01841523 +0.55123349 
-0.00725681 +0.99230756 +0.12358415 
-0.53025595 +0.07523443 +0.84449299 
-0.29654131 +0.32043820 +0.89965694 
-0.13545656 -0.98021268 +0.14434202 
+0.86577896 -0.24738310 +0.43500389 
-0.63320611 -0.19773223 +0.74829940 
+0.06484417 +0.99523712 +0.07278944 
+0.13126514 -0.69889283 +0.70307772 
+0.78058765 -0.56521697 +0.26685706 
-0.42651320 +0.87751649 +0.21920607 
+0.30866491 -0.87930639 +0.36269306 
-0.98725782 -0.06051765 +0.14717203 
+0.31001386 +0.07903685 +0.94744107 
+0.80528258 -0.59262962 +0.01760954 
-0.63553199 -0.51637619 +0.57398146 
-0.44860227 +0.65080777 +0.61254000 
-0.76747567 -0.62460864 +0.14437850 
-0.96200344 +0.14639778 +0.23047141 
+0.09537549 +0.87223281 +0.47970141 
-0.04742363 -0.93943749 +0.33942335 
-0.88275142 +0.16921535 +0.43831051 
+0.42186295 -0.10250718 +0.90084623 
-0.00773293 +0.39552832 +0.91842123 
+0.50071494 +0.59405307 +0.62959153 
-0.64949972 -0.11622367 +0.75142676 
+0.63455137 -0.74736809 +0.19694036 
+0.79479645 -0.59607141 +0.11400646 
+0.50894959 +0.78448719 +0.35433059 
+0.02902308 +0.84987952 +0.52617722 
-0.48720807 +0.53683151 +0.68879621 
-0.14816147 -0.01876164 +0.98878520 
+0.49282429 -0.52766056 +0.69188044 
-0.52276426 -0.15783161 +0.83773905 
-0.66071757 -0.71200950 +0.23768627 
-0.35248668 +0.60180505 +0.71664763 
-0.35788683 -0.04785786 +0.93253774 
-0.02189726 +0.47085723 +0.88193763 
+0.81862541 -0.45244517 +0.35375954 
-0.75693774 -0.44183112 +0.48148783 
+0.60161715 +0.67152217 +0.43256766 
-0.65197475 -0.68821048 +0.31826917 
+0.42722098 +0.90411686 +0.00741184 
-0.61462512 +0.73103446 +0.29635214 
+0.51085713 -0.84763535 +0.14331543 
+0.38036220 -0.86869899 +0.31731160 
-0.50461483 -0.71937936 +0.47734391 
-0.57777538 +0.38974408 +0.71712981 
-0.80649316 -0.53350206 +0.25484180 
-0.21044320 +0.91343698 +0.34834831 
-0.12433306 -0.94329036 +0.30780610 
+0.01867396 -0.97730799 +0.21099853 
+0.66795790 +0.74393270 +0.01990941 
-0.65482447 +0.59423631 +0.46699906 
-0.21629661 -0.80631247 +0.55052336 
+0.02913775 -0.27148715 +0.96200089 
+0.95624372 -0.02385449 +0.29159717 
-0.70338694 +0.52194954 +0.48250958 
-0.35425213 -0.75506655 +0.55170638 
-0.42776626 -0.25850770 +0.86613498 
+0.17633171 +0.84826606 +0.49935140 
+0.12974035 -0.16087424 +0.97841040 
+0.74464828 +0.60652224 +0.27862110 
+0.38276617 -0.89351697 +0.23477114 
-0.08565184 +0.04014604 +0.99551598 
-0.05884673 -0.98229960 +0.17783294 
-0.34220099 -0.89583375 +0.28351434 
-0.58889270 -0.72296169 +0.36129182 
+0.40680274 +0.78980852 +0.45903597 
+0.71589892 -0.51095419 +0.47583039 
-0.91775122 -0.36183008 +0.16374276 
+0.83323390 +0.11383272 +0.54107613 
+0.08686722 +0.91037960 +0.40455293 
+0.62273440 -0.30531041 +0.72040782 
-0.35567119 -0.92702775 +0.11881732 
-0.54319129 -0.30001893 +0.78417591 
-0.48964657 +0.80860920 +0.32618613 
-0.50849477 +0.40389269 +0.76046286 
-0.08698859 +0.41910321 +0.90376185 
-0.42399002 +0.90401396 +0.05469209 
+0.27909361 +0.92695225 +0.25073148 
+0.57547384 +0.13259421 +0.80699977 
-0.60640691 +0.31149167 +0.73160344 
-0.75546578 -0.57995521 +0.30483342 
+0.96740407 -0.24381654 +0.06843149 
-0.84290121 -0.45982133 +0.27943137 
+0.29636128 -0.80528605 +0.51350206 
-0.07409139 +0.34187458 +0.93682028 
+0.50870547 -0.77119338 +0.38272642 
-0.78394923 +0.36641570 +0.50116179 
+0.30168993 +0.65258187 +0.69506841 
-0.89686612 +0.08352727 +0.43434359 
-0.95873326 +0.28419852 +0.00785680 
+0.44882332 -0.85145006 +0.27127554 
-0.42589813 +0.89419482 +0.13793626 
-0.78970151 +0.23531161 +0.56656860 
-0.50440266 -0.00945117 +0.86341684 
+0.24449081 -0.91427971 +0.32298120 
-0.61636125 +0.75733269 +0.21574524 
-0.61228929 -0.78232654 +0.11431102 
+0.22607616 -0.84860838 +0.47828170 
+0.37407562 +0.03025156 +0.92690467 
+0.67567568 +0.53271353 +0.50958677 
+0.71420951 -0.33398223 +0.61511027 
+0.48591987 +0.42405365 +0.76423843 
+0.52846889 +0.70226057 +0.47702278 
+0.79539121 -0.22353368 +0.56336979 
+0.04358510 -0.18776325 +0.98124681 
-0.40851130 -0.11212437 +0.90584029 
-0.66617663 -0.72970293 +0.15408548 
+0.38389668 -0.92108177 +0.06505165 
-0.92237350 +0.30964500 +0.23096992 
+0.24480925 -0.93923096 +0.24065253 
+0.37589486 +0.28419122 +0.88200817 
-0.35649947 +0.89572147 +0.26569002 
-0.73398202 +0.26468894 +0.62546796 
-0.86844593 +0.03266793 +0.49470645 
+0.88215247 -0.29786016 +0.36481000 
-0.33649218 -0.48276792 +0.80852220 
+0.78938358 +0.16849805 +0.59032362 
-0.30755718 -0.66034672 +0.68509181 
-0.07619036 +0.98183483 +0.17376822 
-0.82637462 +0.06845297 +0.55894471 
-0.61397584 +0.77802924 +0.13305701 
+0.44810706 +0.15108595 +0.88112037 
+0.55556742 +0.73001136 +0.39803048 
+0.54434590 +0.61545608 +0.57000119 
-0.05330226 +0.61139428 +0.78952891 
+0.84393170 +0.50059740 +0.19282510 
+0.22690225 +0.89424463 +0.38580035 
-0.89486061 -0.18035534 +0.40828476 
-0.96511638 -0.23097613 +0.12328988 
-0.44982032 -0.77646610 +0.44131856 
+0.37995357 +0.61505736 +0.69089777 
-0.57387753 -0.69197027 +0.43799741 
+0.28479269 -0.63413503 +0.71886430 
-0.94552459 +0.22917758 +0.23121610 
+0.10862410 -0.24066520 +0.96451079 
+0.73144459 +0.30301539 +0.61087682 
-0.87063262 +0.48574789 +0.07776780 
+0.83491575 +0.38810554 +0.39024323 
-0.13120053 -0.96512981 +0.22651902 
+0.88465370 -0.16541232 +0.43592041 
-0.60754474 -0.76887126 +0.19931476 
+0.94319429 +0.22748297 +0.24214878 
-0.14102333 +0.94183784 +0.30504737 
+0.64740148 -0.22353091 +0.72863246 
+0.09227482 -0.98197771 +0.16493978 
-0.13338481 +0.63128979 +0.76399064 
-0.93232246 -0.04027269 +0.35937855 
+0.55721703 +0.37465232 +0.74104306 
+0.93328083 +0.03090954 +0.35781487 
-0.03197064 -0.49850791 +0.86629541 
+0.91887120 +0.38496824 +0.08645909 
-0.55086776 -0.81925914 +0.15924564 
+0.61743043 -0.08642095 +0.78186386 
-0.20433962 +0.22411721 +0.95289915 
-0.81431922 +0.56375726 +0.13806508 
+0.02941078 -0.92875589 +0.36952335 
+0.83566877 -0.54462604 +0.07099421 
+0.73242934 -0.59456385 +0.33172442 
+0.51233465 -0.27625555 +0.81313964 
-0.60165053 +0.66114021 +0.44823014 
+0.90079489 +0.17223655 +0.39862657 
+0.29161707 -0.38630430 +0.87505913 
+0.04372595 +0.51726897 +0.85470513 
-0.32476769 +0.09797706 +0.94070529 
+0.99053502 +0.13708779 +0.00687853 
-0.42217347 -0.89208195 +0.16111905 
-0.31139167 -0.34719622 +0.88458466 
-0.44990301 +0.34948221 +0.82185733 
-0.27086344 +0.84337011 +0.46406880 
+0.55466404 +0.83197903 +0.01259734 
-0.59086041 +0.61830938 +0.51824461 
-0.85554286 -0.23231889 +0.46268168 
-0.89007438 +0.42904468 +0.15390991 
-0.45695949 +0.05352766 +0.88787545 
+0.43845836 +0.64153011 +0.62943894 
-0.54450000 +0.72220810 +0.42653864 
+0.92036149 -0.13597319 +0.36666882 
-0.68667771 -0.00672747 +0.72693085 
+0.49879055 -0.73460887 +0.45995412 
-0.71667262 -0.67051314 +0.19181366 
+0.38094326 +0.85539000 +0.35098460 
-0.74901432 -0.11982539 +0.65162828 
+0.74258160 -0.25176979 +0.62063237 
+0.15149337 -0.87760412 +0.45481948 
+0.85274775 +0.52144642 +0.03024751 
+0.88521141 +0.44408988 +0.13850968 
-0.99924657 +0.03797475 +0.00801261 
+0.18632695 +0.80009089 +0.57020772 
-0.93188709 -0.24837578 +0.26437839 
+0.16481890 +0.88633041 +0.43272754 
-0.38062996 -0.41031842 +0.82870961 
+0.31230758 -0.30791506 +0.89869477 
-0.73827722 -0.20579652 +0.64233522 
+0.31374505 -0.94280263 +0.11263771 
-0.41167039 +0.79148967 +0.45174284 
-0.74777149 -0.03186523 +0.66319108 
-0.08606375 +0.73432867 +0.67331600 
-0.59977785 +0.17988343 +0.77968486 
-0.32476470 +0.75693172 +0.56708223 
-0.30527115 +0.01598757 +0.95213125 
+0.25611815 +0.55679691 +0.79017763 
+0.30146297 +0.87707720 +0.37397282 
+0.82091580 +0.28067516 +0.49731148 
+0.36472752 +0.36422292 +0.85692211 
+0.48675740 +0.86236524 +0.13926027 
-0.48227278 -0.09280477 +0.87109141 
-0.54417414 -0.80305365 +0.24285660 
-0.21245131 +0.64662926 +0.73262203 
-0.48802906 +0.86919770 +0.07951727 
-0.71583739 +0.69815169 +0.01269036 
+0.10532206 +0.13013483 +0.98588650 
-0.53076949 -0.61550112 +0.58261662 
+0.09099507 -0.80971641 +0.57972341 
+0.91731171 +0.39814352 +0.00457925 
+0.37096616 -0.35558227 +0.85787258 
-0.27894900 +0.87859193 +0.38763859 
-0.14040426 -0.31413807 +0.93893765 
+0.15731733 +0.65886639 +0.73562649 
+0.49180076 +0.86911483 +0.05264433 
-0.19496769 -0.53217909 +0.82387682 
-0.37380860 +0.40874056 +0.83258530 
+0.57624740 -0.77621665 +0.25578633 
-0.22851512 +0.38073972 +0.89600118 
+0.57737551 +0.75257192 +0.31665916 
+0.10538389 -0.90986116 +0.40130650 
-0.28993647 -0.60014880 +0.74549196 
+0.88836224 +0.45627995 +0.05119706 
-0.73448322 +0.04772228 +0.67694681 
+0.49487449 -0.06730951 +0.86635366 
-0.17211438 -0.70736712 +0.68557158 
+0.96652755 +0.17345399 +0.18904550 
+0.28646197 +0.40893779 +0.86643490 
-0.74183237 -0.55102745 +0.38216944 
+0.31453230 -0.90705268 +0.27986582 
+0.42678642 +0.39524749 +0.81340813 
-0.13496027 -0.80211592 +0.58171796 
+0.70208957 +0.67161372 +0.23665430 
-0.68854996 +0.47415077 +0.54870757 
+0.39362550 +0.54446029 +0.74069019 
+0.94974568 -0.10628789 +0.29442490 
+0.57780574 -0.79711271 +0.17536210 
+0.51256481 -0.80269187 +0.30489847 
-0.90297647 -0.09228325 +0.41966332 
-0.72336955 +0.63926983 +0.26090339 
+0.28599226 +0.95404308 +0.08949986 
+0.92505220 +0.20069863 +0.32248796 
+0.33921551 -0.71733927 +0.60856981 
-0.21253915 -0.59537138 +0.77482904 
-0.89337186 -0.43020252 +0.12966307 
+0.13887910 +0.99005915 +0.02225923 
-0.79005171 -0.15831515 +0.59224540 
+0.58700695 -0.38657553 +0.71132425 
+0.27135970 -0.46334485 +0.84360860 
-0.61376242 -0.78900705 +0.02763284 
+0.31502368 -0.92858915 +0.19616900 
+0.24353150 +0.12730126 +0.96150237 
-0.86170885 +0.25249338 +0.44011924 
+0.51517324 -0.85521271 +0.05663711 
+0.21883945 -0.03910720 +0.97497688 
-0.75937490 +0.49162350 +0.42621133 
-0.15179713 -0.64833419 +0.74606998 
-0.71042909 -0.64865286 +0.27302011 
-0.36131278 -0.60154321 +0.71245971 
-0.81523170 +0.49861685 +0.29458193 
-0.53446740 -0.78063262 +0.32397116 
+0.20643099 -0.12455546 +0.97050100 
+0.17048784 -0.96434700 +0.20240741 
+0.40631102 -0.65509863 +0.63699069 
+0.62424115 +0.69533689 +0.35613142 
-0.54228718 +0.15512490 +0.82574868 
-0.92805106 -0.12812083 +0.34972314 

