0.0306404 0.00223387 0.999528 
-0.0350581 0.0189505 0.999206 
-0.0121318 -0.0559216 0.998361 
0.106232 -0.00550463 0.994326 
0.069235 0.0579241 0.995917 
0.0116986 0.0931762 0.995581 
-0.0589631 0.0834891 0.994763 
-0.109373 0.0249652 0.993687 
-0.0833497 -0.0423717 0.995619 
-0.0566564 -0.113237 0.991951 
0.0190652 -0.12359 0.99215 
0.0631147 -0.0651799 0.995876 
0.178527 -0.00320573 0.98393 
0.141406 0.0614462 0.988043 
0.0932783 0.121926 0.988146 
0.0464193 0.171817 0.984035 
-0.0212743 0.156819 0.987398 
-0.0896311 0.146075 0.985205 
-0.13647 0.0908506 0.986469 
-0.185221 0.0372127 0.981992 
-0.158167 -0.0308976 0.986929 
-0.130415 -0.0993724 0.986467 
-0.101763 -0.168825 0.980379 
-0.0257062 -0.180571 0.983226 
0.0510307 -0.188953 0.980659 
0.0955788 -0.130258 0.986863 
0.139115 -0.0695513 0.987831 
0.248914 5.44094e-005 0.968526 
0.211747 0.0655106 0.975126 
0.167402 0.129083 0.977402 
0.121092 0.188403 0.974598 
0.0709784 0.241381 0.967831 
-0.00328695 0.227215 0.973839 
-0.0788432 0.212827 0.973904 
-0.167596 0.228726 0.958956 
-0.154572 0.16398 0.974278 
-0.206718 0.109054 0.972304 
-0.256338 0.0547732 0.965034 
-0.232788 -0.016697 0.972384 
-0.205196 -0.0857049 0.974961 
-0.176342 -0.154393 0.972145 
-0.14652 -0.223064 0.963729 
-0.0707089 -0.235961 0.969187 
0.00593464 -0.24595 0.969264 
0.0826248 -0.2529 0.963958 
0.127527 -0.194151 0.972647 
0.171329 -0.133196 0.976169 
0.212066 -0.0679624 0.974889 
0.317719 0.00311926 0.94818 
0.280824 0.0690323 0.957273 
0.238739 0.133794 0.961823 
0.193966 0.196088 0.961211 
0.145701 0.254637 0.955998 
0.0976263 0.309558 0.945856 
0.0257949 0.296929 0.954551 
-0.0450539 0.283603 0.957883 
0.411992 -0.488297 0.769304 
-0.175146 0.302192 0.937019 
-0.234104 0.251388 0.939148 
-0.225178 0.179618 0.957618 
-0.27653 0.126468 0.952647 
-0.325642 0.0725839 0.942703 
-0.30401 0.000620666 0.952669 
-0.27905 -0.0704368 0.95769 
-0.250817 -0.139569 0.95792 
-0.221077 -0.208025 0.952812 
-0.190482 -0.276075 0.942072 
-0.115347 -0.289983 0.950055 
-0.0392416 -0.301298 0.952722 
0.0372531 -0.309813 0.950067 
0.113474 -0.3155 0.942116 
0.158689 -0.256935 0.953311 
0.202844 -0.196201 0.959354 
0.244471 -0.132081 0.960619 
0.282883 -0.0652861 0.95693 
0.384786 0.00589405 0.922987 
0.348432 0.072097 0.934557 
0.308117 0.137485 0.941362 
0.264856 0.201091 0.943087 
0.218381 0.262218 0.939974 
0.170245 0.320279 0.9319 
0.119609 0.375229 0.919183 
0.0467627 0.363702 0.930341 
-0.0266554 0.350063 0.936347 
-0.102137 0.336076 0.936281 
-0.113585 0.269696 0.956223 
-0.163577 0.368611 0.915078 
-0.238675 0.321204 0.91644 
-0.299589 0.270646 0.914876 
-0.291137 0.199578 0.935632 
-0.342869 0.14572 0.928012 
-0.391901 0.0912044 0.915475 
-0.372869 0.0183939 0.927702 
-0.350016 -0.0532817 0.935227 
-0.323964 -0.12373 0.937944 
-0.295018 -0.192499 0.9359 
-0.264486 -0.260413 0.928565 
-0.233375 -0.327841 0.915454 
-0.159289 -0.34269 0.925846 
-0.0840647 -0.35513 0.93103 
-0.00812904 -0.364958 0.930989 
0.0678906 -0.372142 0.92569 
0.14327 -0.3767 0.915189 
0.188818 -0.318482 0.928933 
0.233436 -0.258274 0.937445 
0.275882 -0.195325 0.941136 
0.315418 -0.129871 0.940024 
0.351796 -0.0625798 0.933983 
0.449858 0.00836496 0.893061 
0.414273 0.0747531 0.907077 
0.375598 0.140513 0.916069 
0.401062 0.207679 0.892199 
0.333925 0.204801 0.920082 
0.289099 0.267122 0.919276 
0.241871 0.327098 0.913512 
0.19201 0.384312 0.903015 
0.0678342 0.427994 0.901233 
-0.00553958 0.414645 0.909966 
-0.0803603 0.397534 0.914062 
-0.128441 0.440143 0.888694 
-0.195061 0.421068 0.885807 
-0.250695 0.382157 0.889443 
-0.309044 0.337647 0.889093 
-0.365352 0.288394 0.885069 
-0.35574 0.218297 0.908733 
-0.407147 0.164094 0.898501 
-0.455725 0.109123 0.883407 
-0.438793 0.0364487 0.897849 
-0.418324 -0.0357673 0.907594 
-0.394395 -0.106794 0.912714 
-0.367376 -0.176422 0.913187 
-0.337663 -0.24446 0.908968 
-0.306394 -0.311568 0.899471 
-0.275006 -0.378312 0.883885 
-0.202387 -0.394033 0.896536 
-0.12835 -0.407431 0.904171 
-0.0532171 -0.41835 0.906726 
0.022376 -0.426822 0.904059 
0.0974728 -0.432948 0.896133 
0.171736 -0.436322 0.883249 
0.217665 -0.37857 0.899615 
0.262855 -0.319102 0.910539 
0.306149 -0.257424 0.916518 
0.346712 -0.193416 0.917813 
0.384255 -0.127454 0.914387 
0.418682 -0.060018 0.906147 
0.512662 0.01052 0.858526 
0.478036 0.0770112 0.874958 
0.441025 0.143 0.886029 
0.466063 0.209852 0.859504 
0.424735 0.273137 0.863132 
0.357929 0.270616 0.893674 
0.31198 0.331528 0.890369 
0.263249 0.390194 0.882297 
0.21238 0.446215 0.86936 
0.140473 0.438497 0.887687 
0.0154126 0.477934 0.87826 
-0.0571362 0.462244 0.88491 
0.23251 0.972244 0.0260786 
-0.183972 0.484691 0.855119 
-0.25396 0.451127 0.855563 
-0.313569 0.406617 0.858101 
-0.371408 0.358508 0.856463 
-0.426758 0.307146 0.850611 
-0.419022 0.236012 0.876766 
-0.469265 0.181585 0.864186 
-0.516962 0.1262 0.846655 
-0.501987 0.0538446 0.863198 
-0.483612 -0.0183278 0.875091 
-0.461925 -0.0897506 0.882366 
-0.43697 -0.159888 0.885151 
-0.409028 -0.228495 0.883451 
-0.378514 -0.295492 0.877161 
-0.346546 -0.361544 0.865559 
-0.31527 -0.427527 0.847245 
-0.244768 -0.443926 0.861985 
-0.172247 -0.458055 0.872076 
-0.0980158 -0.469835 0.877296 
-0.0228332 -0.479379 0.877311 
0.0518304 -0.48704 0.871841 
0.125702 -0.492067 0.861434 
0.198706 -0.494066 0.846413 
0.24503 -0.436889 0.865499 
0.290879 -0.378344 0.878775 
0.335073 -0.318075 0.886879 
0.376654 -0.255637 0.890383 
0.415272 -0.19117 0.889384 
0.450833 -0.125029 0.883808 
0.48333 -0.057642 0.873539 
0.57293 0.0123461 0.819512 
0.539417 0.0788497 0.838339 
0.504183 0.144959 0.851344 
0.528714 0.211291 0.822081 
0.489312 0.274745 0.827701 
0.446705 0.336444 0.829011 
0.380349 0.334544 0.862215 
0.332985 0.393875 0.856729 
0.283121 0.451028 0.846414 
0.231291 0.505703 0.831125 
0.159965 0.49938 0.851488 
0.0879044 0.490151 0.867194 
0.0333606 0.538502 0.841964 
-0.039736 0.523988 0.850798 
-0.112738 0.504809 0.855838 
-0.170051 0.544868 0.821098 
-0.243477 0.514802 0.822009 
-0.312592 0.474898 0.822653 
-0.37328 0.427367 0.823419 
-0.431037 0.376667 0.819957 
-0.485657 0.324096 0.811849 
-0.479242 0.253611 0.840243 
-0.528477 0.198436 0.82543 
-0.575214 0.142413 0.80551 
-0.562278 0.0703884 0.823947 
-0.545849 -0.00160502 0.837882 
-0.526216 -0.0731075 0.847203 
-0.503341 -0.143647 0.852064 
-0.477339 -0.212783 0.852567 
-0.448459 -0.280228 0.848739 
-0.417036 -0.345974 0.840466 
-0.384342 -0.410837 0.826737 
-0.354322 -0.476147 0.804823 
-0.287662 -0.492143 0.821612 
-0.216792 -0.506544 0.834515 
-0.143054 -0.51896 0.842743 
-0.0677568 -0.529404 0.84566 
0.00657995 -0.538665 0.842494 
0.0799702 -0.545456 0.834316 
0.152517 -0.549152 0.821688 
0.224154 -0.549597 0.804797 
0.270778 -0.493089 0.826766 
0.388177 -0.433772 0.813118 
0.36247 -0.37696 0.852359 
0.40507 -0.316232 0.857855 
0.444742 -0.253414 0.859061 
0.481367 -0.188763 0.855952 
0.514939 -0.122634 0.848409 
0.545514 -0.0554566 0.836265 
0.630424 0.0138764 0.776127 
0.598131 0.0802324 0.797372 
0.564848 0.146341 0.812115 
0.588842 0.211846 0.779992 
0.551486 0.275293 0.78745 
0.510808 0.337142 0.790829 
0.466926 0.39713 0.790106 
0.400985 0.396154 0.825998 
0.352415 0.453718 0.818501 
0.301496 0.509258 0.806075 
0.248726 0.562402 0.788568 
0.177816 0.557506 0.810906 
0.105952 0.549579 0.828696 
0.0509403 0.59615 0.801255 
-0.0222183 0.582666 0.812408 
-0.096047 0.564926 0.819533 
-0.151848 0.601971 0.783947 
-0.228586 0.574606 0.785861 
-0.302329 0.538241 0.786698 
-0.37089 0.493366 0.786785 
-0.43199 0.443458 0.785321 
-0.489008 0.392204 0.779132 
-0.542333 0.339218 0.768639 
-0.536925 0.269796 0.799326 
-0.584869 0.214012 0.782386 
-0.63042 0.157494 0.760109 
-0.61942 0.0860696 0.780327 
-0.604843 0.0142967 0.796216 
-0.587118 -0.0572285 0.807476 
-0.566125 -0.128085 0.814307 
-0.541938 -0.197861 0.816795 
-0.514742 -0.266105 0.815002 
-0.484567 -0.332567 0.80907 
-0.45161 -0.397364 0.798843 
-0.417246 -0.461926 0.782643 
-0.341808 -0.534856 0.77272 
-0.265769 -0.550671 0.791282 
-0.189399 -0.564533 0.803387 
-0.112433 -0.576119 0.809596 
-0.038055 -0.58734 0.808445 
0.0349513 -0.596089 0.802158 
0.10705 -0.601639 0.791562 
0.178225 -0.60382 0.776941 
0.248319 -0.602612 0.758417 
0.294845 -0.546827 0.783611 
0.364943 -0.543112 0.756205 
0.342071 -0.490651 0.801405 
0.456553 -0.431451 0.77808 
0.431781 -0.374908 0.820371 
0.472485 -0.313876 0.823553 
0.51016 -0.250867 0.82268 
0.544773 -0.186189 0.817653 
0.576359 -0.120212 0.808307 
0.605036 -0.0533972 0.794406 
0.685015 0.0153172 0.728368 
0.653931 0.081107 0.752194 
0.622833 0.147024 0.768416 
0.646405 0.21102 0.733233 
0.611202 0.274338 0.742409 
0.572541 0.336232 0.74776 
0.530588 0.396471 0.749191 
0.485526 0.454723 0.746654 
0.420017 0.455008 0.785209 
0.370315 0.510679 0.775934 
0.318429 0.564525 0.761521 
0.265075 0.616027 0.741786 
0.194757 0.612632 0.765997 
0.123319 0.606053 0.785807 
0.0683553 0.650867 0.756108 
-0.00432092 0.638618 0.769512 
-0.0776921 0.622131 0.779049 
-0.13276 0.657087 0.742032 
-0.208059 0.630591 0.747708 
-0.286404 0.59703 0.749352 
-0.360758 0.554675 0.749792 
-0.428886 0.506764 0.747829 
-0.48927 0.457365 0.742585 
-0.544826 0.406022 0.733697 
-0.596477 0.352795 0.720937 
-0.592006 0.284515 0.754042 
-0.638259 0.228295 0.735192 
-0.682435 0.171527 0.710536 
-0.673347 0.100972 0.732399 
-0.660429 0.0296074 0.750304 
-0.644529 -0.041865 0.763433 
-0.625259 -0.112986 0.772195 
-0.602661 -0.183411 0.776634 
-0.576987 -0.252644 0.776696 
-0.548016 -0.320352 0.772692 
-0.515414 -0.386499 0.764831 
-0.478146 -0.451717 0.753212 
-0.416136 -0.519346 0.746399 
-0.306078 -0.59211 0.745468 
-0.232278 -0.60665 0.760278 
-0.154941 -0.619213 0.769785 
-0.0811258 -0.632767 0.770081 
-0.00863401 -0.643614 0.765302 
0.0631627 -0.651072 0.756383 
0.134212 -0.655059 0.743563 
0.204194 -0.655603 0.726973 
0.272521 -0.652806 0.706807 
0.317274 -0.59783 0.736164 
0.38545 -0.593181 0.706799 
0.433352 -0.540725 0.720988 
0.478833 -0.486005 0.731107 
0.521561 -0.42875 0.737664 
0.49826 -0.372307 0.783022 
0.536981 -0.311024 0.784166 
0.572661 -0.247879 0.781419 
0.605289 -0.183213 0.774634 
0.634935 -0.117431 0.763589 
0.6618 -0.0511148 0.747936 
0.737114 0.0171712 0.67555 
0.706748 0.0811186 0.7028 
0.678109 0.146522 0.720208 
0.70178 0.206761 0.681729 
0.668658 0.270486 0.692628 
0.631983 0.332772 0.6999 
0.591905 0.393434 0.703462 
0.548682 0.452279 0.70313 
0.50249 0.508896 0.698948 
0.437511 0.510718 0.740102 
0.386738 0.564392 0.729311 
0.334099 0.616553 0.71291 
0.28043 0.666376 0.69087 
0.210949 0.664593 0.716811 
0.140194 0.659459 0.738552 
0.0854929 0.702429 0.7066 
0.0134031 0.69163 0.722128 
-0.0593466 0.67662 0.733937 
-0.112314 0.710917 0.694249 
-0.183395 0.688506 0.70166 
-0.25188 0.662621 0.70533 
-0.316176 0.636581 0.703419 
-0.374752 0.602795 0.704414 
-0.431827 0.561948 0.705507 
-0.490038 0.517337 0.701587 
-0.545923 0.469005 0.694264 
-0.598666 0.417798 0.683406 
-0.648145 0.364504 0.668614 
-0.644235 0.297853 0.704446 
-0.688404 0.241301 0.684013 
-0.724041 0.115488 0.68002 
-0.712529 0.0447677 0.700213 
-0.698413 -0.0264535 0.715205 
-0.680819 -0.0976479 0.725913 
-0.659696 -0.168543 0.732389 
-0.635544 -0.238517 0.734298 
-0.607944 -0.307173 0.732154 
-0.576274 -0.374397 0.726454 
-0.539032 -0.440383 0.717988 
-0.488882 -0.504819 0.711444 
-0.446404 -0.561769 0.696519 
-0.376169 -0.577598 0.724485 
-0.272057 -0.647903 0.711482 
-0.19552 -0.658959 0.726323 
-0.122949 -0.674807 0.72768 
-0.0511761 -0.687707 0.724183 
0.0205436 -0.696965 0.716811 
0.0923118 -0.702558 0.705614 
0.164223 -0.704434 0.69051 
0.236673 -0.70245 0.67123 
0.310979 -0.696167 0.647027 
0.338225 -0.646306 0.684027 
0.398027 -0.64432 0.653013 
0.449066 -0.593233 0.668142 
0.496537 -0.540002 0.679595 
0.540931 -0.48413 0.687759 
0.582321 -0.425747 0.692562 
0.561394 -0.369128 0.740663 
0.598235 -0.307398 0.740014 
0.632051 -0.243866 0.735555 
0.662832 -0.178885 0.727086 
0.690713 -0.112925 0.714258 
0.716112 -0.0469872 0.696402 
0.769553 -0.0290171 0.637923 
0.757315 0.0755365 0.648666 
0.731263 0.141816 0.66719 
0.754811 0.196152 0.625927 
0.723632 0.262021 0.638516 
0.688872 0.325705 0.647589 
0.650627 0.387378 0.653164 
0.609121 0.447079 0.655051 
0.564692 0.504711 0.652985 
0.517491 0.559729 0.64723 
0.453443 0.563013 0.690945 
0.401685 0.614604 0.678905 
0.348494 0.665179 0.66037 
0.294958 0.713263 0.63581 
0.226576 0.713186 0.663347 
0.15668 0.70959 0.686974 
0.102771 0.750522 0.652805 
0.0312957 0.741427 0.670304 
-0.0405469 0.728325 0.684031 
-0.0939955 0.761032 0.641869 
-0.164812 0.741335 0.650584 
-0.234216 0.717899 0.655564 
-0.302129 0.691912 0.655726 
-0.368774 0.659464 0.655067 
-0.430488 0.619505 0.656425 
-0.488515 0.57585 0.655554 
-0.544859 0.529409 0.650272 
-0.598591 0.47989 0.641401 
-0.649367 0.427716 0.628794 
-0.697192 0.373859 0.61168 
-0.693597 0.309505 0.650485 
-0.731166 0.184609 0.656746 
-0.77166 0.130631 0.622476 
-0.760992 0.0606204 0.645922 
-0.748717 -0.010314 0.662809 
-0.732819 -0.0814392 0.675532 
-0.713086 -0.152719 0.684241 
-0.690545 -0.223223 0.687982 
-0.664591 -0.292443 0.687601 
-0.634519 -0.360171 0.683858 
-0.599272 -0.426251 0.67763 
-0.556819 -0.48977 0.670879 
-0.514888 -0.547817 0.659384 
-0.471989 -0.60388 0.642305 
-0.404331 -0.6195 0.672857 
-0.336685 -0.637669 0.692836 
-0.235355 -0.695391 0.678999 
-0.165151 -0.713173 0.681256 
-0.0949273 -0.727942 0.679036 
-0.024171 -0.738916 0.673364 
0.0469125 -0.746098 0.664181 
0.118124 -0.74941 0.651484 
0.189355 -0.748655 0.635342 
0.260596 -0.743455 0.615926 
0.331077 -0.734677 0.592147 
0.386991 -0.693389 0.607824 
0.45525 -0.646033 0.612689 
0.507697 -0.593601 0.624405 
0.555008 -0.538644 0.6339 
0.598632 -0.481244 0.640347 
0.638872 -0.421511 0.643562 
0.620666 -0.365039 0.693917 
0.655932 -0.302199 0.691685 
0.688142 -0.237392 0.685642 
0.717323 -0.170664 0.675515 
0.743841 -0.101667 0.660579 
0.789685 -0.0926304 0.60648 
0.812688 -0.0224862 0.582265 
0.79642 0.0435159 0.603177 
0.78199 0.127057 0.610203 
0.802439 0.181034 0.568611 
0.774223 0.250029 0.581432 
0.741857 0.315585 0.591654 
0.705731 0.378618 0.598825 
0.666084 0.439409 0.602704 
0.623269 0.498073 0.602876 
0.577789 0.554499 0.598908 
0.529841 0.607755 0.591525 
0.479446 0.657689 0.581014 
0.414963 0.661221 0.624974 
0.361634 0.710349 0.603842 
0.309577 0.756409 0.5762 
0.242449 0.758108 0.605385 
0.173395 0.756139 0.631021 
0.120624 0.794555 0.595089 
0.0491163 0.787377 0.614512 
-0.0225314 0.776294 0.629968 
-0.0763136 0.806833 0.58583 
-0.147353 0.789335 0.596017 
-0.217546 0.767788 0.60264 
-0.286762 0.742671 0.60515 
-0.355188 0.712059 0.605651 
-0.421356 0.674911 0.605768 
-0.48274 0.632855 0.605357 
-0.540457 0.587516 0.602272 
-0.59559 0.539211 0.595419 
-0.647961 0.487738 0.585029 
-0.697712 0.43307 0.570656 
-0.740118 0.319179 0.591904 
-0.735196 0.252722 0.628982 
-0.776763 0.196755 0.598269 
-0.816794 0.151807 0.556599 
-0.805207 0.0792167 0.587678 
-0.795181 0.00759613 0.606324 
-0.781141 -0.0636686 0.6211 
-0.762636 -0.135602 0.632454 
-0.741806 -0.206704 0.637964 
-0.717685 -0.27642 0.639156 
-0.689518 -0.344569 0.637054 
-0.656589 -0.410927 0.632479 
-0.618254 -0.474868 0.626308 
-0.577402 -0.535224 0.616556 
-0.533727 -0.593193 0.602708 
-0.428696 -0.658952 0.618063 
-0.359256 -0.678077 0.641207 
-0.293901 -0.704026 0.646506 
-0.217141 -0.743149 0.632914 
-0.144334 -0.76233 0.630889 
-0.0724406 -0.776063 0.626481 
-0.00081809 -0.785455 0.618918 
0.0705317 -0.79075 0.608062 
0.141412 -0.791954 0.593979 
0.211439 -0.788992 0.576876 
0.279656 -0.782325 0.556561 
0.345489 -0.772021 0.533499 
0.40077 -0.733552 0.548894 
0.455848 -0.691801 0.560013 
0.513687 -0.643278 0.567732 
0.564413 -0.590155 0.577195 
0.610576 -0.534147 0.584709 
0.652972 -0.475602 0.589433 
0.691814 -0.414752 0.591079 
0.67579 -0.3596 0.643425 
0.709388 -0.295681 0.639798 
0.739679 -0.229914 0.632467 
0.766486 -0.162353 0.621402 
0.811423 -0.153425 0.563962 
0.831814 -0.0863677 0.548294 
0.839291 0.0374805 0.542389 
0.823232 0.104868 0.557935 
0.843694 0.159971 0.512436 
0.819729 0.233811 0.522855 
0.790272 0.302247 0.533026 
0.75651 0.367198 0.541163 
0.718851 0.429484 0.546623 
0.677602 0.489454 0.548899 
0.633192 0.547327 0.547267 
0.586389 0.602991 0.540878 
0.537684 0.654487 0.531547 
0.486644 0.702023 0.519944 
0.426259 0.704296 0.567689 
0.374089 0.752197 0.542454 
0.331391 0.793471 0.510474 
0.261525 0.798322 0.542482 
0.19165 0.79845 0.570743 
0.1379 0.833927 0.534369 
0.0665855 0.82894 0.555361 
-0.00488768 0.819993 0.572353 
-0.058395 0.848217 0.52642 
-0.129552 0.832813 0.538181 
-0.200234 0.813144 0.546538 
-0.270215 0.789392 0.55122 
-0.33946 0.7606 0.553402 
-0.407149 0.726085 0.554103 
-0.471733 0.686578 0.553243 
-0.532033 0.643056 0.550835 
-0.588654 0.596314 0.545799 
-0.642161 0.546472 0.537584 
-0.692571 0.493491 0.52613 
-0.739841 0.437307 0.511271 
-0.746189 0.375514 0.549719 
-0.789746 0.314041 0.526953 
-0.778078 0.263441 0.570257 
-0.816052 0.219858 0.534529 
-0.84341 0.0958205 0.528657 
-0.837252 0.0249654 0.546247 
-0.8255 -0.0449056 0.562613 
-0.80794 -0.117431 0.577445 
-0.78901 -0.189093 0.584557 
-0.766912 -0.259204 0.587077 
-0.740849 -0.32766 0.586329 
-0.710361 -0.394231 0.583069 
-0.675267 -0.458405 0.577823 
-0.636842 -0.519469 0.569723 
-0.595389 -0.577518 0.558556 
-0.551525 -0.632518 0.543821 
-0.486501 -0.650154 0.583624 
-0.395707 -0.707887 0.585075 
-0.330335 -0.734972 0.592196 
-0.266152 -0.76267 0.58949 
-0.193753 -0.78996 0.581741 
-0.121154 -0.807611 0.577136 
-0.0488013 -0.819787 0.570585 
0.0234095 -0.827402 0.561121 
0.0954665 -0.830668 0.548523 
0.167367 -0.829548 0.532764 
0.239171 -0.824064 0.513532 
0.312083 -0.813632 0.490518 
0.392261 -0.782228 0.483994 
0.454174 -0.737725 0.499487 
0.512329 -0.690489 0.510631 
0.567933 -0.639125 0.518625 
0.617602 -0.584367 0.526387 
0.662699 -0.526877 0.532194 
0.703864 -0.466903 0.535329 
0.741307 -0.404611 0.535494 
0.727137 -0.351818 0.589487 
0.758923 -0.28704 0.584503 
0.787165 -0.22074 0.575887 
0.831843 -0.204112 0.516117 
0.854507 -0.131337 0.502562 
0.853647 -0.029298 0.520027 
0.879264 0.0194748 0.475937 
0.864273 0.0885957 0.495159 
0.881042 0.142055 0.451205 
0.859302 0.214436 0.464347 
0.83345 0.285727 0.472991 
0.802486 0.352981 0.481062 
0.767091 0.417043 0.487489 
0.727636 0.478515 0.491498 
0.684352 0.537796 0.492379 
0.637504 0.595417 0.488945 
0.58794 0.651942 0.478851 
0.536392 0.702806 0.467277 
0.479413 0.749672 0.45624 
0.432152 0.745698 0.507129 
0.405247 0.788477 0.462687 
0.277127 0.833273 0.47839 
0.208641 0.835939 0.507617 
0.154946 0.868546 0.470766 
0.0839944 0.865944 0.493037 
0.012868 0.859244 0.511404 
-0.0396469 0.885082 0.463743 
-0.110784 0.871806 0.47716 
-0.18175 0.854101 0.487317 
-0.252261 0.832027 0.49406 
-0.322113 0.805112 0.498035 
-0.390672 0.772959 0.49991 
-0.456864 0.735973 0.499619 
-0.519679 0.69477 0.49722 
-0.578485 0.64993 0.492895 
-0.63361 0.601765 0.486227 
-0.685408 0.550264 0.476891 
-0.734047 0.49532 0.464579 
-0.779442 0.436276 0.449591 
-0.786145 0.379747 0.487615 
-0.822948 0.324684 0.466195 
-0.837287 0.258239 0.481937 
-0.853757 0.182282 0.487721 
-0.873459 0.118436 0.472273 
-0.875011 0.045103 0.481997 
-0.866426 -0.0231786 0.498768 
-0.84869 -0.0977156 0.519786 
-0.831896 -0.170267 0.528165 
-0.811941 -0.240874 0.531725 
-0.787983 -0.309786 0.532086 
-0.759683 -0.376904 0.529929 
-0.726921 -0.441921 0.525634 
-0.690202 -0.504454 0.518793 
-0.64966 -0.564511 0.509185 
-0.605332 -0.622283 0.496324 
-0.556808 -0.678439 0.479255 
-0.505173 -0.683591 0.526786 
-0.445653 -0.714768 0.538981 
-0.37862 -0.755562 0.534578 
-0.311806 -0.784588 0.535909 
-0.243005 -0.810547 0.53288 
-0.170618 -0.832969 0.526357 
-0.0977701 -0.848558 0.51999 
-0.0250302 -0.85886 0.511599 
0.0474935 -0.864447 0.500476 
0.119666 -0.865455 0.486485 
0.191263 -0.861897 0.46963 
0.262193 -0.853546 0.450238 
0.332313 -0.839296 0.430292 
0.394925 -0.815235 0.423587 
0.454363 -0.775615 0.438151 
0.512237 -0.731595 0.449868 
0.567635 -0.683338 0.459173 
0.620138 -0.630832 0.466347 
0.667969 -0.574918 0.472532 
0.711521 -0.516207 0.476726 
0.751091 -0.455022 0.478349 
0.786757 -0.391603 0.477138 
0.775081 -0.340108 0.532518 
0.805212 -0.273376 0.526213 
0.846132 -0.258933 0.465848 
0.869824 -0.190577 0.455068 
0.888254 -0.123431 0.442458 
0.909535 -0.00935178 0.415521 
0.901032 0.0672539 0.428507 
0.912808 0.123299 0.389331 
0.894094 0.196617 0.402416 
0.871161 0.267177 0.411939 
0.843417 0.335971 0.41925 
0.810759 0.40166 0.425839 
0.773663 0.464472 0.430942 
0.732425 0.524742 0.433819 
0.687176 0.582807 0.433734 
0.637913 0.639429 0.429183 
0.585666 0.696952 0.413828 
0.532723 0.744372 0.402636 
0.412137 0.81916 0.398898 
0.351539 0.852352 0.38719 
0.345015 0.823841 0.449723 
0.287044 0.865471 0.410568 
0.224873 0.869249 0.44027 
0.174619 0.897612 0.404724 
0.102538 0.898059 0.427757 
0.0314247 0.893865 0.447234 
-0.0203695 0.917222 0.397856 
-0.0909434 0.906191 0.412974 
-0.161867 0.890579 0.425051 
-0.232726 0.870408 0.433853 
-0.303103 0.845459 0.439691 
-0.372374 0.815535 0.442991 
-0.439649 0.780912 0.443717 
-0.504053 0.7421 0.441836 
-0.56487 0.699538 0.437686 
-0.6218 0.653427 0.431737 
-0.675023 0.60389 0.423864 
-0.724688 0.551007 0.413786 
-0.770822 0.495057 0.40094 
-0.811689 0.435348 0.3894 
-0.830581 0.371338 0.415021 
-0.860517 0.294735 0.415502 
-0.875999 0.224354 0.426955 
-0.894653 0.156604 0.418415 
-0.904303 0.0789133 0.419534 
-0.903407 0.00566917 0.428747 
-0.884097 -0.0772298 0.460878 
-0.870172 -0.150454 0.469216 
-0.852584 -0.221265 0.473436 
-0.830831 -0.290436 0.474728 
-0.804724 -0.357951 0.473594 
-0.774188 -0.423577 0.470335 
-0.739424 -0.487021 0.464826 
-0.700459 -0.5482 0.456984 
-0.657031 -0.607226 0.446752 
-0.607764 -0.66479 0.43437 
-0.544552 -0.723377 0.424486 
-0.493041 -0.72889 0.475005 
-0.474016 -0.771937 0.423582 
-0.428308 -0.763933 0.482658 
-0.359878 -0.800139 0.47986 
-0.290584 -0.828498 0.478699 
-0.219739 -0.85232 0.47462 
-0.146952 -0.871535 0.467794 
-0.0737447 -0.884917 0.459873 
-0.000570456 -0.893122 0.449813 
0.0724423 -0.896464 0.437155 
0.145251 -0.894981 0.421796 
0.218127 -0.888401 0.403936 
0.292185 -0.875691 0.38444 
0.36945 -0.853933 0.366477 
0.443668 -0.814673 0.373452 
0.505982 -0.771291 0.386125 
0.563843 -0.724499 0.396462 
0.618053 -0.673972 0.404689 
0.6686 -0.619722 0.410998 
0.714783 -0.562281 0.415843 
0.756769 -0.502076 0.418593 
0.794702 -0.439365 0.418817 
0.828603 -0.374292 0.416321 
0.818476 -0.326164 0.472985 
0.858414 -0.306845 0.411062 
0.884128 -0.236698 0.402854 
0.907008 -0.162953 0.388307 
0.882944 -0.0589728 0.46576 
0.930121 0.0393692 0.365136 
0.938856 0.099347 0.329666 
0.924193 0.175888 0.339014 
0.904177 0.247548 0.348116 
0.87928 0.316629 0.355827 
0.849543 0.38353 0.362189 
0.815114 0.447643 0.367701 
0.776333 0.509006 0.371779 
0.733413 0.567777 0.373812 
0.686357 0.624181 0.373246 
0.634686 0.679068 0.368836 
0.576755 0.740646 0.344669 
0.518866 0.784771 0.338987 
0.472265 0.786245 0.398478 
0.456337 0.823901 0.33607 
0.392511 0.858029 0.331242 
0.316741 0.886623 0.337008 
0.249841 0.899104 0.359431 
0.188686 0.92084 0.341249 
0.119002 0.92511 0.360569 
0.04963 0.923588 0.380161 
0.00219306 0.944524 0.328435 
-0.0687575 0.935909 0.345467 
-0.13992 0.922489 0.359772 
-0.211244 0.904366 0.370808 
-0.282257 0.881461 0.378625 
-0.352288 0.853706 0.38351 
-0.420524 0.821324 0.385469 
-0.486155 0.784789 0.384396 
-0.548493 0.744525 0.380576 
-0.60723 0.700516 0.374899 
-0.662358 0.652664 0.367847 
-0.714088 0.600834 0.359272 
-0.762782 0.544443 0.34892 
-0.809305 0.481373 0.33661 
-0.848979 0.399972 0.345336 
-0.872441 0.333475 0.357268 
-0.895282 0.261449 0.360714 
-0.912723 0.192902 0.360175 
-0.925144 0.119053 0.360466 
-0.930888 0.0445943 0.362574 
-0.936794 -0.0226897 0.349144 
-0.913378 -0.056582 0.403162 
-0.903802 -0.129474 0.407895 
-0.888808 -0.199945 0.412363 
-0.869362 -0.269109 0.414476 
-0.845503 -0.336865 0.414302 
-0.817251 -0.4029 0.412035 
-0.784755 -0.466844 0.407697 
-0.748149 -0.528409 0.401318 
-0.707508 -0.587333 0.393031 
-0.662749 -0.643289 0.383333 
-0.613784 -0.695428 0.373696 
-0.564956 -0.741277 0.3624 
-0.508734 -0.779658 0.365135 
-0.446824 -0.816749 0.36506 
-0.407245 -0.808263 0.42528 
-0.337924 -0.841035 0.422454 
-0.267482 -0.867481 0.419441 
-0.195694 -0.88892 0.414155 
-0.122626 -0.905391 0.406484 
-0.0491893 -0.916436 0.397147 
0.0241831 -0.922336 0.385632 
0.0972491 -0.923235 0.371725 
0.169856 -0.919062 0.355632 
0.241809 -0.909513 0.338103 
0.311754 -0.894619 0.320104 
0.375314 -0.876663 0.301001 
0.434936 -0.844805 0.311665 
0.497663 -0.805537 0.321623 
0.556811 -0.761429 0.331945 
0.612603 -0.713154 0.340778 
0.664917 -0.660956 0.347883 
0.713493 -0.605124 0.353204 
0.757896 -0.546163 0.356792 
0.79811 -0.484457 0.35822 
0.83414 -0.420241 0.357223 
0.86591 -0.353603 0.353788 
0.89326 -0.284359 0.348176 
0.915941 -0.211294 0.341185 
0.933539 -0.119736 0.337888 
0.915256 -0.0802141 0.394807 
0.936945 -0.0339835 0.347819 
0.960287 0.0815918 0.266818 
0.94885 0.15428 0.275466 
0.932132 0.226185 0.282791 
0.910112 0.295752 0.29022 
0.883186 0.363165 0.296805 
0.851526 0.428325 0.302392 
0.815356 0.490835 0.307044 
0.774959 0.550604 0.310278 
0.73053 0.607608 0.311671 
0.682052 0.661845 0.311072 
0.628492 0.713514 0.309672 
0.612382 0.74855 0.254284 
0.557608 0.782337 0.27753 
0.496857 0.823125 0.274951 
0.431883 0.859945 0.271978 
0.359697 0.891394 0.275745 
0.287031 0.915539 0.281783 
0.220966 0.933605 0.282056 
0.144966 0.945996 0.28996 
0.0732095 0.948151 0.309275 
0.0267274 0.965893 0.257559 
-0.0453639 0.960221 0.275531 
-0.116743 0.949354 0.291717 
-0.188173 0.933528 0.30515 
-0.259675 0.91283 0.315136 
-0.330466 0.887281 0.321752 
-0.399632 0.857104 0.325063 
-0.466279 0.822806 0.32492 
-0.529607 0.78497 0.321462 
-0.589313 0.743571 0.315931 
-0.645299 0.698529 0.309268 
-0.697434 0.650081 0.30163 
-0.745548 0.598596 0.292988 
-0.789334 0.544491 0.283693 
-0.828517 0.489814 0.27137 
-0.857077 0.429873 0.283953 
-0.885577 0.363527 0.28914 
-0.907591 0.296911 0.296855 
-0.92723 0.228068 0.297034 
-0.941445 0.156686 0.298549 
-0.950422 0.0837852 0.299464 
-0.956458 0.0130388 0.291578 
-0.932895 -0.0994737 0.346137 
-0.920976 -0.172577 0.349313 
-0.903811 -0.243332 0.352017 
-0.882055 -0.312379 0.352701 
-0.855842 -0.379628 0.351308 
-0.825297 -0.444812 0.347891 
-0.828217 -0.484348 0.281892 
-0.790533 -0.50768 0.342519 
-0.75162 -0.56801 0.335309 
-0.708523 -0.625576 0.326572 
-0.661081 -0.680059 0.317003 
-0.610112 -0.731013 0.305587 
-0.551361 -0.778155 0.300794 
-0.489929 -0.817493 0.302778 
-0.425805 -0.852674 0.302715 
-0.381869 -0.849228 0.364676 
-0.313527 -0.877953 0.3618 
-0.243039 -0.901654 0.357704 
-0.170929 -0.920496 0.351383 
-0.0976671 -0.934337 0.342748 
-0.0239976 -0.942931 0.332121 
0.0496409 -0.946355 0.319292 
0.123054 -0.944593 0.304305 
0.196263 -0.937438 0.287561 
0.269185 -0.924688 0.269242 
0.340833 -0.907129 0.246881 
0.415059 -0.877076 0.241791 
0.481158 -0.838404 0.256059 
0.54406 -0.795828 0.265814 
0.602403 -0.749312 0.275032 
0.656893 -0.698907 0.282878 
0.707628 -0.644764 0.289038 
0.754426 -0.587185 0.293351 
0.797013 -0.526604 0.295735 
0.835295 -0.46336 0.295938 
0.869181 -0.397681 0.293897 
0.898492 -0.329663 0.289887 
0.922866 -0.259133 0.2849 
0.940931 -0.185354 0.283359 
0.954565 -0.118299 0.273517 
0.957407 -0.0509415 0.284213 
0.954966 0.0198912 0.296048 
0.976817 0.0548777 0.206923 
0.969221 0.12973 0.209237 
0.955271 0.201576 0.216392 
0.93606 0.272024 0.223145 
0.911778 0.340434 0.229708 
0.882676 0.406689 0.235557 
0.848922 0.470604 0.240547 
0.810712 0.531926 0.244541 
0.768233 0.59054 0.247144 
0.721529 0.646362 0.248218 
0.670138 0.699305 0.248773 
0.649803 0.736089 0.18955 
0.589999 0.782664 0.198342 
0.532062 0.819856 0.21153 
0.46869 0.857827 0.210863 
0.398822 0.891743 0.21386 
0.326248 0.919913 0.217539 
0.25386 0.942444 0.217612 
0.178685 0.957771 0.225268 
0.100649 0.965891 0.238588 
0.05284 0.980724 0.188116 
-0.0215374 0.978568 0.204794 
-0.0935553 0.970702 0.221327 
-0.164569 0.957539 0.23672 
-0.235768 0.939288 0.249303 
-0.307054 0.916054 0.257999 
-0.377194 0.888049 0.262857 
-0.445027 0.8558 0.263735 
-0.509507 0.820081 0.260519 
-0.570423 0.780802 0.254885 
-0.627846 0.737701 0.248209 
-0.681702 0.690904 0.240695 
-0.73186 0.640649 0.23227 
-0.77824 0.586991 0.223123 
-0.820892 0.530167 0.21227 
-0.859696 0.464755 0.211957 
-0.889068 0.400282 0.222111 
-0.914963 0.333041 0.227875 
-0.935839 0.265031 0.232301 
-0.952639 0.194252 0.233977 
-0.964191 0.122095 0.235431 
-0.971532 0.0499666 0.231578 
-0.97325 -0.0255925 0.228318 
-0.95563 -0.0629131 0.287774 
-0.94776 -0.139538 0.286844 
-0.933437 -0.213014 0.288653 
-0.913972 -0.284056 0.289771 
-0.889836 -0.353034 0.289067 
-0.861215 -0.419854 0.286413 
-0.861349 -0.457885 0.220044 
-0.825779 -0.521557 0.214634 
-0.790896 -0.546359 0.275635 
-0.749228 -0.605726 0.267869 
-0.703078 -0.662237 0.259081 
-0.652575 -0.715599 0.249127 
-0.595325 -0.766087 0.242277 
-0.53355 -0.811229 0.239231 
-0.470041 -0.849481 0.239673 
-0.404306 -0.882818 0.239101 
-0.359221 -0.883093 0.301838 
-0.289999 -0.909174 0.298836 
-0.218759 -0.930445 0.293969 
-0.146041 -0.946821 0.286709 
-0.0724102 -0.95812 0.277062 
0.00148615 -0.964178 0.265251 
0.0752493 -0.964963 0.251366 
0.148823 -0.960332 0.235825 
0.222441 -0.950012 0.219084 
0.296659 -0.933655 0.200702 
0.379759 -0.906155 0.186188 
0.460765 -0.86671 0.191075 
0.526768 -0.826115 0.200123 
0.587908 -0.781611 0.208442 
0.644615 -0.733208 0.216512 
0.697448 -0.680921 0.223412 
0.746449 -0.624945 0.2286 
0.791399 -0.565629 0.231844 
0.832048 -0.503375 0.233044 
0.868241 -0.438495 0.232119 
0.899816 -0.371194 0.22923 
0.926504 -0.301553 0.22507 
0.947703 -0.229546 0.221737 
0.96381 -0.158737 0.214181 
0.973396 -0.0825845 0.213729 
0.974399 -0.0110464 0.224554 
0.988851 0.0209559 0.147427 
0.98461 0.0970631 0.145333 
0.973728 0.17205 0.149173 
0.95717 0.244195 0.155544 
0.935439 0.314309 0.16175 
0.908759 0.382162 0.167659 
0.877307 0.447675 0.172974 
0.841202 0.510739 0.177553 
0.80055 0.57123 0.18115 
0.755375 0.62906 0.183554 
0.7054 0.68413 0.185412 
0.68301 0.719636 0.124986 
0.624808 0.769692 0.131108 
0.564157 0.81385 0.139196 
0.502915 0.851743 0.147002 
0.435879 0.887306 0.150655 
0.365119 0.918055 0.154476 
0.29168 0.943593 0.156702 
0.212392 0.963829 0.161005 
0.132263 0.975954 0.173261 
0.137364 0.984886 0.105502 
0.0695946 0.990314 0.120146 
-0.00124546 0.990922 0.134432 
-0.0720422 0.986089 0.149795 
-0.142147 0.975932 0.165382 
-0.211763 0.960526 0.180407 
-0.282207 0.93991 0.192166 
-0.352962 0.914199 0.199145 
-0.422003 0.883953 0.201348 
-0.487607 0.850235 0.198341 
-0.549636 0.812924 0.192496 
-0.608373 0.7716 0.185787 
-0.663801 0.726309 0.178444 
-0.715756 0.67726 0.17033 
-0.764128 0.624473 0.161687 
-0.808886 0.567858 0.152448 
-0.850446 0.504405 0.149388 
-0.886321 0.43756 0.151577 
-0.91478 0.371094 0.15958 
-0.938807 0.302615 0.164514 
-0.957932 0.232515 0.168234 
-0.972243 0.160574 0.170174 
-0.981633 0.0877972 0.169376 
-0.985783 0.0125049 0.167555 
-0.984005 -0.0645136 0.16605 
-0.968562 -0.102577 0.22664 
-0.957585 -0.178781 0.225981 
-0.940803 -0.252224 0.226434 
-0.918961 -0.323159 0.226007 
-0.892426 -0.391728 0.223885 
-0.889807 -0.428348 0.157357 
-0.856214 -0.49357 0.152602 
-0.817971 -0.556241 0.146693 
-0.785696 -0.582655 0.207834 
-0.741002 -0.641033 0.19998 
-0.691641 -0.696445 0.191302 
-0.636423 -0.748998 0.184304 
-0.576278 -0.797355 0.179242 
-0.513031 -0.840069 0.176303 
-0.448156 -0.876562 0.175485 
-0.38137 -0.907835 0.174335 
-0.336421 -0.911199 0.237776 
-0.266206 -0.934969 0.23445 
-0.19412 -0.953925 0.228791 
-0.120805 -0.967872 0.220521 
-0.046944 -0.976628 0.20975 
0.0267819 -0.980081 0.196782 
0.100024 -0.978171 0.182147 
0.172814 -0.970763 0.1666 
0.244951 -0.957791 0.150453 
0.316268 -0.938944 0.135495 
0.379756 -0.917407 0.118956 
0.441887 -0.887728 0.12913 
0.507934 -0.850884 0.134161 
0.570101 -0.809285 0.141575 
0.628557 -0.763339 0.149095 
0.683154 -0.713317 0.156459 
0.734092 -0.659299 0.162587 
0.781216 -0.601555 0.166834 
0.824195 -0.540499 0.169005 
0.862742 -0.476531 0.169099 
0.896645 -0.409961 0.167213 
0.92567 -0.341044 0.163781 
0.949461 -0.270055 0.159982 
0.96792 -0.19863 0.153872 
0.980712 -0.123674 0.151359 
0.987057 -0.0486457 0.152812 
0.994667 0.0609265 0.0832153 
0.986871 0.137776 0.0842875 
0.973127 0.21265 0.0883421 
0.967312 0.252152 0.026951 
0.953986 0.284762 0.0939205 
0.929759 0.354477 0.0994694 
0.900651 0.421716 0.104805 
0.866772 0.486473 0.109772 
0.828172 0.548719 0.114186 
0.784825 0.608419 0.117798 
0.736558 0.665486 0.120873 
0.712438 0.699173 0.0599144 
0.656375 0.751601 0.0653282 
0.596762 0.79923 0.0714539 
0.534927 0.841281 0.0780977 
0.47117 0.877958 0.084786 
0.404592 0.910193 0.0886216 
0.33697 0.937095 0.0911255 
0.269062 0.958613 0.0930964 
0.202865 0.974663 0.0942166 
0.161012 0.986407 0.0328094 
0.0906737 0.994789 0.0466167 
0.0208059 0.997865 0.0619004 
-0.0495079 0.995819 0.0767741 
-0.119366 0.988572 0.0920684 
-0.188433 0.976181 0.107534 
-0.256834 0.958611 0.122884 
-0.326655 0.935626 0.133789 
-0.396704 0.907501 0.13809 
-0.463232 0.875843 0.135335 
-0.526103 0.840552 0.129181 
-0.585896 0.801085 0.12243 
-0.642658 0.757423 0.115333 
-0.696153 0.709786 0.107586 
-0.746233 0.658212 0.0994637 
-0.792822 0.602571 0.091332 
-0.836261 0.541336 0.08731 
-0.875142 0.476 0.0868974 
-0.908367 0.408383 0.0899569 
-0.935313 0.340428 0.0964239 
-0.957431 0.270446 0.100923 
-0.974483 0.19888 0.104068 
-0.986427 0.126011 0.10528 
-0.993122 0.0510925 0.105344 
-0.99417 -0.0256962 0.104717 
-0.989264 -0.103076 0.103591 
-0.976117 -0.141563 0.164792 
-0.9623 -0.217207 0.163704 
-0.943008 -0.290237 0.162785 
-0.918762 -0.360586 0.160793 
-0.913422 -0.395958 0.0942182 
-0.882007 -0.462599 0.0898108 
-0.845853 -0.526669 0.0845724 
-0.804887 -0.58819 0.0786775 
-0.774991 -0.616309 0.139832 
-0.727172 -0.673593 0.132263 
-0.673977 -0.72801 0.125524 
-0.615952 -0.7786 0.119938 
-0.554184 -0.824374 0.115273 
-0.489967 -0.864526 0.111923 
-0.424284 -0.898815 0.110065 
-0.356876 -0.927828 0.108515 
-0.312594 -0.93405 0.172731 
-0.241545 -0.955557 0.169014 
-0.168751 -0.972182 0.162435 
-0.0950934 -0.983648 0.152951 
-0.0214809 -0.989805 0.1408 
0.0515056 -0.990606 0.126679 
0.124129 -0.985957 0.111715 
0.196637 -0.97573 0.0963624 
0.26936 -0.959616 0.0811317 
0.340922 -0.937996 0.0627429 
0.417071 -0.906924 0.0595132 
0.484109 -0.87234 0.0682716 
0.548452 -0.832895 0.0740767 
0.608611 -0.789327 0.0809669 
0.664923 -0.741687 0.0881849 
0.717477 -0.690044 0.0952111 
0.766491 -0.634309 0.100711 
0.811659 -0.574792 0.104043 
0.852542 -0.511965 0.105188 
0.888806 -0.44626 0.104286 
0.92018 -0.378085 0.101585 
0.94637 -0.307948 0.0977326 
0.967159 -0.236825 0.0922902 
0.982591 -0.163038 0.0890664 
0.992234 -0.0880753 0.087837 
0.996333 -0.0146456 0.0842923 
0.999501 0.0242094 0.0202984 
0.994645 0.101174 0.0210807 
0.983803 0.177755 0.023143 
-0.97546 -0.216824 0.0382714 
-0.95628 -0.29035 0.0350019 
0.945601 0.323778 0.031716 
0.918913 0.392758 0.0366003 
0.88739 0.459142 0.0415599 
0.851076 0.522984 0.0464552 
0.809927 0.584301 0.0510871 
0.76377 0.643111 0.0553485 
-0.737882 -0.674905 0.00575271 
-0.684093 -0.729394 0.000266363 
0.626162 0.779675 0.00526623 
0.565033 0.824997 0.0108524 
0.501604 0.864938 0.0166245 
0.436667 0.89937 0.021366 
0.369996 0.928731 0.0236885 
0.301898 0.953007 0.0252063 
-0.260929 -0.964503 0.04061 
-0.188854 -0.981358 0.0356429 
-0.115981 -0.992918 0.0257359 
-0.0445839 -0.998936 0.0117946 
-0.0259668 0.999658 0.00317488 
-0.0961096 0.995206 0.0180992 
-0.16535 0.985675 0.03324 
-0.233317 0.971181 0.0486895 
-0.300071 0.951719 0.0647227 
-0.368892 0.926526 0.0739545 
-0.435784 0.897189 0.0717242 
-0.49902 0.864134 0.0652021 
-0.55955 0.826735 0.0584247 
-0.617499 0.784872 0.0516779 
-0.672441 0.738822 0.0443375 
-0.724145 0.68867 0.036697 
-0.77248 0.634364 0.0292838 
-0.817646 0.575189 0.0247387 
-0.858729 0.511908 0.0231417 
-0.894961 0.445494 0.0240833 
-0.925773 0.377076 0.0275418 
-0.950873 0.307795 0.0332157 
-0.970917 0.236497 0.0372806 
-0.985715 0.163684 0.0396606 
-0.99512 0.0895282 0.0414937 
-0.999011 0.0134474 0.0423835 
-0.997078 -0.0638018 0.0420078 
-0.989195 -0.140891 0.0405285 
-0.978414 -0.17972 0.102015 
-0.961855 -0.254585 0.100112 
-0.940077 -0.326677 0.0976573 
-0.932054 -0.360986 0.0310601 
-0.902959 -0.428903 0.0266113 
-0.86907 -0.494214 0.0217005 
-0.830364 -0.556977 0.0165058 
-0.786716 -0.617214 0.0111501 
-0.758967 -0.647111 0.0722177 
-0.707839 -0.703287 0.0659619 
-0.651933 -0.755878 0.0602639 
-0.592097 -0.803987 0.0550096 
-0.529254 -0.846984 0.0500768 
-0.464531 -0.884361 0.0459988 
-0.39846 -0.916155 0.0434722 
-0.330586 -0.942843 0.0419416 
-0.287512 -0.951789 0.106932 
-0.215844 -0.971009 0.102726 
-0.142675 -0.985207 0.0949212 
-0.0695131 -0.994063 0.0837083 
0.00248523 -0.997554 0.0698523 
0.0735861 -0.995761 0.0551788 
0.143797 -0.988782 0.0404143 
0.212517 -0.976819 0.0257321 
0.278655 -0.960332 0.0107082 
-0.341964 0.939695 0.00573913 
-0.404178 0.914651 0.00730614 
-0.4667 0.884415 0.000754229 
0.527586 -0.849481 0.00583248 
0.586967 -0.809522 0.0119772 
0.643668 -0.765072 0.018877 
0.697245 -0.716357 0.0261247 
0.747475 -0.663463 0.0331397 
0.794448 -0.606135 0.038113 
0.83756 -0.544836 0.0405768 
0.876206 -0.480211 0.0407546 
0.909958 -0.412876 0.0388574 
0.938461 -0.343593 0.0351389 
0.961484 -0.273242 0.0297899 
0.979302 -0.200703 0.0262054 
0.99166 -0.126596 0.024171 
0.998413 -0.0520616 0.0214903 
0.467583 0.6119 0.637923 
0.317331 -0.435642 0.842328 

