+0.68291895 -0.23094862 +0.69302557 
+0.48792881 +0.84712250 +0.21049688 
-0.17201379 -0.84104522 +0.51288810 
-0.10156480 -0.61517993 +0.78181727 
-0.59841783 -0.30781678 +0.73969246 
+0.90862473 -0.18218047 +0.37578101 
-0.05199729 +0.98275034 +0.17747693 
+0.69567516 -0.65418139 +0.29678745 
-0.58499836 +0.34811067 +0.73252705 
-0.13189944 -0.98993883 +0.05122161 
+0.91411346 -0.37078231 +0.16406422 
+0.46017465 +0.18083014 +0.86921790 
+0.26315301 +0.49720435 +0.82676377 
+0.42722013 +0.63316537 +0.64543364 
-0.40384724 +0.88491654 +0.23201322 
+0.66713196 +0.65451961 +0.35572325 
+0.03904230 +0.99719948 +0.06378794 
-0.43520037 +0.17004527 +0.88412965 
-0.54223719 -0.67264887 +0.50351001 
+0.18167649 +0.98029754 +0.07752673 
-0.69248947 -0.20935426 +0.69038331 
+0.52326824 +0.39287841 +0.75619899 
-0.16032256 -0.94028216 +0.30027676 
+0.78276443 -0.36506412 +0.50399209 
+0.23330565 -0.27099884 +0.93387799 
+0.78206999 +0.60726325 +0.13999241 
-0.48884548 -0.11949731 +0.86414726 
-0.63165804 +0.21120455 +0.74592276 
-0.10564781 +0.09926325 +0.98943688 
+0.95771289 -0.13290669 +0.25518982 
+0.81823609 +0.00523131 +0.57485854 
+0.38304557 -0.43703585 +0.81380327 
+0.64330484 +0.31578086 +0.69745346 
-0.34179512 +0.43726196 +0.83185219 
-0.49628241 -0.77134058 +0.39841872 
-0.52560663 +0.82760946 +0.19697781 
-0.69524762 +0.29915502 +0.65355720 
-0.85282634 -0.15103318 +0.49987620 
+0.79081034 -0.46065620 +0.40300728 
+0.98438699 -0.17315511 +0.03161583 
+0.78588454 -0.54587670 +0.29052388 
-0.98531420 +0.00424231 +0.17069833 
+0.47686004 -0.83384068 +0.27805434 
-0.36346059 +0.85785789 +0.36328534 
+0.26964712 +0.90358415 +0.33290555 
-0.61231967 -0.69362750 +0.37940152 
-0.45845350 +0.88390331 +0.09238678 
+0.07325884 -0.07414858 +0.99455273 
+0.89565217 +0.37019880 +0.24649551 
-0.68689671 -0.34717436 +0.63846916 
-0.81716414 +0.53629647 +0.21125542 
-0.00380561 +0.56828269 +0.82282458 
+0.48013655 +0.51715659 +0.70853225 
-0.22812779 +0.89015382 +0.39444123 
+0.16685114 +0.02737240 +0.98560208 
+0.68904708 -0.37261751 +0.62158693 
+0.68478289 +0.72099008 +0.10604576 
-0.66699768 +0.07200245 +0.74157248 
+0.12941282 +0.53695045 +0.83362854 
+0.97088251 +0.14506411 +0.19063987 
+0.50067945 +0.03393201 +0.86496746 
+0.76123492 -0.26232094 +0.59305069 
-0.51375323 +0.26179669 +0.81701904 
-0.83114875 -0.39141925 +0.39494648 
+0.10521855 -0.22393510 +0.96890770 
-0.92630128 -0.34940391 +0.14100656 
+0.16560405 -0.87537356 +0.45419867 
+0.18471527 +0.87417451 +0.44910933 
-0.06200086 -0.02596544 +0.99773829 
-0.59690314 -0.16659042 +0.78482754 
+0.67161951 -0.72038078 +0.17314380 
+0.93841809 +0.10290881 +0.32982005 
+0.28770971 -0.82370280 +0.48860703 
-0.15198577 -0.11820706 +0.98128865 
-0.86294340 -0.46977349 +0.18612243 
+0.98881726 -0.08186724 +0.12465224 
+0.40443380 -0.75697040 +0.51325346 
-0.37283300 -0.83520986 +0.40425246 
-0.11797798 +0.76634683 +0.63150118 
+0.93202079 -0.03917725 +0.36028099 
+0.92690866 +0.23806787 +0.29011036 
-0.97737475 -0.12856536 +0.16795697 
-0.02334135 -0.17319114 +0.98461160 
+0.50182463 +0.67672355 +0.53871817 
+0.57402404 +0.12633896 +0.80903329 
+0.23942150 +0.79038532 +0.56388686 
-0.35357662 -0.59921993 +0.71827505 
-0.89972432 +0.07850409 +0.42934050 
-0.42519805 -0.74249487 +0.51759828 
+0.30328934 -0.94553143 +0.11826194 
-0.32784522 +0.93643109 +0.12495729 
+0.71971797 +0.36483301 +0.59068005 
-0.90530193 -0.21829791 +0.36438227 
-0.76150937 +0.48097776 +0.43446965 
+0.28934235 -0.63688863 +0.71460050 
+0.78004650 +0.41354077 +0.46958651 
-0.20224477 -0.75688585 +0.62146671 
+0.82464708 -0.56392448 +0.04411781 
+0.50332754 -0.45885458 +0.73219797 
-0.07884510 +0.34557887 +0.93507149 
+0.79126664 -0.13453566 +0.59648744 
+0.70676933 -0.57323049 +0.41458886 
+0.55923791 +0.56607459 +0.60565049 
+0.81164306 +0.28204061 +0.51155511 
+0.00460650 -0.43865446 +0.89864400 
-0.23523032 +0.34639645 +0.90811684 
-0.84594161 -0.01377946 +0.53309748 
-0.49134877 -0.39984454 +0.77375754 
-0.60877284 -0.77974561 +0.14626146 
-0.89035021 +0.31396417 +0.32970138 
+0.41711662 -0.06694657 +0.90638396 
-0.88849189 +0.40966058 +0.20678581 
+0.84641011 +0.49466828 +0.19721362 
-0.08926529 +0.46697391 +0.87975399 
-0.89399667 -0.44565490 +0.04649369 
-0.97321376 +0.13452429 +0.18643550 
-0.38712583 +0.31300583 +0.86727213 
-0.19172872 +0.96931910 +0.15381998 
+0.35214816 -0.90118768 +0.25269038 
+0.16060228 -0.98285704 +0.09054805 
-0.47620062 -0.52611711 +0.70458056 
+0.15973873 +0.73125125 +0.66314036 
-0.05828798 +0.67730429 +0.73339036 
-0.35856900 -0.91904764 +0.16364506 
-0.02213890 -0.95364824 +0.30010816 
-0.72058865 -0.68277564 +0.12070383 
+0.77087595 +0.56762266 +0.28905844 
-0.92775831 +0.36342565 +0.08477216 
-0.73746762 +0.16471681 +0.65498846 
-0.74724072 -0.49701128 +0.44114748 
+0.63531690 -0.77082239 +0.04696044 
-0.55703506 -0.78409142 +0.27370162 
-0.58740392 +0.80548909 +0.07838337 
+0.51062851 -0.57686532 +0.63756170 
+0.04834597 +0.89800344 +0.43732423 
-0.27687571 +0.56668854 +0.77601800 
-0.82767662 +0.12196743 +0.54779135 
-0.08422152 -0.71734652 +0.69160733 
-0.01000735 -0.31047636 +0.95052842 
-0.37126723 -0.48130333 +0.79404518 
-0.93171639 +0.17550185 +0.31796802 
+0.87186509 -0.08752366 +0.48186189 
-0.21556801 +0.46797964 +0.85704462 
-0.67133594 -0.69751717 +0.25055510 
+0.06694731 +0.31467122 +0.94683688 
+0.99523209 +0.04449916 +0.08679232 
+0.59200119 -0.75075310 +0.29309448 
+0.51395778 -0.67635040 +0.52763390 
+0.97303600 +0.00972695 +0.23044808 
-0.23407053 -0.01439970 +0.97211298 
+0.70435172 -0.47911357 +0.52377365 
+0.17282021 +0.40851105 +0.89624321 
-0.46868217 +0.40046306 +0.78737943 
+0.56990562 -0.23007595 +0.78884259 
+0.34732675 +0.57311037 +0.74223220 
-0.83392817 +0.44595019 +0.32510343 
-0.53654647 -0.84343417 +0.02714199 
-0.25818601 +0.75337436 +0.60478678 
+0.75955614 +0.65040110 +0.00727142 
-0.77443100 -0.24715070 +0.58238575 
-0.25625819 -0.43164694 +0.86487725 
-0.45520065 -0.64043210 +0.61857828 
+0.25199900 +0.13132203 +0.95877580 
-0.77406455 -0.59464314 +0.21730995 
+0.07900546 +0.65665131 +0.75004479 
-0.81923500 -0.56640759 +0.08964623 
-0.87147502 +0.21592693 +0.44034855 
-0.45989443 +0.61502007 +0.64050560 
-0.52694809 +0.48936264 +0.69487403 
+0.44283173 +0.77601055 +0.44911879 
-0.14018748 +0.58166381 +0.80125819 
+0.94581796 +0.32454341 +0.00999831 
-0.88941510 -0.35927406 +0.28260031 
+0.29355739 +0.68774809 +0.66394776 
+0.60740390 +0.44540801 +0.65777824 
+0.50257276 -0.76297069 +0.40656653 
-0.81104791 -0.49647026 +0.30938417 
+0.20765496 +0.27709245 +0.93813602 
-0.49837143 -0.26350626 +0.82594816 
+0.84281309 -0.22574089 +0.48857666 
+0.01416684 -0.99762820 +0.06735925 
-0.94125689 -0.24373390 +0.23372900 
+0.12841657 -0.93845163 +0.32065203 
+0.82243173 +0.14327988 +0.55052423 
+0.29165756 -0.73845095 +0.60796881 
+0.29337645 -0.02185103 +0.95574724 
+0.66417953 +0.17700589 +0.72631568 
-0.09314348 -0.89989844 +0.42603649 
+0.31659631 +0.83318184 +0.45340358 
-0.38398469 -0.35294386 +0.85322119 
+0.64705951 -0.11866785 +0.75314801 
-0.97018713 -0.22841576 +0.08101339 
+0.43758910 -0.88734199 +0.14539593 
-0.33224237 -0.70513261 +0.62642079 
+0.84953449 -0.50009857 +0.16790641 
-0.77791487 -0.11122828 +0.61844703 
-0.65043247 -0.59065998 +0.47755459 
-0.38881492 -0.21538151 +0.89578667 
+0.32905637 -0.17068485 +0.92875647 
-0.27442365 +0.92486838 +0.26326821 
-0.95192246 +0.03739499 +0.30404809 
-0.57600051 +0.56899303 +0.58691596 
+0.88400514 +0.19237303 +0.42606049 
+0.54407012 -0.08917388 +0.83428756 
-0.40805543 -0.91214054 +0.03860560 
-0.64891243 +0.61371434 +0.44974143 
+0.33809976 +0.23031412 +0.91249327 
+0.70444561 +0.67131977 +0.23040431 
-0.19811779 +0.67580382 +0.70995671 
+0.74433858 +0.23015369 +0.62688863 
+0.73624906 -0.67539345 +0.04220197 
+0.89601820 -0.44214014 +0.04078580 
+0.03542613 +0.07389097 +0.99663690 
-0.17429521 +0.83732327 +0.51818039 
+0.61013859 -0.67425174 +0.41607151 
+0.90454751 +0.41360166 +0.10357353 
-0.02164728 +0.21251029 +0.97691902 
-0.82439544 +0.35131388 +0.44379130 
-0.39444482 +0.72107038 +0.56962337 
+0.04255459 -0.84686967 +0.53009515 
-0.31138974 +0.81476667 +0.48907229 
-0.35323088 +0.07012333 +0.93290442 
-0.62592584 +0.74780508 +0.22136939 
+0.86399255 +0.32538422 +0.38424208 
-0.76263057 -0.37979943 +0.52359050 
+0.76760031 -0.61813970 +0.16939032 
+0.08862169 +0.97671386 +0.19538738 
-0.63766211 +0.43280899 +0.63723105 
+0.94969601 -0.31069311 +0.03933557 
-0.13948702 +0.94698996 +0.28940178 
+0.03745024 -0.66464537 +0.74621981 
+0.91851325 -0.28215870 +0.27698352 
+0.07029802 -0.97806856 +0.19606143 
+0.12366517 -0.36120082 +0.92425153 
-0.99607125 -0.07761305 +0.04264139 
-0.65189165 -0.75807237 +0.01906736 
-0.68828371 -0.06968652 +0.72208678 
+0.73216085 -0.05240776 +0.67911260 
+0.48149999 -0.33718101 +0.80899118 
-0.27258397 -0.16466452 +0.94793648 
+0.38587575 -0.83775061 +0.38635971 
+0.37085204 +0.73979084 +0.56140741 
+0.64173172 +0.02048854 +0.76665548 
-0.30310049 -0.90899294 +0.28611524 
-0.30749012 +0.22363199 +0.92489922 
+0.11962365 +0.17862703 +0.97661792 
-0.13314419 -0.38133493 +0.91479850 
-0.58791382 -0.44168400 +0.67769653 
+0.51666070 -0.85546453 +0.03524417 
-0.16051795 +0.23911395 +0.95763172 
+0.62723578 +0.60532004 +0.49006421 
-0.14401115 -0.25270646 +0.95676551 
+0.13545743 +0.93596875 +0.32498274 
+0.43318758 +0.31867413 +0.84308678 
+0.02135006 -0.55685000 +0.83033864 
+0.21753089 -0.95065040 +0.22123319 
-0.47339046 +0.02279431 +0.88055772 
-0.84201960 -0.27941050 +0.46144639 
-0.79269724 +0.25525838 +0.55360117 
+0.40545708 -0.66386735 +0.62839852 
-0.11861411 -0.50276448 +0.85624679 
-0.49550180 +0.80653764 +0.32245155 
+0.04010917 +0.44163318 +0.89629871 
+0.82504999 +0.45146169 +0.33981591 
-0.56933025 -0.56394319 +0.59818989 
+0.56070829 -0.81137417 +0.16516105 
-0.95000838 -0.10292847 +0.29477078 
+0.84546914 +0.53191097 +0.04746210 
+0.56712575 +0.70838736 +0.42018535 
-0.67236398 -0.47664319 +0.56633731 
-0.56718757 +0.72313426 +0.39417648 
-0.86538386 +0.49375116 +0.08556031 
+0.10405003 +0.82471354 +0.55589673 
-0.69084648 +0.71762702 +0.08799205 
+0.96035865 -0.23048463 +0.15680590 
+0.21318230 +0.61960643 +0.75540795 
+0.86114391 -0.42056257 +0.28558411 
+0.03630663 -0.90900415 +0.41520271 
-0.21911536 -0.96010491 +0.17374412 
+0.05018677 -0.76108135 +0.64671204 
-0.23215146 +0.11963301 +0.96529459 
-0.67796702 +0.51020900 +0.52919514 
+0.45627600 -0.20114317 +0.86680657 
+0.61449806 -0.58327862 +0.53120447 
+0.45132118 +0.88812836 +0.08681707 
+0.15874995 -0.60195550 +0.78259059 
-0.55624330 +0.12011539 +0.82229295 
+0.59704875 -0.35121980 +0.72123328 
-0.10495897 +0.99354579 +0.04301591 
+0.25666892 -0.40324842 +0.87835743 
+0.60566351 -0.47911816 +0.63530898 
+0.17056261 -0.79946392 +0.57599118 
-0.36866195 -0.06864428 +0.92702553 
+0.52026307 +0.78800650 +0.32919917 
-0.76432260 +0.02762307 +0.64424213 
+0.57624726 +0.81076508 +0.10295179 
+0.20246667 -0.12472145 +0.97131447 
-0.74124158 +0.38523284 +0.54968771 
-0.33331012 +0.65277362 +0.68028741 
-0.06879508 -0.80849955 +0.58446190 
+0.74188744 +0.08528415 +0.66507867 
-0.26773972 -0.30251066 +0.91476923 
-0.73320307 +0.64837186 +0.20500534 
-0.93830169 +0.27552407 +0.20898905 
-0.24688108 +0.96889985 +0.01681729 
-0.99716033 +0.06261723 +0.04183732 
+0.31905401 +0.94413368 +0.08255990 
-0.58601825 -0.02451292 +0.80992699 
+0.38409630 -0.92319895 +0.01318110 
+0.36177557 -0.30694516 +0.88028581 
-0.52520097 +0.67519262 +0.51795643 
-0.78724733 +0.61120513 +0.08166971 
+0.88750403 +0.05418889 +0.45760262 
-0.30188229 -0.79925284 +0.51967488 
+0.39567087 +0.44983308 +0.80068393 
-0.97058945 +0.22469319 +0.08642388 
-0.03477024 +0.84069265 +0.54039514 
-0.24062535 -0.88280717 +0.40342401 
+0.36046759 +0.90889159 +0.20971215 
+0.17180999 -0.70573825 +0.68732441 
-0.22199807 -0.66032418 +0.71741817 
+0.39810967 +0.85448757 +0.33370599 
-0.66492663 +0.67300090 +0.32394809 
+0.55404814 +0.26221717 +0.79010937 
-0.40526379 +0.53167365 +0.74369644 
+0.37826603 +0.08131937 +0.92211820 
+0.02251819 +0.75872520 +0.65102151 
+0.30565411 +0.36738238 +0.87841092 
-0.43493785 -0.85504282 +0.28236651 
-0.48922782 -0.85809113 +0.15599921 
+0.22711571 +0.95175589 +0.20634724 
-0.75046499 +0.56988996 +0.33470545 
+0.67949940 +0.49000467 +0.54605493 
-0.27188955 -0.96124044 +0.04574800 
+0.94757870 +0.28186091 +0.15049598 
-0.90847145 -0.06261422 +0.41323006 
+0.27479558 -0.52596126 +0.80489263 
-0.00189337 +0.95068153 +0.31016294 
-0.24051725 -0.55142807 +0.79879818 
-0.09012363 +0.90351668 +0.41896938 
+0.14218839 -0.48674812 +0.86189253 
-0.07832135 -0.98095007 +0.17777157 
+0.40042211 -0.55434206 +0.72963485 
+0.98125196 +0.18527589 +0.05307959 
+0.60706624 +0.75903312 +0.23524307 
+0.73135913 +0.53761291 +0.41962624 
-0.44308312 +0.77483200 +0.45090212 
-0.71801527 -0.60242442 +0.34862429 
+0.85926114 -0.32771942 +0.39277256 
+0.26160736 -0.89704889 +0.35618097 

