-0.0137816 0.00126789 0.999904 
-0.0456213 0.0552974 0.997427 
-0.0145178 -0.109033 0.993932 
0.0481685 0.000318637 0.998839 
0.01719 0.0555821 0.998306 
0.047595 0.110564 0.992729 
-0.0146118 0.109529 0.993876 
-0.0766719 0.00148816 0.997055 
-0.0448084 -0.0529012 0.997594 
-0.0464192 -0.163145 0.985509 
0.0464014 -0.110746 0.992765 
0.0169373 -0.0544937 0.99837 
0.109411 -6.16818e-005 0.993997 
0.0789252 0.0555654 0.995331 
0.108938 0.11104 0.987827 
0.0771881 0.165839 0.983127 
0.0156558 0.164504 0.986252 
-0.046646 0.162295 0.985639 
-0.0778007 0.108182 0.991082 
-0.109139 0.0545837 0.992527 
-0.14024 0.00126397 0.990117 
-0.10759 -0.0518272 0.992844 
-0.0758306 -0.106413 0.991426 
-0.0798106 -0.217042 0.972894 
0.0138089 -0.165641 0.986089 
0.0741023 -0.166916 0.983182 
0.107066 -0.111582 0.987971 
0.0781992 -0.0555652 0.995388 
0.170015 -8.84263e-005 0.985442 
0.139928 0.0556419 0.988597 
0.169618 0.111293 0.979206 
0.138068 0.166402 0.976344 
0.105764 0.220978 0.969527 
0.0449001 0.219771 0.974518 
-0.0165029 0.217379 0.975948 
-0.0785823 0.213911 0.973687 
-0.10995 0.160048 0.980967 
-0.141574 0.106785 0.984151 
-0.172899 0.0536313 0.983478 
-0.203655 0.0002995 0.979043 
-0.170912 -0.0520224 0.983912 
-0.138178 -0.104838 0.984843 
-0.106684 -0.15942 0.981429 
-0.136821 -0.212865 0.967455 
-0.0209874 -0.220065 0.975259 
0.0389677 -0.221753 0.974324 
0.0993894 -0.222346 0.969889 
0.134363 -0.167297 0.976708 
0.167367 -0.111745 0.979541 
0.138953 -0.0559405 0.988718 
0.229912 0.00010156 0.973211 
0.200257 0.0558092 0.978153 
0.229624 0.111525 0.966869 
0.198368 0.166614 0.965862 
0.166128 0.221338 0.960943 
0.133081 0.275623 0.952009 
0.0729044 0.27483 0.958725 
0.0123447 0.272751 0.962005 
-0.0486232 0.269179 0.961862 
-0.110181 0.264328 0.958118 
-0.141839 0.210937 0.967154 
-0.173762 0.158228 0.971993 
-0.205287 0.10548 0.973001 
-0.236133 0.0523823 0.970308 
-0.26599 -0.00137403 0.963975 
-0.23349 -0.0536158 0.97088 
-0.200712 -0.105787 0.973922 
-0.16782 -0.158138 0.973051 
-0.19286 -0.214153 0.957572 
-0.132615 -0.268215 0.954187 
-0.0660274 -0.271969 0.960038 
-0.00157875 -0.274692 0.961531 
0.0613686 -0.276034 0.959187 
0.123343 -0.276202 0.953152 
0.159866 -0.222148 0.961817 
0.194406 -0.167096 0.966584 
0.227155 -0.111526 0.967452 
0.199127 -0.0559046 0.978378 
0.288938 0.00047292 0.957348 
0.259803 0.0561021 0.964031 
0.28879 0.111881 0.950833 
0.25801 0.166816 0.951632 
0.225985 0.221347 0.94865 
0.192859 0.275584 0.941732 
0.158779 0.329501 0.930709 
0.0993409 0.329297 0.938986 
0.0396223 0.327815 0.943911 
-0.0203384 0.324713 0.945594 
-0.080554 0.319879 0.944028 
-0.141233 0.313445 0.939045 
-0.173295 0.260862 0.949695 
-0.205535 0.20898 0.956077 
-0.237246 0.156882 0.958698 
-0.268181 0.104269 0.957709 
-0.298085 0.0509187 0.95318 
-0.326564 -0.00340394 0.945169 
-0.294284 -0.0562195 0.954063 
-0.261476 -0.108875 0.95905 
-0.227958 -0.161357 0.960208 
-0.250087 -0.218003 0.943361 
-0.200919 -0.268369 0.94213 
-0.164037 -0.315939 0.934492 
-0.100097 -0.319782 0.942189 
-0.0366188 -0.324414 0.945206 
0.0260348 -0.327458 0.944507 
0.0879445 -0.328743 0.940316 
0.149257 -0.328607 0.932598 
0.18461 -0.275556 0.943392 
0.220105 -0.221501 0.949995 
0.253998 -0.166588 0.952751 
0.286221 -0.111069 0.951704 
0.258575 -0.0556193 0.964389 
0.346883 0.00103066 0.937908 
0.318366 0.056563 0.946279 
0.346874 0.112432 0.931148 
0.316767 0.16721 0.933649 
0.285212 0.221453 0.93253 
0.252196 0.275263 0.9277 
0.217896 0.328919 0.918876 
0.182305 0.382379 0.905843 
0.123607 0.382882 0.915491 
0.0647253 0.382142 0.921834 
0.00573694 0.379792 0.925054 
-0.0532763 0.375596 0.925251 
-0.112298 0.369489 0.922424 
-0.171483 0.361217 0.916579 
-0.204089 0.309965 0.928585 
-0.236641 0.259236 0.936375 
-0.268514 0.208019 0.940547 
-0.299543 0.156093 0.941227 
-0.329524 0.103319 0.938477 
-0.358179 0.0495913 0.932335 
-0.385284 -0.00497466 0.922785 
-0.353357 -0.0585429 0.933655 
-0.320612 -0.111906 0.940577 
-0.286756 -0.165071 0.943675 
-0.309348 -0.219848 0.925187 
-0.268323 -0.270071 0.924697 
-0.230128 -0.316318 0.920317 
-0.193583 -0.363936 0.911085 
-0.131496 -0.368346 0.920342 
-0.0699453 -0.373281 0.925078 
-0.00836996 -0.377553 0.92595 
0.0529708 -0.380073 0.923438 
0.113941 -0.380776 0.91762 
0.17453 -0.380018 0.908364 
0.21006 -0.327573 0.921179 
0.245223 -0.274548 0.929779 
0.279799 -0.220664 0.934355 
0.31285 -0.165892 0.935203 
0.34432 -0.110417 0.932337 
0.317096 -0.0551338 0.94679 
0.403527 0.00178324 0.914966 
0.375716 0.0572136 0.924967 
0.403618 0.113187 0.907899 
0.374344 0.16785 0.911972 
0.343513 0.221867 0.912564 
0.31095 0.275224 0.909704 
0.276646 0.328145 0.90321 
0.240765 0.381127 0.892622 
0.203008 0.433969 0.877758 
0.14474 0.435261 0.888593 
0.0863599 0.435326 0.896121 
0.0280118 0.433815 0.900566 
-0.0300919 0.430511 0.902084 
-0.0876704 0.425299 0.900797 
-0.144425 0.418212 0.896794 
-0.233402 0.359153 0.903622 
-0.266296 0.309832 0.912738 
-0.298391 0.259564 0.918471 
-0.329623 0.208345 0.920837 
-0.359805 0.156152 0.919868 
-0.388719 0.102973 0.915584 
-0.416179 0.0489185 0.907966 
-0.442093 -0.00575757 0.896951 
-0.410852 -0.0599999 0.909726 
-0.378588 -0.113851 0.918536 
-0.345174 -0.167235 0.923519 
-0.368731 -0.220984 0.902886 
-0.332177 -0.271274 0.903365 
-0.29551 -0.31877 0.900588 
-0.25833 -0.364625 0.894603 
-0.221932 -0.410915 0.884248 
-0.16162 -0.416572 0.894621 
-0.101732 -0.422037 0.900852 
-0.0417114 -0.426781 0.903393 
0.0185295 -0.430246 0.902522 
0.0787683 -0.431911 0.89847 
0.138833 -0.431777 0.891232 
0.198664 -0.430199 0.880603 
0.234753 -0.378396 0.895381 
0.270324 -0.326256 0.905805 
0.305017 -0.273464 0.91224 
0.338606 -0.219727 0.914913 
0.370657 -0.165034 0.91399 
0.401197 -0.109568 0.909415 
0.374467 -0.0544504 0.92564 
0.458656 0.00273152 0.88861 
0.431623 0.0580554 0.900184 
0.458781 0.11413 0.881189 
0.430455 0.168711 0.886704 
0.400535 0.222591 0.888833 
0.36874 0.275647 0.887722 
0.334896 0.32792 0.883353 
0.298951 0.379746 0.875455 
0.26108 0.431916 0.8633 
0.221263 0.483821 0.846735 
0.162747 0.48591 0.858723 
0.103784 0.48671 0.867377 
0.0443796 0.485851 0.872914 
-0.0154774 0.48306 0.87545 
-0.075854 0.478116 0.875015 
-0.136967 0.470711 0.871591 
-0.200003 0.408315 0.890661 
-0.254572 0.413642 0.874124 
-0.291167 0.363718 0.884834 
-0.324884 0.313205 0.892386 
-0.357123 0.261998 0.89656 
-0.388031 0.209969 0.89741 
-0.417537 0.157056 0.894984 
-0.445544 0.103306 0.88928 
-0.471997 0.0488897 0.880243 
-0.496834 -0.00599394 0.867825 
-0.466535 -0.060784 0.882412 
-0.435121 -0.115082 0.892987 
-0.402777 -0.168624 0.899632 
-0.426219 -0.222653 0.876791 
-0.39211 -0.273473 0.878329 
-0.357117 -0.322141 0.876751 
-0.321208 -0.36859 0.872334 
-0.285562 -0.41326 0.864679 
-0.250274 -0.456122 0.854 
-0.192454 -0.463756 0.864807 
-0.134259 -0.469939 0.872429 
-0.0755106 -0.475182 0.876642 
-0.0163176 -0.479262 0.87752 
0.0431478 -0.481804 0.875216 
0.102652 -0.482517 0.869851 
0.162027 -0.481424 0.861381 
0.221219 -0.478902 0.849538 
0.258254 -0.427833 0.866178 
0.294551 -0.376675 0.878268 
0.329778 -0.324968 0.886365 
0.363692 -0.272351 0.890816 
0.396188 -0.218677 0.891748 
0.427122 -0.164001 0.889197 
0.456603 -0.108518 0.883028 
0.430461 -0.0535641 0.901019 
0.512061 0.00387273 0.85894 
0.485872 0.0590807 0.872031 
0.512145 0.115247 0.851132 
0.484848 0.169756 0.857966 
0.45596 0.223549 0.861468 
0.425146 0.276438 0.861878 
0.392148 0.32833 0.859314 
0.356768 0.379293 0.853729 
0.318932 0.429728 0.844758 
0.279343 0.480889 0.831092 
0.239601 0.531646 0.81237 
0.18166 0.534484 0.825425 
0.123273 0.535967 0.835191 
0.064504 0.535745 0.841912 
0.00545779 0.533556 0.845747 
-0.0537065 0.529215 0.846786 
-0.112718 0.522587 0.845102 
-0.171024 0.513379 0.840947 
-0.199436 0.459901 0.865284 
-0.267742 0.462301 0.845336 
-0.311757 0.416072 0.85422 
-0.348229 0.36636 0.862854 
-0.381986 0.315569 0.868621 
-0.413973 0.263878 0.871203 
-0.444343 0.211293 0.870583 
-0.473088 0.15785 0.866759 
-0.500206 0.103678 0.859677 
-0.525697 0.0489738 0.849261 
-0.549432 -0.0061018 0.835516 
-0.520107 -0.0612003 0.851906 
-0.489657 -0.116007 0.864164 
-0.458576 -0.169987 0.872246 
-0.48085 -0.224875 0.847475 
-0.447864 -0.276993 0.850113 
-0.41311 -0.327692 0.849681 
-0.376377 -0.377162 0.84622 
-0.337903 -0.425964 0.839271 
-0.298358 -0.475818 0.827393 
-0.235467 -0.505707 0.829949 
-0.17403 -0.514834 0.83944 
-0.113802 -0.521347 0.845723 
-0.0539703 -0.5264 0.848522 
0.00569029 -0.529912 0.848033 
0.0651955 -0.53165 0.844451 
0.124471 -0.531456 0.837891 
0.183454 -0.529382 0.828311 
0.242168 -0.525847 0.815377 
0.280238 -0.475649 0.833801 
0.317546 -0.425647 0.847343 
0.353544 -0.37515 0.856895 
0.38803 -0.32371 0.862928 
0.420932 -0.27116 0.865615 
0.452241 -0.217483 0.864973 
0.481972 -0.162784 0.860932 
0.510297 -0.107268 0.853282 
0.484856 -0.0524747 0.873018 
0.563543 0.00521258 0.82607 
0.538257 0.0602889 0.840622 
0.563498 0.116559 0.817853 
0.537294 0.170981 0.825882 
0.509518 0.224692 0.830605 
0.479815 0.277473 0.832338 
0.447901 0.329159 0.831288 
0.413537 0.379658 0.827555 
0.376549 0.429021 0.821067 
0.337074 0.477688 0.811292 
0.297074 0.527824 0.795706 
0.257349 0.577542 0.774737 
0.199965 0.581166 0.788835 
0.141938 0.58337 0.799708 
0.0833118 0.583821 0.807596 
0.0241235 0.58224 0.812659 
-0.0356273 0.578401 0.814974 
-0.0960192 0.572101 0.814543 
-0.157308 0.56301 0.811341 
-0.220105 0.551382 0.804693 
-0.227464 0.502324 0.834224 
-0.279522 0.515918 0.809751 
-0.323686 0.468349 0.822117 
-0.366574 0.419439 0.830479 
-0.403418 0.36892 0.837348 
-0.437203 0.317501 0.841455 
-0.468851 0.265238 0.842513 
-0.4986 0.212124 0.840477 
-0.526545 0.158228 0.835293 
-0.552771 0.103709 0.826854 
-0.577304 0.0487925 0.815071 
-0.599881 -0.00636403 0.800064 
-0.571448 -0.0614403 0.818335 
-0.541839 -0.116685 0.832343 
-0.511954 -0.17135 0.841749 
-0.533612 -0.225834 0.81502 
-0.502159 -0.278321 0.818763 
-0.468807 -0.329266 0.819636 
-0.433555 -0.378607 0.817733 
-0.396737 -0.426306 0.812935 
-0.358851 -0.472405 0.805021 
-0.322127 -0.518055 0.792372 
-0.270643 -0.539524 0.797287 
-0.210404 -0.555288 0.804603 
-0.150442 -0.564436 0.811652 
-0.0908894 -0.570992 0.815909 
-0.0314982 -0.57571 0.817047 
0.0277563 -0.578608 0.815133 
0.0868046 -0.579552 0.810299 
0.145551 -0.578465 0.802617 
0.203934 -0.575397 0.792041 
0.261997 -0.570819 0.778154 
0.300687 -0.521576 0.798465 
0.339078 -0.47297 0.813219 
0.376015 -0.423873 0.823981 
0.411232 -0.373737 0.83139 
0.444704 -0.322402 0.835641 
0.476442 -0.269846 0.836771 
0.506492 -0.216129 0.834718 
0.534955 -0.161387 0.829324 
0.56205 -0.105825 0.820305 
0.537439 -0.0511841 0.841748 
0.612902 0.00678009 0.79013 
0.588571 0.0617084 0.806087 
0.612616 0.118151 0.7815 
0.587554 0.17247 0.790591 
0.560942 0.226081 0.796386 
0.532425 0.278756 0.799261 
0.501727 0.330299 0.799483 
0.46862 0.380543 0.797234 
0.432935 0.429373 0.792595 
0.394667 0.476818 0.785419 
0.354223 0.523379 0.774984 
0.314061 0.572764 0.757171 
0.276611 0.62111 0.733286 
0.219959 0.625533 0.74855 
0.162484 0.628509 0.760641 
0.104348 0.629715 0.769786 
0.0456735 0.628864 0.776173 
-0.0134283 0.625724 0.779929 
-0.0728322 0.620121 0.781118 
-0.132333 0.611892 0.779792 
-0.19144 0.601277 0.775768 
-0.249318 0.588004 0.769475 
-0.296937 0.558482 0.774549 
-0.339397 0.515099 0.787072 
-0.38112 0.469011 0.796728 
-0.421452 0.420246 0.803599 
-0.457663 0.369719 0.808611 
-0.510262 0.369665 0.776518 
-0.490968 0.318085 0.811032 
-0.521978 0.265485 0.81059 
-0.550936 0.21199 0.807174 
-0.577996 0.15773 0.800651 
-0.603304 0.102922 0.790842 
-0.62689 0.0478738 0.777635 
-0.648273 -0.00718724 0.761374 
-0.62063 -0.0616071 0.78168 
-0.591727 -0.11692 0.797614 
-0.563203 -0.171931 0.808234 
-0.584102 -0.226339 0.779484 
-0.554124 -0.27922 0.784208 
-0.522044 -0.3307 0.786198 
-0.48781 -0.380733 0.785547 
-0.451516 -0.42937 0.78216 
-0.413261 -0.476832 0.775788 
-0.372901 -0.523834 0.765861 
-0.317487 -0.56859 0.758886 
-0.25256 -0.587893 0.768502 
-0.189727 -0.602957 0.774885 
-0.128952 -0.612367 0.779986 
-0.0690892 -0.618797 0.782507 
-0.00969933 -0.623071 0.782105 
0.0493227 -0.625296 0.778827 
0.107952 -0.625419 0.772785 
0.166122 -0.623421 0.764035 
0.223778 -0.619337 0.752559 
0.280978 -0.613718 0.737836 
0.319838 -0.565398 0.760282 
0.359118 -0.518456 0.77604 
0.396992 -0.470997 0.787756 
0.433013 -0.422336 0.796324 
0.467161 -0.372342 0.801949 
0.499458 -0.321017 0.804667 
0.529937 -0.268417 0.804437 
0.558678 -0.214639 0.80113 
0.585824 -0.159832 0.794521 
0.611634 -0.104198 0.784249 
0.587995 -0.0496882 0.807337 
0.659933 0.00863028 0.751275 
0.636596 0.0634115 0.768586 
0.659246 0.120164 0.742263 
0.63535 0.174415 0.75227 
0.609909 0.227945 0.758981 
0.582588 0.28053 0.76282 
0.55314 0.331962 0.764092 
0.52137 0.382045 0.76303 
0.487153 0.430594 0.759783 
0.450474 0.477474 0.754382 
0.411514 0.522724 0.746603 
0.370314 0.566684 0.736028 
0.332181 0.615396 0.714803 
0.302724 0.660577 0.687019 
0.244351 0.666545 0.70428 
0.185999 0.670744 0.717988 
0.127368 0.67301 0.728585 
0.0683697 0.673118 0.736368 
0.008982 0.670846 0.741543 
-0.0508079 0.666006 0.744214 
-0.111046 0.65842 0.744414 
-0.171869 0.648061 0.741942 
-0.233907 0.634506 0.736675 
-0.297014 0.60886 0.735576 
-0.359767 0.606365 0.709147 
-0.349354 0.564093 0.748165 
-0.393895 0.517906 0.759355 
-0.435499 0.470048 0.767721 
-0.474678 0.420559 0.773182 
-0.526571 0.419403 0.739476 
-0.561232 0.36823 0.741233 
-0.542937 0.317649 0.777379 
-0.573183 0.264611 0.775527 
-0.601269 0.210643 0.770782 
-0.627412 0.155893 0.762923 
-0.651834 0.100615 0.751658 
-0.67462 0.0452556 0.736776 
-0.667749 -0.0620632 0.741795 
-0.6392 -0.116982 0.760091 
-0.612123 -0.172159 0.771795 
-0.63244 -0.226041 0.740894 
-0.60404 -0.279019 0.746515 
-0.57343 -0.330701 0.749543 
-0.540566 -0.380973 0.750098 
-0.505487 -0.429777 0.748181 
-0.468268 -0.477149 0.743676 
-0.428817 -0.52319 0.73647 
-0.384047 -0.566565 0.729049 
-0.341665 -0.605524 0.718753 
-0.28448 -0.620148 0.731087 
-0.224955 -0.636771 0.737508 
-0.164599 -0.649908 0.741975 
-0.104796 -0.658759 0.745019 
-0.045476 -0.6647 0.745725 
0.0134879 -0.668325 0.743748 
0.0720926 -0.669744 0.739084 
0.130251 -0.668954 0.731803 
0.187823 -0.665981 0.721936 
0.244614 -0.660865 0.709522 
0.30035 -0.654493 0.693851 
0.337752 -0.607044 0.71932 
0.377673 -0.562092 0.735809 
0.416295 -0.516528 0.748263 
0.453069 -0.469527 0.757808 
0.487933 -0.421011 0.764638 
0.520886 -0.371022 0.768778 
0.551938 -0.319635 0.770193 
0.581124 -0.266944 0.768789 
0.608535 -0.213065 0.764387 
0.634337 -0.158148 0.756707 
0.658822 -0.102386 0.745299 
0.636309 -0.0479682 0.769941 
0.704437 0.0107998 0.709684 
0.682098 0.0654812 0.728323 
0.703156 0.122632 0.70038 
0.68039 0.176971 0.711161 
0.656044 0.230577 0.718638 
0.629806 0.283238 0.723271 
0.601466 0.334747 0.725385 
0.570868 0.384889 0.725238 
0.537943 0.433443 0.723011 
0.502755 0.480185 0.71879 
0.465556 0.52489 0.712565 
0.426776 0.567392 0.704222 
0.386639 0.607183 0.694146 
0.362078 0.651871 0.666306 
0.267562 0.703894 0.657985 
0.209429 0.709707 0.672648 
0.15096 0.713283 0.684426 
0.0921021 0.714567 0.693477 
0.0328787 0.713387 0.699998 
-0.0266549 0.709579 0.704122 
-0.0864141 0.703001 0.705919 
-0.146257 0.693616 0.705341 
-0.205966 0.681374 0.702359 
-0.264743 0.665684 0.697694 
-0.317583 0.645495 0.694606 
-0.366714 0.651927 0.663711 
-0.412857 0.608565 0.677642 
-0.405384 0.563492 0.71982 
-0.448192 0.517202 0.729127 
-0.488685 0.469129 0.735599 
-0.539903 0.467239 0.700137 
-0.576596 0.417134 0.702521 
-0.610186 0.365573 0.702872 
-0.593039 0.31581 0.740655 
-0.62236 0.262251 0.737491 
-0.64947 0.207637 0.731488 
-0.674637 0.152058 0.722318 
-0.698217 0.0956062 0.709474 
-0.720569 0.0384262 0.692317 
-0.694834 -0.00973933 0.719104 
-0.684253 -0.1169 0.719814 
-0.658765 -0.171886 0.73245 
-0.678902 -0.224058 0.699207 
-0.65205 -0.277171 0.705696 
-0.622923 -0.329103 0.709689 
-0.59153 -0.379651 0.711307 
-0.557933 -0.42865 0.710612 
-0.522282 -0.475978 0.707578 
-0.484809 -0.521518 0.702125 
-0.445095 -0.564629 0.695043 
-0.40483 -0.604395 0.686163 
-0.363643 -0.641595 0.675366 
-0.310175 -0.656067 0.688017 
-0.254934 -0.6708 0.696445 
-0.197531 -0.684591 0.701653 
-0.138815 -0.695575 0.704916 
-0.0797934 -0.703329 0.706372 
-0.020747 -0.708397 0.705509 
0.0382753 -0.711065 0.702084 
0.0972687 -0.711357 0.696067 
0.156291 -0.709214 0.68745 
0.215564 -0.704528 0.676146 
0.275784 -0.696934 0.661986 
0.353053 -0.647686 0.675171 
0.393688 -0.604764 0.692293 
0.433107 -0.561151 0.705357 
0.470676 -0.515823 0.715814 
0.506364 -0.468786 0.723765 
0.540124 -0.420132 0.729216 
0.571931 -0.369964 0.732135 
0.601783 -0.318385 0.732454 
0.629712 -0.265502 0.730049 
0.655817 -0.211438 0.724705 
0.680269 -0.15633 0.716097 
0.703405 -0.100363 0.703668 
0.68216 -0.0459934 0.729755 
0.746284 0.0131847 0.665498 
0.724875 0.0678478 0.685531 
0.744304 0.125043 0.656031 
0.722628 0.179633 0.667488 
0.69926 0.233539 0.675644 
0.673896 0.286587 0.680979 
0.646324 0.338612 0.683818 
0.616353 0.38945 0.684425 
0.583819 0.438968 0.682981 
0.548602 0.487086 0.679546 
0.510585 0.533827 0.674041 
0.469442 0.57938 0.66629 
0.424685 0.624607 0.655369 
0.383225 0.683103 0.621699 
0.325614 0.695606 0.640397 
0.29398 0.736605 0.609089 
0.23466 0.744947 0.624491 
0.175709 0.750255 0.637372 
0.116653 0.752969 0.647634 
0.0573329 0.753069 0.655439 
-0.00228953 0.750442 0.660933 
-0.0622198 0.744955 0.664207 
-0.12248 0.736492 0.665265 
-0.183229 0.724875 0.664066 
-0.244927 0.70956 0.660708 
-0.308131 0.69019 0.654747 
-0.374187 0.689513 0.620126 
-0.421317 0.649727 0.63273 
-0.466063 0.605603 0.645004 
-0.458015 0.562895 0.68802 
-0.500336 0.515804 0.695421 
-0.550927 0.512811 0.65841 
-0.589226 0.463978 0.661465 
-0.624583 0.413531 0.662486 
-0.656925 0.361578 0.661597 
-0.640937 0.312699 0.701013 
-0.669148 0.258621 0.696676 
-0.695064 0.203425 0.689568 
-0.718937 0.147167 0.679317 
-0.741138 0.0898604 0.665312 
-0.762343 0.0317935 0.646392 
-0.739785 -0.0198451 0.67255 
-0.713313 -0.0638053 0.697936 
-0.7035 -0.169935 0.690079 
-0.724271 -0.216336 0.654699 
-0.698534 -0.271399 0.662113 
-0.670489 -0.324757 0.667067 
-0.640131 -0.376537 0.669665 
-0.607435 -0.426729 0.670019 
-0.572418 -0.475322 0.668137 
-0.535132 -0.522354 0.663913 
-0.495304 -0.567741 0.657529 
-0.453418 -0.611328 0.648606 
-0.409216 -0.652609 0.637687 
-0.353023 -0.684891 0.637416 
-0.293649 -0.700398 0.650548 
-0.234533 -0.715549 0.658015 
-0.175187 -0.728449 0.662323 
-0.115742 -0.738333 0.664431 
-0.056428 -0.745141 0.664516 
0.00270638 -0.749236 0.662298 
0.0616531 -0.75079 0.657658 
0.120398 -0.749785 0.650636 
0.178945 -0.746124 0.641309 
0.237325 -0.739614 0.6298 
0.295658 -0.729478 0.616805 
0.339 -0.690411 0.639071 
0.401235 -0.64994 0.645437 
0.444405 -0.606911 0.658911 
0.484016 -0.562461 0.670348 
0.521222 -0.516418 0.679442 
0.556259 -0.468796 0.686153 
0.589185 -0.419656 0.690471 
0.620019 -0.369076 0.692357 
0.648784 -0.317143 0.691737 
0.67553 -0.263954 0.688467 
0.700367 -0.209619 0.682309 
0.723464 -0.154256 0.672907 
0.745237 -0.0980551 0.659551 
0.725345 -0.0437491 0.686994 
0.785505 0.0154433 0.618663 
0.764876 0.0700371 0.640359 
0.78288 0.126407 0.609196 
0.762421 0.181065 0.621232 
0.740174 0.235002 0.630013 
0.715874 0.288073 0.636033 
0.689351 0.340123 0.639618 
0.66045 0.390978 0.641047 
0.62904 0.440465 0.640546 
0.595049 0.488424 0.638246 
0.558466 0.534715 0.634189 
0.519262 0.579181 0.628423 
0.477401 0.621602 0.621047 
0.433758 0.662258 0.610957 
0.418247 0.706575 0.570808 
0.355031 0.724384 0.590949 
0.318386 0.764795 0.560106 
0.25935 0.776117 0.574787 
0.200457 0.783604 0.588032 
0.141535 0.788031 0.599145 
0.082417 0.789627 0.608027 
0.0230666 0.788395 0.614737 
-0.0364725 0.784267 0.61935 
-0.0960986 0.777174 0.621905 
-0.155652 0.767057 0.622412 
-0.214836 0.753868 0.62091 
-0.272861 0.737921 0.617268 
-0.328458 0.721455 0.609605 
-0.423057 0.691555 0.585469 
-0.471623 0.646761 0.599393 
-0.516798 0.602183 0.608519 
-0.509818 0.560033 0.653031 
-0.559504 0.556221 0.61447 
-0.599369 0.508658 0.61808 
-0.636305 0.459426 0.619713 
-0.67026 0.408547 0.619549 
-0.701254 0.356135 0.617584 
-0.68645 0.308265 0.658604 
-0.713391 0.253714 0.653224 
-0.737947 0.198014 0.645155 
-0.760311 0.141195 0.634028 
-0.780902 0.0832908 0.619076 
-0.801457 0.025561 0.597507 
-0.7775 -0.0272274 0.628293 
-0.760453 -0.0829666 0.644071 
-0.72737 -0.11525 0.676498 
-0.747457 -0.15857 0.645107 
-0.742206 -0.262193 0.616753 
-0.715549 -0.317346 0.622319 
-0.686402 -0.370562 0.625729 
-0.654772 -0.422019 0.627036 
-0.620625 -0.471782 0.626296 
-0.583918 -0.519922 0.623475 
-0.544403 -0.566518 0.618613 
-0.501945 -0.611724 0.611429 
-0.455545 -0.655932 0.601857 
-0.398135 -0.696509 0.596961 
-0.330132 -0.725347 0.604057 
-0.269997 -0.742925 0.612506 
-0.210561 -0.757687 0.617717 
-0.151139 -0.769575 0.620412 
-0.0917831 -0.778359 0.621074 
-0.032651 -0.784146 0.619717 
0.0261695 -0.787192 0.616153 
0.0845877 -0.787608 0.610344 
0.142466 -0.785389 0.602385 
0.199587 -0.780524 0.592409 
0.255562 -0.772972 0.580692 
0.309957 -0.76208 0.568472 
0.353536 -0.725197 0.590848 
0.399027 -0.690065 0.603811 
0.450535 -0.650557 0.611386 
0.493389 -0.607478 0.622526 
0.532591 -0.562606 0.632314 
0.569201 -0.516102 0.640038 
0.603489 -0.468039 0.645554 
0.635539 -0.418493 0.64881 
0.665385 -0.367546 0.649749 
0.693058 -0.315288 0.648277 
0.718618 -0.261816 0.644237 
0.742173 -0.207238 0.637363 
0.763878 -0.151659 0.627287 
0.784281 -0.0953232 0.613039 
0.765734 -0.0412769 0.641831 
0.822388 0.0170097 0.568672 
0.80219 0.0712621 0.592801 
0.818898 0.125948 0.559949 
0.799699 0.180944 0.572487 
0.778569 0.235122 0.581848 
0.755292 0.288422 0.588512 
0.729734 0.340727 0.592784 
0.701764 0.391883 0.594941 
0.671252 0.441729 0.595228 
0.638101 0.490121 0.593808 
0.602249 0.536943 0.590752 
0.563577 0.582105 0.586119 
0.521802 0.625549 0.580009 
0.522256 0.667193 0.531133 
0.473096 0.705254 0.528012 
0.427064 0.739774 0.519953 
0.377095 0.750579 0.542614 
0.286437 0.802451 0.523475 
0.226503 0.81281 0.536689 
0.167139 0.819421 0.548282 
0.107907 0.822788 0.558011 
0.048593 0.82313 0.56577 
-0.0108647 0.820481 0.571571 
-0.0704454 0.814809 0.575433 
-0.130099 0.80606 0.577357 
-0.189784 0.794151 0.577327 
-0.249522 0.779061 0.575155 
-0.30979 0.761204 0.569735 
-0.372221 0.732707 0.56973 
-0.429632 0.726221 0.536675 
-0.475859 0.683946 0.55297 
-0.52234 0.64138 0.561954 
-0.566053 0.597 0.568484 
-0.612699 0.590804 0.524929 
-0.607224 0.550898 0.572529 
-0.645568 0.503008 0.574652 
-0.680984 0.453349 0.575096 
-0.713445 0.402003 0.573925 
-0.742996 0.349101 0.571039 
-0.729451 0.302329 0.613595 
-0.755026 0.247227 0.607301 
-0.778121 0.190853 0.598417 
-0.798871 0.133062 0.5866 
-0.81782 0.0731986 0.5708 
-0.840476 0.00282695 0.541842 
-0.813417 -0.0286779 0.580974 
-0.797658 -0.0841774 0.597207 
-0.783509 -0.140489 0.605291 
-0.766014 -0.204364 0.609474 
-0.782439 -0.249546 0.57054 
-0.757678 -0.306929 0.57595 
-0.730056 -0.361734 0.579799 
-0.699798 -0.414456 0.581816 
-0.666926 -0.465264 0.582013 
-0.631436 -0.514219 0.580403 
-0.593262 -0.561327 0.57702 
-0.552439 -0.60653 0.57178 
-0.509075 -0.649685 0.564581 
-0.463634 -0.689887 0.555967 
-0.417735 -0.723278 0.549878 
-0.363242 -0.744103 0.560683 
-0.30368 -0.766702 0.565638 
-0.244518 -0.783587 0.571141 
-0.185319 -0.797323 0.574398 
-0.125974 -0.807987 0.575575 
-0.0666062 -0.815563 0.574822 
-0.0073274 -0.820178 0.572062 
0.0518406 -0.821973 0.567162 
0.11095 -0.820952 0.560114 
0.170157 -0.816996 0.550967 
0.229843 -0.809899 0.539663 
0.29086 -0.798721 0.526731 
0.357308 -0.763525 0.537922 
0.404552 -0.727921 0.553596 
0.451113 -0.690742 0.56513 
0.498375 -0.65016 0.573511 
0.540327 -0.606732 0.58303 
0.578876 -0.561447 0.591338 
0.61476 -0.514519 0.597779 
0.648219 -0.466048 0.602172 
0.679338 -0.416124 0.604434 
0.708157 -0.364837 0.60449 
0.734709 -0.312281 0.602232 
0.759053 -0.258558 0.597483 
0.781296 -0.203778 0.589959 
0.801561 -0.148049 0.579293 
0.820643 -0.0917449 0.564029 
0.803314 -0.0386397 0.594301 
0.857926 0.0153842 0.513543 
0.836843 0.0701331 0.542932 
0.852131 0.123513 0.508544 
0.834414 0.178691 0.521365 
0.814538 0.23302 0.531253 
0.792379 0.286511 0.53856 
0.767863 0.339059 0.54353 
0.740898 0.39051 0.546418 
0.711374 0.440695 0.54748 
0.679205 0.48945 0.546918 
0.644334 0.536631 0.544849 
0.606691 0.582099 0.541375 
0.566113 0.625692 0.53668 
0.564352 0.667237 0.486108 
0.51694 0.707052 0.482546 
0.468004 0.744345 0.476364 
0.410457 0.776739 0.477705 
0.347418 0.787405 0.509209 
0.309039 0.825896 0.471584 
0.250852 0.838149 0.484334 
0.192081 0.846974 0.495722 
0.133184 0.852304 0.505806 
0.0741876 0.854393 0.514304 
0.0150741 0.853375 0.521079 
-0.0441088 0.849294 0.526074 
-0.103249 0.842156 0.529257 
-0.162176 0.831959 0.530606 
-0.220637 0.818754 0.530057 
-0.278325 0.802788 0.527321 
-0.335056 0.783431 0.523425 
-0.387589 0.761111 0.520081 
-0.477008 0.72002 0.504019 
-0.525003 0.678653 0.513616 
-0.570254 0.635555 0.520461 
-0.616211 0.627942 0.475366 
-0.656909 0.582893 0.478232 
-0.652369 0.544255 0.527448 
-0.689151 0.495872 0.528377 
-0.722997 0.445706 0.527846 
-0.753906 0.39387 0.525825 
-0.781928 0.340508 0.522151 
-0.769759 0.294766 0.566202 
-0.793838 0.239055 0.559173 
-0.815281 0.181888 0.549758 
-0.834006 0.122823 0.537911 
-0.848973 0.0594896 0.525077 
-0.871462 0.00254536 0.490456 
-0.834815 -0.0695869 0.546114 
-0.820199 -0.129283 0.557278 
-0.80308 -0.188521 0.565263 
-0.85218 -0.220581 0.474482 
-0.818693 -0.235068 0.523912 
-0.796333 -0.294097 0.528545 
-0.770598 -0.350512 0.532279 
-0.741942 -0.404571 0.534644 
-0.710506 -0.456545 0.535488 
-0.67631 -0.506565 0.534787 
-0.639301 -0.554695 0.532549 
-0.599393 -0.600974 0.528733 
-0.556403 -0.645503 0.523203 
-0.509993 -0.688531 0.515589 
-0.459231 -0.72994 0.506254 
-0.39743 -0.762526 0.510494 
-0.338479 -0.785031 0.518804 
-0.278686 -0.805429 0.523084 
-0.219298 -0.821364 0.526564 
-0.159986 -0.833915 0.528195 
-0.100691 -0.84328 0.527959 
-0.0415137 -0.849551 0.52587 
0.0174298 -0.852852 0.521861 
0.0760485 -0.853258 0.515914 
0.134237 -0.850752 0.508136 
0.191813 -0.845276 0.498715 
0.248383 -0.836875 0.487797 
0.302664 -0.826061 0.475413 
0.350776 -0.797155 0.491428 
0.405332 -0.76478 0.500816 
0.453007 -0.728481 0.513907 
0.499258 -0.689789 0.524339 
0.544229 -0.648256 0.532521 
0.585193 -0.604322 0.540688 
0.622969 -0.558556 0.547654 
0.658045 -0.511154 0.5529 
0.690617 -0.462227 0.556233 
0.720761 -0.411872 0.557552 
0.748518 -0.360185 0.556766 
0.773919 -0.307264 0.553749 
0.79702 -0.253217 0.548306 
0.817922 -0.198177 0.54012 
0.836703 -0.14231 0.528844 
0.854693 -0.0864916 0.511878 
0.838219 -0.0356506 0.544168 
0.894487 0.0571756 0.443423 
0.867996 0.0668767 0.492047 
0.882841 0.1166 0.454969 
0.866868 0.172405 0.467778 
0.848341 0.227168 0.478239 
0.827352 0.281113 0.486275 
0.8039 0.334163 0.492017 
0.777933 0.386168 0.495676 
0.749367 0.436955 0.497514 
0.718114 0.486359 0.497763 
0.684108 0.53423 0.496582 
0.647273 0.580436 0.494097 
0.607458 0.624833 0.490489 
0.559296 0.70518 0.435785 
0.510912 0.743485 0.431508 
0.457634 0.778674 0.42923 
0.407238 0.810616 0.420785 
0.365053 0.809945 0.459049 
0.341203 0.842608 0.416645 
0.279199 0.858502 0.430142 
0.218942 0.870122 0.441534 
0.159366 0.877811 0.451719 
0.100119 0.881908 0.460668 
0.0409779 0.88267 0.468204 
-0.018154 0.880246 0.474171 
-0.0772674 0.8747 0.478466 
-0.136288 0.866047 0.481028 
-0.195115 0.854291 0.481785 
-0.253684 0.839457 0.480579 
-0.312154 0.821149 0.47778 
-0.37064 0.798677 0.474069 
-0.427766 0.767731 0.47708 
-0.480318 0.749628 0.455359 
-0.527726 0.712024 0.46317 
-0.572954 0.670997 0.470623 
-0.615815 0.663885 0.424297 
-0.658282 0.619735 0.42731 
-0.697714 0.573798 0.428895 
-0.694883 0.535876 0.479557 
-0.730015 0.486945 0.479545 
-0.762256 0.436194 0.478226 
-0.791611 0.383741 0.475494 
-0.818116 0.329698 0.471154 
-0.807129 0.285761 0.516608 
-0.829524 0.229736 0.50903 
-0.849029 0.17252 0.499386 
-0.865153 0.114216 0.488329 
-0.878354 0.0577655 0.474507 
-0.864482 -0.0540633 0.499748 
-0.853773 -0.116147 0.507525 
-0.837932 -0.175817 0.51668 
-0.882303 -0.205219 0.423588 
-0.863313 -0.264694 0.429683 
-0.831476 -0.279568 0.480094 
-0.80782 -0.337138 0.483492 
-0.781032 -0.392394 0.485815 
-0.751314 -0.445402 0.486974 
-0.718788 -0.496283 0.486875 
-0.683513 -0.545079 0.485488 
-0.645558 -0.591753 0.482787 
-0.605041 -0.636204 0.478717 
-0.562259 -0.67826 0.473104 
-0.517974 -0.717655 0.465484 
-0.473475 -0.753622 0.455933 
-0.422583 -0.77973 0.462001 
-0.36669 -0.803588 0.468812 
-0.309702 -0.824201 0.474108 
-0.251349 -0.84208 0.477206 
-0.192552 -0.856403 0.479058 
-0.133518 -0.867474 0.479231 
-0.0743865 -0.875395 0.47765 
-0.015277 -0.880243 0.474277 
0.0437585 -0.88207 0.469082 
0.102762 -0.880849 0.46211 
0.161893 -0.876445 0.45347 
0.221522 -0.868597 0.443246 
0.28224 -0.857688 0.429781 
0.345646 -0.830904 0.436035 
0.398137 -0.799396 0.449947 
0.450729 -0.764697 0.460524 
0.498678 -0.726931 0.472114 
0.54448 -0.686877 0.481395 
0.588003 -0.644401 0.488875 
0.628022 -0.5998 0.49581 
0.664972 -0.553411 0.501546 
0.699193 -0.505392 0.505676 
0.730844 -0.45584 0.508012 
0.759997 -0.404836 0.508441 
0.78669 -0.352444 0.506855 
0.810959 -0.298702 0.503113 
0.832867 -0.243584 0.49699 
0.852537 -0.186901 0.488108 
0.870004 -0.127743 0.476209 
0.892951 -0.0652387 0.4454 
0.870837 -0.0365636 0.49021 
0.917493 0.0326303 0.396411 
0.910495 0.0984069 0.401641 
0.897193 0.158609 0.412175 
0.880115 0.215412 0.423079 
0.860315 0.270726 0.431932 
0.837938 0.324881 0.438534 
0.812986 0.377867 0.443024 
0.7854 0.429577 0.445657 
0.755102 0.479872 0.446704 
0.722019 0.528618 0.446376 
0.68608 0.575692 0.444829 
0.647169 0.620958 0.442248 
0.605067 0.664244 0.438946 
0.59994 0.700194 0.387041 
0.553213 0.739398 0.383727 
0.503625 0.775541 0.380655 
0.453949 0.808245 0.375061 
0.401502 0.837641 0.370343 
0.351392 0.86277 0.363527 
0.297243 0.877557 0.37622 
0.240776 0.890224 0.386689 
0.183054 0.899598 0.396504 
0.124745 0.905579 0.40542 
0.0661633 0.908166 0.413349 
0.00740335 0.907465 0.420063 
-0.0514764 0.903567 0.425342 
-0.110384 0.896511 0.42905 
-0.169207 0.886294 0.431106 
-0.227846 0.872903 0.431423 
-0.28627 0.856151 0.43018 
-0.34434 0.835685 0.427856 
-0.401426 0.8106 0.426363 
-0.454421 0.785555 0.420006 
-0.519721 0.74851 0.411854 
-0.570054 0.706541 0.419331 
-0.617482 0.693386 0.371392 
-0.659302 0.651957 0.374529 
-0.698969 0.608117 0.376346 
-0.736171 0.562029 0.377061 
-0.734205 0.525999 0.429265 
-0.767771 0.476354 0.428502 
-0.798424 0.424939 0.426551 
-0.826184 0.371854 0.423255 
-0.851061 0.317206 0.418421 
-0.841796 0.274121 0.465013 
-0.86262 0.216933 0.456975 
-0.880441 0.157758 0.447141 
-0.895445 0.0963825 0.434612 
-0.901118 0.0246084 0.432876 
-0.893713 -0.0369041 0.447118 
-0.883728 -0.0982738 0.457566 
-0.870075 -0.160214 0.466155 
-0.909226 -0.187893 0.37149 
-0.891888 -0.248391 0.37794 
-0.871826 -0.306883 0.381763 
-0.841504 -0.322517 0.433421 
-0.816667 -0.378592 0.435573 
-0.788767 -0.432545 0.43675 
-0.757939 -0.484361 0.436946 
-0.724277 -0.534082 0.436096 
-0.687837 -0.581721 0.434143 
-0.648644 -0.627278 0.431026 
-0.606693 -0.670769 0.426605 
-0.561913 -0.712349 0.420491 
-0.513977 -0.7526 0.411608 
-0.457245 -0.789245 0.409902 
-0.39906 -0.816405 0.417414 
-0.341212 -0.839581 0.422704 
-0.283217 -0.859056 0.426394 
-0.224704 -0.875244 0.428319 
-0.165942 -0.888025 0.428805 
-0.107094 -0.897576 0.427654 
-0.0483304 -0.903987 0.424819 
0.0101819 -0.907322 0.420313 
0.0682973 -0.907611 0.414219 
0.125865 -0.904843 0.406715 
0.18267 -0.899 0.398034 
0.238313 -0.890215 0.388232 
0.292391 -0.879373 0.375779 
0.343257 -0.856959 0.384442 
0.395401 -0.829054 0.395382 
0.445504 -0.797098 0.407627 
0.495614 -0.761092 0.418456 
0.542829 -0.722366 0.428397 
0.587671 -0.681363 0.436335 
0.629856 -0.63808 0.442872 
0.668823 -0.592785 0.448645 
0.704812 -0.54573 0.453232 
0.738045 -0.497061 0.456311 
0.768636 -0.446882 0.457707 
0.796634 -0.395284 0.457301 
0.822056 -0.34236 0.454988 
0.844899 -0.288202 0.45065 
0.865157 -0.232912 0.444133 
0.882795 -0.176669 0.435271 
0.896704 -0.119249 0.426265 
0.892245 0.000682625 0.451552 
0.937762 0.0102867 0.347126 
0.93312 0.0748249 0.351694 
0.923236 0.139176 0.358142 
0.90853 0.199315 0.367215 
0.890291 0.256499 0.376284 
0.869213 0.312012 0.383558 
0.845438 0.366146 0.388807 
0.818965 0.418906 0.392191 
0.78974 0.4702 0.393982 
0.757701 0.519915 0.394433 
0.722791 0.567933 0.393734 
0.684937 0.614123 0.392063 
0.644036 0.658311 0.389671 
0.63756 0.693018 0.336515 
0.591898 0.733617 0.33386 
0.54344 0.771496 0.330858 
0.493176 0.806454 0.326204 
0.440274 0.838559 0.3209 
0.386201 0.867356 0.313915 
0.326377 0.890597 0.316725 
0.268666 0.905411 0.32871 
0.210205 0.916965 0.339099 
0.151471 0.925062 0.348306 
0.0926392 0.929663 0.356574 
0.0337658 0.930827 0.363897 
-0.0251451 0.92867 0.370054 
-0.084058 0.923283 0.37481 
-0.14287 0.914698 0.378041 
-0.201453 0.90292 0.379674 
-0.259674 0.887897 0.379749 
-0.317278 0.869531 0.378484 
-0.373739 0.84768 0.376508 
-0.427907 0.82347 0.372548 
-0.480885 0.795002 0.369758 
-0.529897 0.768167 0.359345 
-0.57391 0.732167 0.366821 
-0.611221 0.725599 0.316093 
-0.654769 0.68489 0.319693 
-0.695801 0.642029 0.321961 
-0.734285 0.597024 0.323092 
-0.770119 0.549921 0.323271 
-0.770726 0.513831 0.376775 
-0.802522 0.463646 0.375487 
-0.831506 0.411588 0.373085 
-0.857652 0.357759 0.36938 
-0.880919 0.302223 0.364202 
-0.873008 0.261074 0.411944 
-0.891873 0.203517 0.403909 
-0.907558 0.144961 0.394114 
-0.919341 0.0854301 0.384075 
-0.919053 -0.0274182 0.393179 
-0.910486 -0.0852913 0.404649 
-0.898473 -0.144509 0.414563 
-0.932549 -0.169757 0.318646 
-0.916908 -0.231123 0.325364 
-0.898606 -0.290304 0.328984 
-0.877287 -0.347516 0.33106 
-0.848799 -0.363468 0.383967 
-0.822749 -0.418122 0.385043 
-0.793736 -0.470676 0.385288 
-0.761895 -0.521075 0.384703 
-0.727364 -0.569281 0.383225 
-0.690291 -0.615223 0.380787 
-0.650862 -0.658797 0.377311 
-0.609338 -0.699877 0.372665 
-0.566079 -0.738355 0.366588 
-0.521416 -0.774141 0.358931 
-0.474034 -0.804657 0.357518 
-0.42229 -0.829913 0.364576 
-0.368141 -0.853041 0.369857 
-0.312175 -0.873441 0.373694 
-0.254963 -0.890828 0.376057 
-0.196842 -0.905122 0.37684 
-0.138212 -0.916226 0.376069 
-0.0793479 -0.924175 0.373636 
-0.0204579 -0.92899 0.369538 
0.0383131 -0.930673 0.363841 
0.0968635 -0.929193 0.356676 
0.155099 -0.924496 0.348211 
0.212851 -0.916608 0.338415 
0.269852 -0.90577 0.326744 
0.329223 -0.885809 0.32704 
0.383708 -0.859217 0.338398 
0.436608 -0.828374 0.350956 
0.488151 -0.793096 0.36429 
0.537979 -0.755346 0.374208 
0.584655 -0.715468 0.382471 
0.628539 -0.673424 0.389151 
0.66953 -0.629235 0.394707 
0.707429 -0.583113 0.399403 
0.742398 -0.535244 0.402938 
0.774591 -0.485739 0.405052 
0.804092 -0.434668 0.405585 
0.830943 -0.382077 0.404414 
0.855156 -0.32797 0.401428 
0.876726 -0.272259 0.396518 
0.895669 -0.214639 0.389497 
0.911777 -0.154021 0.380711 
0.919083 -0.0864683 0.384459 
0.916026 -0.0276029 0.400169 
0.955942 -0.00523497 0.29351 
0.952491 0.0554083 0.299486 
0.944817 0.117609 0.30576 
0.932813 0.179676 0.312371 
0.916693 0.23911 0.320157 
0.897212 0.296169 0.327559 
0.874815 0.351533 0.333351 
0.849611 0.405386 0.337377 
0.821591 0.457716 0.339831 
0.790709 0.508446 0.340972 
0.756919 0.557474 0.341021 
0.72017 0.604689 0.340156 
0.680402 0.649945 0.338562 
0.672539 0.683162 0.284572 
0.627992 0.725086 0.282624 
0.580579 0.764481 0.280174 
0.530671 0.801155 0.276658 
0.477802 0.835187 0.272337 
0.422113 0.866593 0.266154 
0.360836 0.894222 0.264884 
0.29858 0.915284 0.27038 
0.238451 0.929513 0.281331 
0.178815 0.940016 0.290507 
0.119463 0.946817 0.298776 
0.0602737 0.950012 0.306341 
0.00118256 0.949724 0.313086 
-0.057849 0.946082 0.318721 
-0.116795 0.939172 0.322979 
-0.175541 0.929014 0.325758 
-0.233979 0.915587 0.327039 
-0.291955 0.898848 0.326855 
-0.349177 0.878731 0.325433 
-0.405113 0.855553 0.322355 
-0.459816 0.828713 0.319066 
-0.512304 0.80022 0.311756 
-0.565206 0.764318 0.310419 
-0.598758 0.757324 0.26067 
-0.644811 0.717215 0.264236 
-0.687824 0.675143 0.26661 
-0.728016 0.631011 0.267988 
-0.765438 0.584825 0.268484 
-0.800057 0.536627 0.268218 
-0.803216 0.500789 0.322574 
-0.833516 0.449701 0.320966 
-0.860982 0.396725 0.318307 
-0.88558 0.3419 0.314409 
-0.907231 0.285206 0.309175 
-0.901203 0.244979 0.357517 
-0.918393 0.186009 0.349221 
-0.932257 0.124696 0.33963 
-0.924405 0.0292648 0.380287 
-0.942313 -0.00512196 0.334695 
-0.935161 -0.0658583 0.348048 
-0.924456 -0.12611 0.35983 
-0.951961 -0.151936 0.265867 
-0.938284 -0.213662 0.271979 
-0.921754 -0.27311 0.275284 
-0.902107 -0.330764 0.277124 
-0.879338 -0.386644 0.277977 
-0.852921 -0.402821 0.332056 
-0.82555 -0.456173 0.332225 
-0.795267 -0.507473 0.331696 
-0.762193 -0.556661 0.33044 
-0.72645 -0.60369 0.328373 
-0.688156 -0.648504 0.325397 
-0.647425 -0.691051 0.321385 
-0.604339 -0.731315 0.316152 
-0.558767 -0.769375 0.309584 
-0.508701 -0.804971 0.305361 
-0.454556 -0.835659 0.308306 
-0.39981 -0.860923 0.314586 
-0.34386 -0.883106 0.319192 
-0.286779 -0.902189 0.322199 
-0.228793 -0.918116 0.323599 
-0.170153 -0.930861 0.323335 
-0.11113 -0.940398 0.321407 
-0.0519191 -0.946731 0.317814 
0.00736586 -0.949841 0.312645 
0.066683 -0.949681 0.306039 
0.126048 -0.946159 0.298153 
0.185501 -0.939181 0.289011 
0.24506 -0.928826 0.277898 
0.306262 -0.911353 0.275025 
0.366635 -0.886896 0.281059 
0.423093 -0.857024 0.294112 
0.478506 -0.821761 0.309419 
0.530188 -0.7852 0.319941 
0.578907 -0.746583 0.327843 
0.624487 -0.70578 0.334501 
0.667158 -0.662789 0.340016 
0.70688 -0.617716 0.344598 
0.743591 -0.570756 0.348297 
0.777396 -0.52205 0.350884 
0.808395 -0.47168 0.352159 
0.836644 -0.419682 0.351985 
0.862163 -0.366035 0.350276 
0.884935 -0.310596 0.347017 
0.904895 -0.252895 0.342357 
0.928015 -0.235704 0.2885 
0.921816 -0.191347 0.337108 
0.934043 -0.120528 0.336209 
0.937848 -0.0503561 0.343373 
0.970547 -0.0290207 0.239157 
0.969027 0.033249 0.244706 
0.963131 0.0953827 0.251555 
0.953207 0.157375 0.258128 
0.939317 0.21846 0.264496 
0.921721 0.277362 0.271111 
0.900893 0.334142 0.277023 
0.877104 0.389168 0.281489 
0.850415 0.442562 0.284486 
0.820812 0.494314 0.28622 
0.78826 0.544355 0.286921 
0.752721 0.592596 0.286779 
0.714155 0.638921 0.285943 
0.704885 0.670548 0.231308 
0.661603 0.713678 0.230097 
0.615405 0.754408 0.228354 
0.566443 0.792539 0.225885 
0.514445 0.828046 0.222907 
0.458924 0.860967 0.219371 
0.396964 0.891794 0.217077 
0.331642 0.917811 0.218258 
0.266831 0.937145 0.224858 
0.205719 0.950468 0.233001 
0.145752 0.959604 0.24066 
0.0862738 0.964911 0.247998 
0.0270446 0.966584 0.254918 
-0.0320476 0.964769 0.261141 
-0.0910581 0.95958 0.266298 
-0.14996 0.951084 0.270094 
-0.20862 0.939262 0.272516 
-0.266964 0.924067 0.273551 
-0.324863 0.905449 0.273177 
-0.381983 0.883483 0.271193 
-0.438169 0.857925 0.268276 
-0.492744 0.829471 0.263022 
-0.547166 0.795469 0.260459 
-0.580207 0.787121 0.209285 
-0.63011 0.747788 0.209225 
-0.675457 0.70655 0.211057 
-0.717585 0.663321 0.212312 
-0.756756 0.618057 0.212899 
-0.793033 0.570781 0.212855 
-0.826411 0.521535 0.212241 
-0.831831 0.486467 0.267221 
-0.860725 0.4344 0.265423 
-0.88671 0.380467 0.262662 
-0.90973 0.324697 0.258773 
-0.92966 0.267127 0.253724 
-0.925798 0.226523 0.30263 
-0.941024 0.165198 0.295267 
-0.95247 0.099522 0.287916 
-0.94201 0.0603192 0.330118 
-0.958415 0.0261486 0.284179 
-0.955563 -0.0430144 0.291633 
-0.946958 -0.10544 0.303568 
-0.967819 -0.134099 0.212943 
-0.95617 -0.195692 0.217814 
-0.941391 -0.255151 0.220639 
-0.92338 -0.312999 0.222261 
-0.902176 -0.369273 0.222971 
-0.877837 -0.423889 0.222981 
-0.853499 -0.440702 0.278068 
-0.824662 -0.492858 0.277533 
-0.792917 -0.543028 0.276413 
-0.758362 -0.591149 0.274647 
-0.721087 -0.637162 0.272135 
-0.681163 -0.681013 0.268773 
-0.638604 -0.722665 0.264463 
-0.59322 -0.762145 0.259278 
-0.54371 -0.799441 0.255484 
-0.489551 -0.833756 0.255324 
-0.433668 -0.863123 0.258748 
-0.377347 -0.887707 0.26379 
-0.320101 -0.908865 0.267395 
-0.262012 -0.926703 0.269391 
-0.203299 -0.941238 0.269703 
-0.144196 -0.952483 0.268296 
-0.0849073 -0.960438 0.265234 
-0.0255252 -0.965094 0.260656 
0.0339477 -0.966409 0.254757 
0.0935983 -0.96429 0.247758 
0.153659 -0.958572 0.239853 
0.214751 -0.948949 0.231035 
0.279625 -0.933381 0.224968 
0.343872 -0.910939 0.22791 
0.406174 -0.882114 0.238532 
0.466276 -0.846895 0.255648 
0.520283 -0.811748 0.265275 
0.570489 -0.774655 0.272859 
0.617698 -0.735205 0.279146 
0.661926 -0.693464 0.284538 
0.703239 -0.649552 0.289028 
0.741597 -0.603633 0.29268 
0.776976 -0.555888 0.295461 
0.809433 -0.506445 0.297207 
0.839021 -0.455389 0.297765 
0.865755 -0.402781 0.297046 
0.889598 -0.348651 0.295055 
0.910443 -0.292979 0.291989 
0.933311 -0.270534 0.236096 
0.949002 -0.212082 0.233272 
0.941809 -0.177394 0.28553 
0.951567 -0.121456 0.282434 
0.954677 -0.0649067 0.290479 
0.981748 0.0069638 0.190058 
0.977975 0.0705338 0.196442 
0.970035 0.133322 0.203119 
0.958178 0.195193 0.209272 
0.942568 0.255654 0.214956 
0.923492 0.314026 0.220341 
0.901266 0.37034 0.224874 
0.876033 0.424837 0.228209 
0.847824 0.477608 0.2304 
0.816629 0.528642 0.231635 
0.782423 0.577875 0.23211 
0.745179 0.625218 0.231971 
0.734456 0.655229 0.176776 
0.692626 0.699423 0.176284 
0.647907 0.741288 0.175236 
0.600497 0.780568 0.173545 
0.550547 0.817029 0.17135 
0.498393 0.850363 0.168783 
0.444608 0.880139 0.16637 
0.391835 0.905593 0.162376 
0.339287 0.926525 0.162592 
0.284623 0.943543 0.16946 
0.227182 0.957883 0.175636 
0.169004 0.968607 0.182314 
0.110487 0.975727 0.189077 
0.0518213 0.979269 0.195823 
-0.00691332 0.9793 0.202298 
-0.0656869 0.975891 0.208139 
-0.124488 0.969105 0.212926 
-0.183236 0.958964 0.21636 
-0.241723 0.945401 0.218603 
-0.299949 0.928342 0.219573 
-0.357791 0.907769 0.218955 
-0.415017 0.883558 0.216992 
-0.471114 0.855899 0.21328 
-0.52668 0.823552 0.210642 
-0.558959 0.813898 0.158542 
-0.610769 0.776125 0.156816 
-0.658933 0.735829 0.156087 
-0.70318 0.693549 0.156612 
-0.744204 0.649252 0.156948 
-0.782211 0.602936 0.156891 
-0.817257 0.554635 0.156433 
-0.849339 0.504392 0.1556 
-0.856864 0.470363 0.211053 
-0.884367 0.417297 0.209184 
-0.908888 0.362354 0.206452 
-0.930354 0.305553 0.202677 
-0.948606 0.246946 0.197899 
-0.946254 0.207777 0.247857 
-0.959124 0.147021 0.241799 
-0.968019 0.0867936 0.235386 
-0.972807 0.0299884 0.229669 
-0.971082 -0.0275385 0.237151 
-0.96534 -0.086695 0.246174 
-0.980188 -0.113963 0.162001 
-0.970851 -0.17571 0.163014 
-0.957797 -0.235212 0.16523 
-0.941392 -0.293291 0.166619 
-0.921724 -0.34995 0.167211 
-0.898867 -0.405093 0.167147 
-0.872888 -0.458603 0.166583 
-0.85043 -0.47675 0.222437 
-0.820027 -0.52776 0.221416 
-0.786704 -0.576835 0.219904 
-0.750537 -0.623899 0.217818 
-0.71158 -0.66888 0.215066 
-0.669833 -0.711721 0.211607 
-0.625123 -0.752408 0.207613 
-0.576652 -0.790952 0.204617 
-0.523973 -0.82695 0.203976 
-0.468298 -0.85942 0.205171 
-0.411346 -0.887352 0.208328 
-0.353883 -0.910914 0.212136 
-0.295687 -0.930872 0.214583 
-0.236914 -0.947358 0.215372 
-0.177828 -0.960421 0.214405 
-0.118667 -0.970095 0.21174 
-0.0595646 -0.976398 0.207602 
-0.000579123 -0.979334 0.202249 
0.0582348 -0.978884 0.195945 
0.116808 -0.975006 0.188993 
0.175007 -0.967663 0.181663 
0.232695 -0.956657 0.175099 
0.287762 -0.942768 0.168465 
0.340761 -0.924454 0.171076 
0.392394 -0.901341 0.183336 
0.452109 -0.86855 0.203022 
0.507744 -0.835325 0.210777 
0.559524 -0.799792 0.217407 
0.608134 -0.761773 0.223326 
0.653862 -0.721302 0.228448 
0.696693 -0.678543 0.232808 
0.736611 -0.633666 0.23637 
0.773574 -0.586847 0.239152 
0.80757 -0.538233 0.241113 
0.838632 -0.487924 0.24213 
0.866781 -0.435988 0.242086 
0.892003 -0.382463 0.240943 
0.914231 -0.327337 0.238816 
0.935653 -0.302103 0.182449 
0.952917 -0.24373 0.180404 
0.966715 -0.183494 0.178305 
0.961192 -0.152319 0.230019 
0.968364 -0.089705 0.23286 
0.990588 -0.0214506 0.135189 
0.988979 0.0430241 0.141664 
0.983186 0.107079 0.147914 
0.973355 0.169978 0.153909 
0.95971 0.231521 0.159232 
0.942483 0.291318 0.163891 
0.92195 0.348988 0.167977 
0.898291 0.404629 0.171315 
0.871584 0.45842 0.17376 
0.841851 0.510421 0.175378 
0.809091 0.560606 0.176332 
0.773293 0.608908 0.176773 
0.760935 0.637426 0.121103 
0.720602 0.682656 0.121298 
0.677313 0.725683 0.120962 
0.631221 0.766273 0.119941 
0.582524 0.804165 0.118258 
0.531504 0.839078 0.115984 
0.478495 0.870751 0.113289 
0.424191 0.898952 0.109305 
0.36758 0.923833 0.106857 
0.309506 0.944473 0.110348 
0.251968 0.960655 0.116854 
0.193932 0.973287 0.122894 
0.135655 0.982291 0.12924 
0.0771989 0.98773 0.135753 
0.0186386 0.989647 0.142307 
-0.0399899 0.988088 0.148605 
-0.0986679 0.98309 0.154269 
-0.157396 0.974678 0.158839 
-0.216063 0.962842 0.162027 
-0.274342 0.947485 0.164342 
-0.332442 0.928508 0.165393 
-0.390328 0.905796 0.164853 
-0.447535 0.879355 0.162625 
-0.504113 0.84861 0.160408 
-0.535563 0.837587 0.107798 
-0.588636 0.801528 0.105174 
-0.638509 0.762711 0.102851 
-0.684957 0.721479 0.101503 
-0.727895 0.678197 0.101083 
-0.767666 0.632888 0.100709 
-0.804402 0.585579 0.100171 
-0.83814 0.536313 0.0994468 
-0.868875 0.485124 0.0985463 
-0.87844 0.452235 0.154357 
-0.904535 0.398171 0.152564 
-0.92758 0.342189 0.15001 
-0.947484 0.28428 0.146488 
-0.964064 0.224562 0.14196 
-0.96339 0.18677 0.192347 
-0.974502 0.125673 0.185881 
-0.981808 0.0636888 0.178875 
-0.983866 -0.000972283 0.178902 
-0.980622 -0.0616213 0.185967 
-0.989783 -0.0846168 0.114761 
-0.982786 -0.14868 0.109665 
-0.971459 -0.210212 0.109899 
-0.956589 -0.269561 0.110787 
-0.938389 -0.327221 0.111144 
-0.916954 -0.38326 0.110937 
-0.892362 -0.437637 0.110285 
-0.864676 -0.490288 0.109331 
-0.84385 -0.510375 0.165633 
-0.811815 -0.560314 0.164328 
-0.776845 -0.608333 0.162612 
-0.738987 -0.654345 0.160408 
-0.698241 -0.698278 0.157695 
-0.65448 -0.740089 0.154676 
-0.607236 -0.779765 0.152416 
-0.556232 -0.817024 0.151914 
-0.502003 -0.851269 0.152754 
-0.445356 -0.881934 0.154434 
-0.387526 -0.908384 0.15704 
-0.329147 -0.930695 0.15959 
-0.270238 -0.949288 0.160697 
-0.211053 -0.964286 0.160026 
-0.151863 -0.975761 0.157571 
-0.0927823 -0.983764 0.153619 
-0.0338243 -0.988333 0.148505 
0.0249823 -0.989483 0.142473 
0.0836147 -0.9872 0.135809 
0.142055 -0.981446 0.128782 
0.200402 -0.972082 0.12205 
0.258418 -0.959135 0.115238 
0.317149 -0.941623 0.112971 
0.373405 -0.91996 0.119342 
0.436937 -0.88696 0.149623 
0.492851 -0.855957 0.15632 
0.545787 -0.82215 0.161819 
0.595753 -0.785589 0.167121 
0.642865 -0.746427 0.171964 
0.687165 -0.704827 0.176136 
0.728592 -0.660988 0.17958 
0.767092 -0.615094 0.182289 
0.802627 -0.567295 0.184302 
0.835195 -0.517694 0.185587 
0.864808 -0.466365 0.186039 
0.891462 -0.413343 0.185591 
0.915111 -0.358615 0.184302 
0.934698 -0.331664 0.127826 
0.953457 -0.273619 0.126699 
0.968825 -0.213497 0.125684 
0.980409 -0.150738 0.126791 
0.976371 -0.120212 0.179577 
0.981386 -0.0562537 0.183623 
0.995355 -0.0515812 0.0812862 
0.99611 0.0138196 0.0870224 
0.992537 0.078727 0.0931304 
0.984821 0.142769 0.0987118 
0.973162 0.205414 0.103731 
0.957816 0.266357 0.107899 
0.93906 0.325248 0.111269 
0.91707 0.382027 0.114183 
0.891954 0.436834 0.116592 
0.863766 0.489785 0.118403 
0.832528 0.540901 0.119676 
0.79825 0.59014 0.120545 
0.784185 0.617166 0.0645016 
0.745424 0.663385 0.065292 
0.703642 0.707508 0.0657324 
0.658893 0.749378 0.0655169 
0.611324 0.788747 0.0645073 
0.561172 0.825318 0.0627333 
0.508699 0.858829 0.0603201 
0.454258 0.889046 0.0569778 
0.397341 0.916066 0.0542528 
0.338101 0.939526 0.054577 
0.278995 0.958531 0.0581369 
0.220574 0.973298 0.0635458 
0.162075 0.984352 0.0691645 
0.10352 0.991777 0.0752407 
0.0449142 0.995651 0.0816173 
-0.0137154 0.996017 0.0881002 
-0.0723671 0.992907 0.0943363 
-0.131036 0.986327 0.0999472 
-0.189754 0.976266 0.10439 
-0.248351 0.962701 0.107368 
-0.306269 0.945562 0.110056 
-0.364248 0.924604 0.111495 
-0.422158 0.8997 0.111008 
-0.479607 0.870608 0.109633 
-0.510236 0.85815 0.0569045 
-0.56423 0.823868 0.0537119 
-0.615241 0.786729 0.0503597 
-0.663211 0.746916 0.0476187 
-0.707976 0.704751 0.0457821 
-0.74949 0.660505 0.0446976 
-0.787904 0.614237 0.0438128 
-0.823288 0.565995 0.0429612 
-0.855658 0.515825 0.0421323 
-0.885001 0.463751 0.0413327 
-0.896587 0.432022 0.0974091 
-0.921245 0.376987 0.0958624 
-0.942785 0.319973 0.0936632 
-0.961102 0.260951 0.0904887 
-0.975986 0.200056 0.0861904 
-0.977094 0.163347 0.136398 
-0.986359 0.100631 0.130267 
-0.991287 0.0353532 0.126888 
-0.991518 -0.0279467 0.126926 
-0.996464 -0.0525149 0.0655916 
-0.991389 -0.116478 0.0598395 
-0.981958 -0.180463 0.0564957 
-0.968723 -0.241807 0.0557238 
-0.952038 -0.300917 0.0554261 
-0.932051 -0.358152 0.0548542 
-0.90886 -0.413598 0.0539578 
-0.88254 -0.467257 0.0528579 
-0.853145 -0.519108 0.0516747 
-0.833947 -0.541143 0.108153 
-0.800223 -0.590129 0.106727 
-0.763545 -0.637163 0.104983 
-0.72392 -0.682166 0.102904 
-0.68127 -0.725077 0.10067 
-0.635336 -0.76586 0.0990284 
-0.585974 -0.804294 0.0987248 
-0.533496 -0.839907 0.099687 
-0.478259 -0.872353 0.101336 
-0.420798 -0.901277 0.103094 
-0.362181 -0.926182 0.104936 
-0.303069 -0.947044 0.106095 
-0.243724 -0.964081 0.105573 
-0.184472 -0.977409 0.103159 
-0.125396 -0.987133 0.0992153 
-0.0664321 -0.993335 0.0941921 
-0.00758746 -0.996064 0.0883158 
0.0511284 -0.995332 0.081857 
0.109712 -0.991122 0.0751086 
0.168234 -0.983357 0.0685963 
0.226624 -0.971981 0.062407 
0.285424 -0.956605 0.0586534 
0.343203 -0.937402 0.059074 
0.395781 -0.91706 0.0485687 
0.422236 -0.901297 0.096858 
0.477146 -0.873023 0.100812 
0.52986 -0.841454 0.105848 
0.580576 -0.806653 0.110649 
0.62887 -0.76893 0.115189 
0.674528 -0.728562 0.119202 
0.717409 -0.685795 0.122512 
0.757397 -0.640858 0.125103 
0.794429 -0.593917 0.127063 
0.828485 -0.545078 0.128464 
0.85956 -0.494418 0.129257 
0.887649 -0.441976 0.129369 
0.91272 -0.387747 0.128823 
0.930343 -0.359482 0.0723522 
0.95058 -0.301988 0.0721126 
0.967501 -0.242351 0.0721675 
0.980876 -0.180202 0.0735481 
0.990267 -0.1163 0.0764531 
0.987728 -0.0864576 0.130071 
-0.998743 0.0445774 0.0229306 
0.999332 -0.0163156 0.032715 
0.998057 0.0488918 0.0386126 
0.992543 0.113677 0.0440067 
0.982933 0.177411 0.0486516 
0.969493 0.23946 0.052373 
0.952556 0.299351 0.0550036 
0.932301 0.357131 0.057199 
0.908846 0.412904 0.0592292 
0.882271 0.466774 0.0609905 
0.85262 0.518792 0.0624089 
0.819919 0.568942 0.0635453 
0.804127 0.594414 0.00723292 
0.767011 0.641579 0.00842659 
0.726875 0.686704 0.00956612 
0.683678 0.729711 0.0103114 
0.63743 0.77044 0.0102427 
0.5883 0.80859 0.00923059 
0.536544 0.84384 0.0073872 
0.482444 0.875914 0.00472049 
0.425865 0.904784 0.00219592 
0.366994 0.930223 0.00124127 
0.307301 0.95161 0.00203253 
0.248006 0.968745 0.00501738 
0.189185 0.981894 0.00962729 
0.130412 0.991348 0.0149003 
0.07167 0.997212 0.020799 
0.0129546 0.999548 0.0271178 
-0.0457222 0.998389 0.0336057 
-0.104382 0.993738 0.0398571 
-0.163019 0.985572 0.0455203 
-0.221724 0.973834 0.0498659 
-0.280196 0.958506 0.0525074 
-0.337383 0.939692 0.0561384 
-0.395201 0.916752 0.0581579 
-0.453271 0.889469 0.0582197 
-0.483104 0.875544 0.00583354 
-0.537726 0.843117 0.0022369 
0.589508 -0.807761 0.0018574 
0.638548 -0.769562 0.00555871 
0.684698 -0.728776 0.00857496 
0.727815 -0.685689 0.0107656 
0.767844 -0.640518 0.0122963 
0.804834 -0.593346 0.0135111 
0.838809 -0.544233 0.0145085 
0.869767 -0.493227 0.0152705 
0.897691 -0.440342 0.0157917 
-0.911293 0.409763 0.0404772 
-0.934488 0.353812 0.0393583 
-0.9545 0.295821 0.0376813 
-0.971199 0.235692 0.0349493 
-0.984344 0.173474 0.0311983 
-0.987196 0.137346 0.0811161 
-0.994389 0.0725763 0.0769675 
-0.997261 0.00817442 0.0735105 
-0.999696 -0.0186683 0.0161166 
-0.99648 -0.083182 0.0104008 
-0.989023 -0.147648 0.00580603 
-0.977532 -0.210773 0.00249075 
-0.962437 -0.271505 0.000713023 
0.943957 0.330068 0.000615404 
0.922216 0.386671 0.00199764 
0.897309 0.44139 0.00343905 
0.8693 0.494262 0.00480415 
0.838229 0.545285 0.0060474 
-0.820716 -0.569107 0.0504184 
-0.785288 -0.617186 0.0490228 
-0.746875 -0.663269 0.0474519 
-0.705439 -0.707287 0.0458382 
-0.660857 -0.74918 0.0446965 
-0.613077 -0.788764 0.0445936 
-0.562307 -0.825671 0.045584 
-0.508861 -0.859537 0.0475036 
-0.45286 -0.890197 0.0496709 
-0.394655 -0.917401 0.0512058 
-0.335356 -0.940655 0.0520018 
-0.27581 -0.959835 0.0514282 
-0.21651 -0.975057 0.0488522 
-0.157502 -0.986506 0.0447086 
-0.0985874 -0.994339 0.0396352 
-0.0397545 -0.998638 0.0338037 
0.0189948 -0.999442 0.0274594 
0.0776557 -0.996761 0.0208872 
0.136271 -0.990565 0.0145453 
0.194817 -0.980801 0.00870742 
0.253515 -0.967321 0.0045257 
0.311763 -0.950156 0.00267338 
-0.367393 0.930061 0.00297405 
-0.425222 0.90507 0.00590037 
0.454181 -0.889749 0.045454 
0.509046 -0.859325 0.0493268 
0.561294 -0.825855 0.0539695 
0.611135 -0.789374 0.05833 
0.658364 -0.750124 0.062213 
0.702803 -0.708372 0.0654024 
0.74432 -0.664369 0.0678307 
0.782846 -0.618306 0.0696399 
0.818376 -0.570278 0.0710208 
0.850907 -0.520359 0.0719971 
0.880433 -0.468593 0.072518 
0.906928 -0.414984 0.072585 
0.922546 -0.385548 0.0161859 
0.944264 -0.328766 0.0167044 
0.962731 -0.269883 0.0176807 
0.97779 -0.208653 0.0197638 
0.98913 -0.145273 0.0227368 
-0.993639 0.109265 0.0272679 
0.996376 -0.0807402 0.0267639 
0.47617 0.667439 0.572527 

