-0.0143897 -0.00101761 0.999896 
-0.0461499 0.0567046 0.997324 
-0.0503577 -0.0599141 0.996932 
0.0529706 -0.000243877 0.998596 
0.0207537 0.0582183 0.998088 
0.0538585 0.117884 0.991566 
-0.012304 0.116641 0.993098 
-0.0820936 -0.00276706 0.996621 
-0.119553 -0.0591722 0.991063 
-0.0185489 -0.117407 0.992911 
0.0492817 -0.117023 0.991906 
0.0175093 -0.0591437 0.998096 
0.119978 0.000788957 0.992776 
0.0873635 0.0592128 0.994415 
0.12003 0.118601 0.98566 
0.0848743 0.177104 0.980526 
0.0188736 0.176382 0.984141 
-0.0470909 0.174655 0.983503 
-0.0783512 0.114546 0.990323 
-0.112978 0.0543808 0.992108 
-0.180791 0.0523148 0.982129 
-0.151081 -0.00274209 0.988518 
-0.0873013 -0.116303 0.98937 
-0.0549699 -0.173864 0.983234 
0.0131941 -0.174962 0.984487 
0.08069 -0.174559 0.981335 
0.116684 -0.116171 0.986351 
0.0850266 -0.0583735 0.994667 
0.186507 0.00180485 0.982452 
0.153788 0.0601307 0.986273 
0.186054 0.119257 0.975275 
0.150885 0.177388 0.972506 
0.114287 0.235398 0.965156 
0.0483774 0.235309 0.970716 
-0.0175855 0.234088 0.972056 
-0.0836848 0.231231 0.969293 
-0.11308 0.171489 0.978675 
-0.144202 0.111188 0.983282 
-0.21051 0.104639 0.971975 
-0.225271 0.0097898 0.974247 
-0.190679 -0.0518962 0.98028 
-0.156988 -0.111855 0.981246 
-0.123688 -0.170657 0.977536 
-0.0907032 -0.228925 0.969209 
-0.0228919 -0.231535 0.972557 
0.0445309 -0.232318 0.97162 
0.111488 -0.231544 0.966415 
0.147784 -0.173467 0.973688 
0.183585 -0.115059 0.976247 
0.152076 -0.0573319 0.986705 
0.252266 0.00278113 0.967654 
0.219742 0.0610241 0.973647 
0.251562 0.119987 0.960375 
0.216703 0.177746 0.95992 
0.180205 0.235183 0.9551 
0.142428 0.292471 0.945608 
0.076714 0.293147 0.952985 
0.0109108 0.292569 0.956182 
-0.0550756 0.290195 0.955381 
-0.121313 0.285405 0.950698 
-0.150066 0.225865 0.962531 
-0.179287 0.165557 0.969767 
-0.245265 0.152954 0.957314 
-0.261859 0.0718048 0.962431 
-0.288674 0.0116467 0.957357 
-0.255429 -0.0488641 0.965592 
-0.223322 -0.109121 0.968617 
-0.190929 -0.168153 0.967094 
-0.158064 -0.226219 0.961166 
-0.125124 -0.283928 0.950647 
-0.0583119 -0.286941 0.956172 
0.00855916 -0.28899 0.957294 
0.0751593 -0.289157 0.954327 
0.141449 -0.287711 0.947214 
0.178146 -0.230031 0.956739 
0.214415 -0.1722 0.961443 
0.249757 -0.113993 0.961575 
0.218483 -0.0562879 0.974216 
0.3169 0.00371132 0.948452 
0.284848 0.0619275 0.95657 
0.316128 0.120799 0.940994 
0.281907 0.178302 0.942728 
0.245886 0.235244 0.940319 
0.208212 0.291708 0.933571 
0.169406 0.348087 0.922029 
0.104015 0.349694 0.931072 
0.0385284 0.34991 0.935991 
-0.0271628 0.348186 0.937032 
-0.0930791 0.34407 0.934319 
-0.159061 0.33713 0.927924 
-0.187647 0.277369 0.942261 
-0.216551 0.216292 0.95201 
-0.280929 0.201931 0.938244 
-0.301778 0.130605 0.94439 
-0.325125 0.0699466 0.943081 
-0.351757 0.00991245 0.936039 
-0.318852 -0.048368 0.94657 
-0.287998 -0.107565 0.951571 
-0.256936 -0.166321 0.952009 
-0.224934 -0.224089 0.948256 
-0.192011 -0.280998 0.940304 
-0.158928 -0.337834 0.927691 
-0.0928385 -0.341649 0.935231 
-0.0268718 -0.344538 0.938388 
0.0390653 -0.345839 0.93748 
0.1048 -0.345142 0.932681 
0.17033 -0.342782 0.923844 
0.207574 -0.285612 0.935595 
0.244423 -0.22853 0.942354 
0.280277 -0.171091 0.944549 
0.314835 -0.113061 0.942389 
0.283929 -0.0553196 0.957248 
0.380051 0.00458364 0.924954 
0.348716 0.0628272 0.93512 
0.379344 0.121648 0.917224 
0.346034 0.179006 0.920987 
0.310828 0.235629 0.920796 
0.273735 0.291482 0.916574 
0.234997 0.346734 0.908049 
0.195245 0.402011 0.894576 
0.130302 0.404746 0.905098 
0.0652607 0.405901 0.911584 
-1.44486e-005 0.404971 0.91433 
-0.0655219 0.401622 0.913459 
-0.131111 0.39562 0.909008 
-0.196378 0.387094 0.900885 
-0.224514 0.327443 0.91781 
-0.253062 0.266008 0.930161 
-0.316224 0.251686 0.914689 
-0.34063 0.18619 0.921577 
-0.364378 0.125709 0.922728 
-0.388452 0.0662466 0.919084 
-0.413766 0.00714831 0.910355 
-0.381218 -0.0500051 0.923132 
-0.351302 -0.107899 0.930024 
-0.32149 -0.165735 0.932296 
-0.290719 -0.222913 0.93048 
-0.258673 -0.279128 0.924757 
-0.225402 -0.334486 0.915048 
-0.192178 -0.390182 0.900459 
-0.126884 -0.395069 0.909847 
-0.0617837 -0.399005 0.914865 
0.00329673 -0.401323 0.915931 
0.0683248 -0.401702 0.913218 
0.133174 -0.399958 0.906807 
0.197885 -0.396485 0.89646 
0.235847 -0.339962 0.910386 
0.273424 -0.283825 0.919066 
0.309899 -0.227356 0.923186 
0.344933 -0.170195 0.923068 
0.378436 -0.112264 0.918794 
0.348053 -0.0544423 0.935893 
0.44138 0.00538279 0.897304 
0.410983 0.0636978 0.909415 
0.440831 0.122502 0.889191 
0.408658 0.179789 0.894804 
0.374518 0.236225 0.896624 
0.338366 0.291715 0.894657 
0.300306 0.346253 0.888778 
0.260595 0.400053 0.878662 
0.219978 0.453998 0.863421 
0.15563 0.4581 0.875171 
0.0911585 0.46032 0.88306 
0.0263915 0.460293 0.887375 
-0.0386777 0.457773 0.888227 
-0.103935 0.452627 0.885622 
-0.169121 0.444967 0.879433 
-0.233852 0.435145 0.869461 
-0.260739 0.376345 0.889033 
-0.288631 0.315168 0.90408 
-0.350899 0.300362 0.886934 
-0.377695 0.237785 0.894877 
-0.403417 0.177771 0.897581 
-0.42776 0.118824 0.896048 
-0.451597 0.0612903 0.890114 
-0.474722 0.00524205 0.88012 
-0.442378 -0.051433 0.895352 
-0.413499 -0.108868 0.903972 
-0.384713 -0.166062 0.907975 
-0.355094 -0.222686 0.90792 
-0.324223 -0.278363 0.904098 
-0.291924 -0.332851 0.896655 
-0.258213 -0.386232 0.885523 
-0.225449 -0.440381 0.869044 
-0.160961 -0.446732 0.880069 
-0.0967109 -0.451919 0.886801 
-0.0324266 -0.45538 0.889706 
0.0318647 -0.45688 0.888958 
0.0960567 -0.456228 0.884663 
0.160041 -0.45331 0.876868 
0.223906 -0.448557 0.865253 
0.26274 -0.39284 0.881274 
0.301207 -0.337879 0.891691 
0.338421 -0.282587 0.897561 
0.374042 -0.226497 0.899329 
0.407956 -0.169488 0.897132 
0.440197 -0.111603 0.890939 
0.410505 -0.0536615 0.910278 
0.500561 0.00609286 0.86568 
0.471304 0.0645236 0.879607 
0.500226 0.123367 0.857061 
0.469374 0.180638 0.864325 
0.436486 0.236969 0.867943 
0.401507 0.29225 0.867976 
0.364502 0.3464 0.864376 
0.325601 0.399409 0.857004 
0.285035 0.451496 0.845522 
0.243675 0.503813 0.828731 
0.180166 0.509569 0.841356 
0.116471 0.512961 0.850473 
0.0523798 0.51392 0.856237 
-0.0121408 0.512275 0.858736 
-0.0770389 0.507935 0.857944 
-0.14222 0.500927 0.853725 
-0.207657 0.491405 0.845813 
-0.273588 0.479619 0.833736 
-0.297459 0.423616 0.85561 
-0.323475 0.363331 0.873702 
-0.384186 0.347395 0.855405 
-0.412828 0.285978 0.864748 
-0.44062 0.225386 0.868939 
-0.467024 0.164062 0.868892 
-0.493072 0.101714 0.864022 
-0.51993 0.0376685 0.853378 
-0.502538 -0.0467245 0.863291 
-0.474761 -0.106659 0.873628 
-0.446644 -0.164977 0.87937 
-0.417688 -0.222358 0.880962 
-0.387629 -0.278604 0.878706 
-0.356384 -0.333291 0.872873 
-0.324079 -0.385886 0.863751 
-0.291132 -0.435988 0.851561 
-0.262176 -0.486272 0.833549 
-0.196964 -0.495513 0.845974 
-0.132824 -0.502525 0.854299 
-0.0688607 -0.507405 0.858952 
-0.00498086 -0.510199 0.860042 
0.0587506 -0.510804 0.857687 
0.122232 -0.509081 0.851995 
0.185388 -0.504911 0.843028 
0.248376 -0.498738 0.830403 
0.288071 -0.444008 0.848453 
0.327562 -0.390513 0.860351 
0.365611 -0.33662 0.867765 
0.401911 -0.281794 0.871241 
0.436363 -0.225906 0.87095 
0.468955 -0.168977 0.866907 
0.499778 -0.11111 0.858997 
0.470954 -0.0529931 0.880565 
0.557271 0.00669766 0.830303 
0.529342 0.0653078 0.845891 
0.557162 0.124287 0.82105 
0.527771 0.181615 0.829743 
0.49626 0.237917 0.834938 
0.462585 0.293096 0.836726 
0.426826 0.34705 0.83509 
0.389096 0.399681 0.829975 
0.349526 0.450949 0.821266 
0.308289 0.501014 0.808667 
0.266395 0.551295 0.790638 
0.204229 0.55902 0.803609 
0.141721 0.563662 0.813757 
0.0786647 0.565688 0.820859 
0.0150466 0.565009 0.824947 
-0.0490603 0.561579 0.825967 
-0.113534 0.555388 0.823805 
-0.17826 0.54647 0.818287 
-0.243214 0.534862 0.809179 
-0.308568 0.520565 0.796115 
-0.340848 0.465815 0.816602 
-0.358436 0.410314 0.83855 
-0.41489 0.394963 0.819677 
-0.444408 0.335364 0.830682 
-0.473244 0.27658 0.836387 
-0.499996 0.216901 0.838426 
-0.525122 0.156413 0.83653 
-0.549237 0.0951448 0.830233 
-0.57419 0.0339288 0.818019 
-0.551799 -0.0259136 0.833575 
-0.533243 -0.0981735 0.840246 
-0.506434 -0.160296 0.847249 
-0.477745 -0.220102 0.850479 
-0.447421 -0.278899 0.849724 
-0.415142 -0.337036 0.845023 
-0.442309 -0.387353 0.808901 
-0.380508 -0.394851 0.836245 
-0.34345 -0.45289 0.822759 
-0.307695 -0.512586 0.80161 
-0.236524 -0.538306 0.808878 
-0.170546 -0.549397 0.817971 
-0.105944 -0.556482 0.824077 
-0.0419138 -0.560949 0.826789 
0.021709 -0.563043 0.826143 
0.0849091 -0.562739 0.822263 
0.14762 -0.559937 0.815278 
0.209798 -0.554477 0.80532 
0.271663 -0.546806 0.791961 
0.311781 -0.493248 0.812096 
0.352307 -0.441591 0.825152 
0.391216 -0.389363 0.833874 
0.428238 -0.336003 0.838877 
0.463314 -0.281415 0.840325 
0.496414 -0.225632 0.83825 
0.527553 -0.16874 0.832595 
0.556842 -0.110859 0.823187 
0.52908 -0.0524706 0.846948 
0.611185 0.00717538 0.791455 
0.584762 0.0660687 0.80851 
0.611277 0.125312 0.781433 
0.583426 0.182822 0.791322 
0.553336 0.239228 0.797866 
0.520977 0.294458 0.801172 
0.486467 0.348423 0.801219 
0.449948 0.400994 0.797967 
0.411561 0.45203 0.791382 
0.371461 0.501422 0.781404 
0.329781 0.549158 0.7679 
0.287792 0.596821 0.748986 
0.228819 0.606391 0.761533 
0.168343 0.612183 0.772589 
0.106644 0.615321 0.781029 
0.0439984 0.615733 0.786726 
-0.0193535 0.613368 0.78956 
-0.0831912 0.608209 0.789406 
-0.147304 0.600259 0.786124 
-0.211508 0.589524 0.779567 
-0.275639 0.576018 0.769563 
-0.339434 0.560134 0.755668 
-0.374588 0.504275 0.778069 
-0.410292 0.450381 0.79298 
-0.477958 0.440295 0.760063 
-0.469029 0.38894 0.79293 
-0.501616 0.330409 0.799507 
-0.530179 0.271525 0.803234 
-0.556204 0.212136 0.803514 
-0.580276 0.152424 0.800029 
-0.603186 0.0927524 0.792189 
-0.604567 -0.0266538 0.796108 
-0.584946 -0.0873209 0.806358 
-0.563057 -0.15206 0.812308 
-0.536344 -0.213213 0.816625 
-0.507195 -0.272484 0.817622 
-0.475911 -0.33049 0.815037 
-0.503394 -0.378978 0.776511 
-0.469122 -0.434077 0.769092 
-0.406436 -0.443167 0.799007 
-0.369947 -0.498426 0.784035 
-0.334443 -0.555467 0.761317 
-0.273223 -0.573092 0.772602 
-0.206863 -0.591154 0.77958 
-0.141477 -0.601783 0.786029 
-0.0770404 -0.608488 0.789815 
-0.0132406 -0.612339 0.790484 
0.0499828 -0.613604 0.78803 
0.112555 -0.612303 0.78257 
0.174323 -0.608374 0.774269 
0.235086 -0.601633 0.763395 
0.294794 -0.592772 0.749478 
0.333875 -0.540537 0.772235 
0.375193 -0.491209 0.786094 
0.414849 -0.440956 0.7959 
0.45257 -0.389269 0.802278 
0.488317 -0.336135 0.805332 
0.522048 -0.281632 0.805077 
0.553725 -0.225859 0.801484 
0.583356 -0.168929 0.794455 
0.611047 -0.110962 0.783779 
0.584563 -0.0521492 0.809671 
0.661995 0.00748805 0.749471 
0.637244 0.0668084 0.767761 
0.662286 0.12637 0.738517 
0.636008 0.184213 0.749373 
0.607307 0.240904 0.757062 
0.576158 0.296416 0.761695 
0.542696 0.350708 0.763207 
0.507061 0.403687 0.761528 
0.469346 0.455241 0.756618 
0.429571 0.505268 0.748447 
0.38759 0.553749 0.736978 
0.342242 0.600757 0.722469 
0.273985 0.645689 0.712754 
0.207704 0.655725 0.725868 
0.142898 0.661251 0.736429 
0.0785727 0.663468 0.744068 
0.0143782 0.662622 0.748816 
-0.0497796 0.658829 0.750644 
-0.113851 0.65218 0.749466 
-0.177698 0.642742 0.745189 
-0.241122 0.630582 0.737717 
-0.303852 0.615925 0.72685 
-0.365637 0.59966 0.711841 
-0.402427 0.544479 0.735931 
-0.439611 0.491357 0.751871 
-0.504161 0.481278 0.717073 
-0.542465 0.430142 0.721602 
-0.523858 0.383738 0.760473 
-0.556752 0.324994 0.764464 
-0.585022 0.266008 0.766152 
-0.610495 0.20702 0.764486 
-0.633808 0.148486 0.759104 
-0.626356 0.0332328 0.778828 
-0.656363 -0.0234736 0.75408 
-0.637133 -0.0833083 0.766239 
-0.616045 -0.143654 0.774501 
-0.592304 -0.204871 0.779233 
-0.565126 -0.264376 0.781497 
-0.535422 -0.322384 0.780635 
-0.562754 -0.369137 0.739625 
-0.530224 -0.424187 0.734117 
-0.495701 -0.477558 0.72541 
-0.433301 -0.487834 0.757805 
-0.396438 -0.540997 0.741727 
-0.360252 -0.596257 0.717423 
-0.299484 -0.613735 0.730505 
-0.237737 -0.630053 0.739266 
-0.173587 -0.643509 0.745496 
-0.109158 -0.652626 0.749776 
-0.044947 -0.658337 0.75138 
0.0190304 -0.661131 0.750029 
0.082819 -0.661112 0.745702 
0.146516 -0.658188 0.738459 
0.210371 -0.652038 0.728417 
0.27514 -0.641704 0.715901 
0.351157 -0.588342 0.728383 
0.394176 -0.541091 0.742863 
0.43499 -0.492657 0.753706 
0.47371 -0.442521 0.761429 
0.510387 -0.390743 0.766045 
0.544999 -0.337449 0.767531 
0.577495 -0.282763 0.765862 
0.607828 -0.226801 0.760991 
0.635995 -0.169674 0.752809 
0.662084 -0.111485 0.741091 
0.637087 -0.0520969 0.769029 
0.709465 0.00758754 0.7047 
0.686534 0.0674484 0.723963 
0.710065 0.127182 0.692555 
0.685423 0.185389 0.70415 
0.658151 0.242396 0.712798 
0.628224 0.298212 0.718613 
0.595798 0.352838 0.721477 
0.561033 0.406213 0.721272 
0.524008 0.458225 0.717945 
0.484703 0.508751 0.711502 
0.442871 0.55767 0.702047 
0.397438 0.604805 0.690112 
0.341841 0.647255 0.681326 
0.29398 0.68524 0.666349 
0.234635 0.695452 0.679185 
0.172882 0.703132 0.689723 
0.11018 0.707345 0.698229 
0.0469981 0.708358 0.704286 
-0.016422 0.706287 0.707735 
-0.0798751 0.701275 0.708402 
-0.143135 0.693446 0.706149 
-0.20595 0.682904 0.700875 
-0.268059 0.669795 0.692474 
-0.32923 0.654465 0.680649 
-0.389482 0.637479 0.664774 
-0.427071 0.583336 0.69089 
-0.465793 0.532048 0.70708 
-0.527742 0.521913 0.670146 
-0.565689 0.47171 0.676377 
-0.601199 0.418583 0.680697 
-0.580032 0.373592 0.723873 
-0.611527 0.314617 0.725983 
-0.639372 0.254456 0.725573 
-0.664899 0.19326 0.721498 
-0.655517 0.0909996 0.749677 
-0.676396 0.0357743 0.735669 
-0.688728 -0.0721105 0.721425 
-0.668488 -0.133437 0.731655 
-0.645953 -0.194109 0.738286 
-0.62091 -0.25409 0.741559 
-0.593039 -0.312424 0.742089 
-0.619431 -0.358078 0.698631 
-0.588696 -0.4134 0.694649 
-0.555833 -0.466882 0.687802 
-0.520967 -0.518559 0.678005 
-0.459492 -0.529548 0.713054 
-0.421493 -0.580645 0.696559 
-0.384907 -0.634488 0.670277 
-0.325053 -0.652271 0.68475 
-0.2643 -0.669078 0.694608 
-0.202303 -0.682997 0.701846 
-0.139164 -0.693733 0.706659 
-0.0756297 -0.701091 0.709049 
-0.0120887 -0.705358 0.708749 
0.0512651 -0.706676 0.705677 
0.114273 -0.705027 0.699913 
0.176722 -0.700282 0.691646 
0.238218 -0.692151 0.681307 
0.29802 -0.680141 0.669771 
0.342422 -0.636877 0.690749 
0.403618 -0.594045 0.695847 
0.448589 -0.54622 0.707398 
0.489691 -0.496858 0.716474 
0.528129 -0.44593 0.722652 
0.564197 -0.393507 0.725834 
0.597962 -0.339685 0.725986 
0.629411 -0.284561 0.723095 
0.658519 -0.228228 0.717123 
0.685288 -0.170772 0.707967 
0.70979 -0.112267 0.69541 
0.686386 -0.0523454 0.725351 
0.753476 0.00747219 0.657434 
0.732502 0.0678342 0.677376 
0.754545 0.127555 0.643733 
0.731622 0.186036 0.655835 
0.705872 0.243283 0.665251 
0.677254 0.299322 0.672111 
0.645945 0.354192 0.676242 
0.612126 0.407867 0.677456 
0.57588 0.460255 0.675668 
0.537153 0.511232 0.670902 
0.495634 0.560664 0.663327 
0.450237 0.608332 0.65362 
0.397437 0.653183 0.644512 
0.344796 0.695389 0.630515 
0.278213 0.729488 0.624856 
0.211664 0.739855 0.638602 
0.146494 0.747027 0.648452 
0.0821491 0.750387 0.655874 
0.0182311 0.75031 0.660834 
-0.04538 0.747076 0.663188 
-0.108635 0.740912 0.662758 
-0.17138 0.731984 0.659415 
-0.233404 0.720426 0.653076 
-0.294472 0.706438 0.643609 
-0.354373 0.690358 0.630735 
-0.412951 0.672623 0.614044 
-0.449325 0.62001 0.643192 
-0.489337 0.571304 0.658909 
-0.54833 0.562113 0.619163 
-0.58587 0.513246 0.627164 
-0.6217 0.461675 0.632729 
-0.654867 0.407195 0.636664 
-0.6343 0.36211 0.683037 
-0.663574 0.303549 0.68376 
-0.689862 0.243896 0.68162 
-0.713664 0.183853 0.67593 
-0.688818 0.130683 0.713058 
-0.713951 0.0670042 0.696982 
-0.707024 -0.00961027 0.707124 
-0.718116 -0.120613 0.685392 
-0.697161 -0.18194 0.693444 
-0.673761 -0.242101 0.698164 
-0.647871 -0.300963 0.699775 
-0.672354 -0.346635 0.654052 
-0.643293 -0.402624 0.651205 
-0.612047 -0.456632 0.645667 
-0.578763 -0.508574 0.637484 
-0.543579 -0.558382 0.626682 
-0.484212 -0.568652 0.664962 
-0.444963 -0.617248 0.648854 
-0.409672 -0.669546 0.619578 
-0.351151 -0.687891 0.635215 
-0.291397 -0.705176 0.646385 
-0.230275 -0.720117 0.654526 
-0.168074 -0.731999 0.660249 
-0.105091 -0.74077 0.663488 
-0.041666 -0.746427 0.664162 
0.0220173 -0.749027 0.662173 
0.0859225 -0.748505 0.657539 
0.150164 -0.744658 0.650334 
0.215075 -0.737076 0.640673 
0.281403 -0.724755 0.628922 
0.3516 -0.682873 0.640361 
0.401605 -0.641878 0.653228 
0.456041 -0.59757 0.659498 
0.500976 -0.549595 0.668557 
0.541764 -0.499807 0.675784 
0.579638 -0.448435 0.680387 
0.614944 -0.395603 0.68216 
0.64777 -0.341421 0.681047 
0.678116 -0.285982 0.677033 
0.705959 -0.229376 0.670081 
0.731294 -0.171679 0.660103 
0.754164 -0.112951 0.646899 
0.732319 -0.0528026 0.678912 
0.793979 0.00722549 0.607902 
0.775094 0.0679135 0.628186 
0.795686 0.127384 0.592163 
0.774563 0.185943 0.604547 
0.750453 0.243266 0.614526 
0.723291 0.299366 0.622278 
0.693255 0.354303 0.627588 
0.66056 0.408084 0.630181 
0.625317 0.460627 0.629922 
0.587497 0.51179 0.626832 
0.546855 0.561383 0.621127 
0.502669 0.609092 0.613459 
0.453545 0.654057 0.605397 
0.40323 0.695747 0.594425 
0.350345 0.733853 0.581994 
0.297525 0.762645 0.574327 
0.237209 0.773851 0.58727 
0.175267 0.782647 0.597282 
0.112493 0.788216 0.60503 
0.0494487 0.790201 0.61085 
-0.013688 0.788816 0.614477 
-0.0767839 0.78431 0.615598 
-0.139675 0.776884 0.613956 
-0.202173 0.766659 0.609393 
-0.264105 0.753735 0.601774 
-0.325368 0.738243 0.590874 
-0.38606 0.720299 0.576305 
-0.470477 0.653749 0.592675 
-0.510322 0.609256 0.606942 
-0.557484 0.609992 0.563135 
-0.59785 0.559651 0.573904 
-0.635833 0.507931 0.581138 
-0.670836 0.454149 0.586283 
-0.702586 0.398214 0.589745 
-0.685415 0.349934 0.638555 
-0.713066 0.290358 0.638145 
-0.738454 0.228669 0.634346 
-0.761927 0.16421 0.6265 
-0.735106 0.124324 0.666456 
-0.758488 0.0712837 0.647777 
-0.747703 0.0102714 0.663954 
-0.736426 -0.0578164 0.674043 
-0.744942 -0.168101 0.645604 
-0.723234 -0.229206 0.651457 
-0.699027 -0.28875 0.654206 
-0.72075 -0.335472 0.606612 
-0.692905 -0.392814 0.604632 
-0.662514 -0.448413 0.600001 
-0.629564 -0.502278 0.592762 
-0.59387 -0.554533 0.582934 
-0.554976 -0.605517 0.570395 
-0.506759 -0.606009 0.613146 
-0.467502 -0.650628 0.598436 
-0.383889 -0.717469 0.581264 
-0.32326 -0.736284 0.594466 
-0.261859 -0.752789 0.603936 
-0.199652 -0.766318 0.610651 
-0.136863 -0.776649 0.614886 
-0.073721 -0.78382 0.616597 
-0.0104448 -0.787851 0.615777 
0.0527959 -0.788713 0.612491 
0.115842 -0.786292 0.606898 
0.178429 -0.780476 0.599183 
0.239902 -0.771256 0.589585 
0.29889 -0.759216 0.578149 
0.348663 -0.724426 0.594677 
0.406147 -0.686695 0.602905 
0.456791 -0.644742 0.612902 
0.507166 -0.599578 0.619104 
0.551236 -0.551385 0.626189 
0.591344 -0.501303 0.63167 
0.628434 -0.449639 0.634741 
0.662819 -0.396549 0.635153 
0.694582 -0.342153 0.632841 
0.723721 -0.286546 0.627789 
0.750216 -0.229819 0.619967 
0.774045 -0.172048 0.609305 
0.795225 -0.113284 0.595637 
0.77487 -0.0532799 0.629871 
0.830941 0.00692888 0.556318 
0.814299 0.067701 0.576484 
0.833515 0.126423 0.537838 
0.814249 0.184784 0.550321 
0.791891 0.241984 0.560672 
0.766335 0.297988 0.569152 
0.737724 0.352856 0.575548 
0.706292 0.406634 0.579483 
0.672178 0.459265 0.580734 
0.635379 0.510615 0.57928 
0.5957 0.560492 0.575318 
0.552612 0.608608 0.5694 
0.505319 0.654441 0.562458 
0.455165 0.697728 0.553173 
0.401107 0.73864 0.541779 
0.342251 0.777153 0.528107 
0.274289 0.802055 0.530541 
0.209281 0.813649 0.542381 
0.145243 0.82168 0.551132 
0.0815592 0.825989 0.557755 
0.0180864 0.826591 0.562512 
-0.0452481 0.823798 0.565075 
-0.108399 0.817888 0.565075 
-0.171229 0.809038 0.562261 
-0.233558 0.797344 0.5565 
-0.295206 0.782879 0.547681 
-0.356059 0.765678 0.535685 
-0.416244 0.745292 0.520846 
-0.447038 0.699055 0.558103 
-0.513295 0.660087 0.548465 
-0.56987 0.645819 0.5081 
-0.610001 0.599183 0.518535 
-0.647974 0.55015 0.52675 
-0.683709 0.498753 0.532717 
-0.716567 0.445074 0.537068 
-0.746342 0.389422 0.539744 
-0.731328 0.340297 0.591065 
-0.757143 0.280753 0.589841 
-0.780401 0.219996 0.5853 
-0.801049 0.158583 0.57721 
-0.791095 0.0995126 0.603544 
-0.789625 0.0268459 0.613002 
-0.778115 -0.0386744 0.62693 
-0.76389 -0.105162 0.63672 
-0.788374 -0.15373 0.595679 
-0.768605 -0.215922 0.602182 
-0.746001 -0.27648 0.60584 
-0.765555 -0.322601 0.556646 
-0.739234 -0.380666 0.555542 
-0.710358 -0.43686 0.551856 
-0.678982 -0.49104 0.545768 
-0.645068 -0.543102 0.53752 
-0.60854 -0.592957 0.527334 
-0.569257 -0.640353 0.51565 
-0.511522 -0.656042 0.554937 
-0.444753 -0.695853 0.5639 
-0.415758 -0.74184 0.526135 
-0.355318 -0.76302 0.539954 
-0.294197 -0.781156 0.550675 
-0.232177 -0.796417 0.558403 
-0.169444 -0.808506 0.563566 
-0.106237 -0.817355 0.566255 
-0.0427309 -0.822979 0.566463 
0.0209755 -0.825328 0.564263 
0.0848927 -0.824261 0.55981 
0.149162 -0.819566 0.553228 
0.21409 -0.811057 0.544383 
0.280198 -0.798905 0.532202 
0.348001 -0.76666 0.539563 
0.402904 -0.729226 0.553079 
0.458084 -0.689069 0.561553 
0.508421 -0.645894 0.569499 
0.556315 -0.599879 0.575029 
0.599287 -0.551338 0.580415 
0.638501 -0.500971 0.584247 
0.67464 -0.449077 0.585825 
0.70796 -0.39582 0.584909 
0.73853 -0.341321 0.581441 
0.766348 -0.285682 0.57541 
0.791392 -0.229003 0.566795 
0.813628 -0.171371 0.555555 
0.833045 -0.112846 0.541573 
0.81406 -0.0536235 0.578301 
0.86436 0.00662203 0.502831 
0.850166 0.0670721 0.522225 
0.86841 0.122812 0.480397 
0.851056 0.180767 0.492977 
0.830546 0.237826 0.50362 
0.806738 0.293788 0.512701 
0.779705 0.348635 0.520109 
0.749674 0.402432 0.525392 
0.716832 0.455156 0.52819 
0.681226 0.506677 0.528403 
0.642752 0.556789 0.526171 
0.601108 0.605189 0.521934 
0.555939 0.651407 0.516334 
0.507923 0.694996 0.508916 
0.457258 0.735713 0.499641 
0.404792 0.772967 0.488533 
0.353477 0.806535 0.473873 
0.296773 0.827163 0.477208 
0.235371 0.841266 0.486696 
0.173342 0.851135 0.495501 
0.110788 0.857471 0.502464 
0.0479333 0.860097 0.507873 
-0.0150755 0.859108 0.511572 
-0.078146 0.854789 0.513058 
-0.141139 0.847361 0.511918 
-0.203874 0.836931 0.507919 
-0.266183 0.823528 0.500947 
-0.327985 0.807086 0.490956 
-0.38947 0.787145 0.478243 
-0.451379 0.761705 0.464825 
-0.476143 0.718447 0.507071 
-0.52844 0.689837 0.49485 
-0.612426 0.643631 0.458992 
-0.653501 0.594388 0.468656 
-0.691571 0.543242 0.476044 
-0.726675 0.490051 0.481449 
-0.758584 0.434758 0.48532 
-0.787389 0.377409 0.487424 
-0.773195 0.332206 0.540193 
-0.797249 0.273984 0.537892 
-0.818894 0.215711 0.531865 
-0.836898 0.157642 0.524166 
-0.829326 0.0998713 0.549767 
-0.825098 0.0395279 0.563606 
-0.817104 -0.0254478 0.575929 
-0.80445 -0.0895057 0.587238 
-0.827654 -0.13815 0.54397 
-0.810048 -0.201339 0.550713 
-0.789214 -0.262805 0.555045 
-0.806309 -0.308915 0.504418 
-0.781338 -0.368043 0.504039 
-0.753615 -0.425447 0.501059 
-0.723167 -0.481006 0.495643 
-0.689863 -0.534635 0.488113 
-0.653407 -0.586357 0.478795 
-0.613395 -0.63628 0.467861 
-0.570195 -0.684626 0.454053 
-0.528669 -0.684922 0.50139 
-0.476269 -0.713685 0.513635 
-0.389923 -0.783794 0.48335 
-0.328143 -0.804629 0.494868 
-0.26601 -0.821915 0.50368 
-0.203336 -0.835927 0.509784 
-0.140271 -0.846612 0.513392 
-0.0770153 -0.853978 0.514577 
-0.0137443 -0.858019 0.513434 
0.0493953 -0.858654 0.51017 
0.11225 -0.855766 0.505038 
0.174557 -0.849338 0.498151 
0.235734 -0.839728 0.489169 
0.294955 -0.827515 0.477724 
0.348883 -0.800253 0.487725 
0.404573 -0.766351 0.499026 
0.457524 -0.728876 0.509325 
0.509429 -0.688059 0.516775 
0.558058 -0.644209 0.523035 
0.603754 -0.597601 0.527593 
0.645388 -0.548687 0.531429 
0.683511 -0.498007 0.533668 
0.718552 -0.445845 0.533765 
0.750686 -0.39237 0.531522 
0.779957 -0.337711 0.526895 
0.806359 -0.281993 0.51987 
0.829861 -0.225355 0.510438 
0.850411 -0.167945 0.498594 
0.867975 -0.109939 0.484285 
0.849956 -0.053565 0.524124 
0.894494 0.00595727 0.44704 
0.883064 0.0644178 0.464809 
0.90173 0.106554 0.418961 
0.886078 0.167325 0.432281 
0.867271 0.226292 0.443433 
0.845149 0.28365 0.453063 
0.819675 0.339486 0.461392 
0.791025 0.393993 0.468026 
0.759433 0.4473 0.472424 
0.725001 0.499372 0.474343 
0.687689 0.550058 0.473835 
0.647322 0.599114 0.471208 
0.603683 0.646175 0.466932 
0.556989 0.690869 0.460936 
0.507346 0.733006 0.453103 
0.454861 0.772474 0.443153 
0.399818 0.809561 0.429833 
0.335845 0.842489 0.421214 
0.269736 0.862172 0.428837 
0.20538 0.875565 0.437269 
0.14192 0.884366 0.444697 
0.0787025 0.889221 0.450657 
0.0155497 0.890222 0.455262 
-0.0475936 0.88762 0.45811 
-0.110706 0.881709 0.458622 
-0.173672 0.872651 0.456418 
-0.236342 0.86048 0.45135 
-0.298624 0.845099 0.443432 
-0.360637 0.826081 0.433048 
-0.422923 0.802116 0.4216 
-0.485382 0.772889 0.408714 
-0.512351 0.732596 0.448107 
-0.568513 0.691144 0.446221 
-0.609634 0.684282 0.40013 
-0.654802 0.635046 0.409818 
-0.69549 0.584747 0.41757 
-0.732559 0.532812 0.423638 
-0.766247 0.479057 0.428217 
-0.79655 0.423513 0.431445 
-0.823625 0.366367 0.432917 
-0.813405 0.318013 0.487074 
-0.837084 0.256472 0.483231 
-0.858882 0.191817 0.474898 
-0.865136 0.117406 0.487602 
-0.859743 0.0549281 0.507765 
-0.852591 -0.00928105 0.522496 
-0.842037 -0.0741441 0.5343 
-0.863221 -0.12246 0.489748 
-0.847403 -0.185869 0.497354 
-0.828406 -0.248167 0.502153 
-0.843393 -0.293235 0.450224 
-0.819939 -0.353122 0.450561 
-0.793584 -0.411343 0.448355 
-0.764384 -0.467786 0.443726 
-0.732208 -0.522358 0.437052 
-0.696646 -0.575063 0.428937 
-0.657054 -0.626118 0.419828 
-0.612593 -0.676154 0.409324 
-0.555451 -0.726249 0.405014 
-0.513763 -0.727484 0.454769 
-0.452299 -0.757136 0.471349 
-0.424488 -0.798004 0.427784 
-0.361973 -0.822955 0.437859 
-0.299679 -0.842817 0.447047 
-0.237068 -0.858923 0.453927 
-0.174066 -0.871571 0.458329 
-0.110809 -0.880804 0.460331 
-0.0474352 -0.886633 0.460034 
0.0159778 -0.888999 0.457631 
0.0794239 -0.887762 0.453399 
0.142975 -0.882773 0.447515 
0.206813 -0.874036 0.439647 
0.271513 -0.861696 0.428673 
0.338691 -0.836758 0.430262 
0.398311 -0.803022 0.443288 
0.454612 -0.766494 0.453668 
0.507472 -0.727166 0.462279 
0.557861 -0.684958 0.468641 
0.605072 -0.64001 0.473576 
0.649081 -0.592543 0.47706 
0.689439 -0.542967 0.479438 
0.726443 -0.491679 0.480137 
0.760358 -0.4389 0.478773 
0.791296 -0.38475 0.475203 
0.819292 -0.329312 0.469377 
0.844339 -0.272651 0.461252 
0.866401 -0.214788 0.450794 
0.885413 -0.155634 0.437974 
0.901353 -0.0948412 0.422573 
0.882907 -0.0517963 0.466683 
0.935253 0.0055414 0.353936 
0.914814 0.0430415 0.401576 
0.916428 0.149929 0.371053 
0.899832 0.210862 0.381889 
0.879769 0.269682 0.391507 
0.856233 0.326672 0.400187 
0.829305 0.382027 0.40781 
0.799232 0.436006 0.413675 
0.766202 0.488691 0.417272 
0.73025 0.539992 0.418502 
0.691309 0.589713 0.417528 
0.649295 0.637541 0.414678 
0.604335 0.683091 0.410081 
0.556658 0.726039 0.403733 
0.506613 0.766089 0.39554 
0.454819 0.803012 0.385113 
0.401176 0.836369 0.373557 
0.347999 0.864117 0.363591 
0.29043 0.881911 0.371327 
0.230347 0.896483 0.378494 
0.169057 0.907138 0.385383 
0.107193 0.913937 0.391445 
0.0449302 0.916919 0.396536 
-0.0176053 0.916166 0.400413 
-0.0803294 0.911916 0.402438 
-0.143117 0.904381 0.402011 
-0.205778 0.893634 0.398841 
-0.268126 0.879611 0.392927 
-0.330087 0.862026 0.384648 
-0.391703 0.840181 0.375053 
-0.452378 0.813961 0.364446 
-0.552531 0.732982 0.396796 
-0.56375 0.75307 0.339222 
-0.609947 0.713593 0.3446 
-0.655836 0.668376 0.350931 
-0.697721 0.620531 0.357947 
-0.736223 0.570501 0.364011 
-0.77146 0.518353 0.368998 
-0.80345 0.464115 0.372915 
-0.832218 0.407848 0.375597 
-0.857956 0.349607 0.376412 
-0.847731 0.307948 0.43188 
-0.869011 0.248708 0.427743 
-0.887883 0.190032 0.418989 
-0.891962 0.131073 0.432693 
-0.890993 0.0677928 0.448928 
-0.884742 0.00544805 0.466048 
-0.87575 -0.0582885 0.479233 
-0.895061 -0.10491 0.433427 
-0.88103 -0.168935 0.441868 
-0.863796 -0.231772 0.447368 
-0.876675 -0.275881 0.394119 
-0.854908 -0.336212 0.395088 
-0.830134 -0.394898 0.393615 
-0.802471 -0.451803 0.389761 
-0.771897 -0.506782 0.383858 
-0.738127 -0.55972 0.376672 
-0.700725 -0.610577 0.369026 
-0.65949 -0.659298 0.361108 
-0.613925 -0.705461 0.354148 
-0.568138 -0.745783 0.347889 
-0.486846 -0.768027 0.416072 
-0.455766 -0.808914 0.371397 
-0.394661 -0.836194 0.380819 
-0.332624 -0.859022 0.389155 
-0.270284 -0.877428 0.396315 
-0.207601 -0.892092 0.401339 
-0.14468 -0.903233 0.404026 
-0.0817161 -0.910904 0.404447 
-0.0188808 -0.915093 0.402801 
0.0436814 -0.915736 0.3994 
0.105807 -0.91276 0.394555 
0.167256 -0.906206 0.388351 
0.227682 -0.896354 0.380409 
0.286901 -0.883053 0.371356 
0.343192 -0.861713 0.373724 
0.397581 -0.832271 0.386335 
0.451956 -0.798899 0.396859 
0.505026 -0.761895 0.405543 
0.555877 -0.721681 0.412526 
0.604319 -0.678474 0.417698 
0.649831 -0.632561 0.421411 
0.692179 -0.584256 0.423713 
0.731134 -0.533961 0.424651 
0.766829 -0.481988 0.423864 
0.799399 -0.428502 0.421125 
0.828905 -0.373598 0.416342 
0.855355 -0.317343 0.409464 
0.878717 -0.259762 0.400474 
0.898903 -0.200783 0.389434 
0.915738 -0.140047 0.376577 
0.915012 -0.0314695 0.402197 
0.949485 -0.0551118 0.308935 
0.92919 0.0853404 0.359616 
0.941435 0.130964 0.310724 
0.927656 0.193009 0.319691 
0.909959 0.25283 0.328711 
0.888657 0.310821 0.337164 
0.863796 0.367045 0.345158 
0.835547 0.421705 0.352173 
0.804154 0.475023 0.357335 
0.769726 0.526988 0.360285 
0.732252 0.577464 0.361031 
0.691695 0.626221 0.359728 
0.64811 0.672938 0.356523 
0.601626 0.717292 0.351479 
0.55242 0.759022 0.344554 
0.500689 0.797969 0.335493 
0.446163 0.834048 0.324505 
0.388732 0.866974 0.31184 
0.325926 0.893369 0.309296 
0.263713 0.911041 0.316955 
0.201242 0.924452 0.323867 
0.138755 0.933723 0.330013 
0.0762321 0.93896 0.335473 
0.0136259 0.940283 0.340122 
-0.0490751 0.937873 0.343489 
-0.111855 0.931985 0.344809 
-0.174591 0.92277 0.343532 
-0.237094 0.910222 0.339532 
-0.299219 0.894152 0.333106 
-0.360908 0.874126 0.325037 
-0.421871 0.849889 0.315773 
-0.481819 0.821249 0.305615 
-0.511199 0.783151 0.354049 
-0.539839 0.789481 0.29205 
-0.598878 0.748682 0.28429 
-0.648743 0.702975 0.291476 
-0.694257 0.655614 0.296948 
-0.735186 0.60656 0.302633 
-0.772323 0.555747 0.307672 
-0.805946 0.503131 0.311946 
-0.836167 0.448747 0.315359 
-0.863093 0.392732 0.317541 
-0.886873 0.335293 0.317858 
-0.880927 0.289281 0.374545 
-0.901616 0.226414 0.368543 
-0.915578 0.155702 0.370776 
-0.917203 0.0895714 0.38822 
-0.913635 0.0239892 0.405828 
-0.906048 -0.0402766 0.421255 
-0.922881 -0.0869375 0.375143 
-0.910673 -0.150977 0.384552 
-0.895297 -0.214074 0.39066 
-0.906039 -0.256993 0.336227 
-0.885973 -0.317766 0.337754 
-0.8628 -0.376923 0.336905 
-0.836632 -0.434361 0.333732 
-0.807498 -0.489974 0.328439 
-0.775168 -0.543673 0.321768 
-0.739131 -0.595458 0.314825 
-0.698925 -0.645434 0.30809 
-0.653842 -0.693752 0.301991 
-0.604227 -0.740513 0.294193 
-0.544531 -0.782716 0.301401 
-0.515313 -0.77648 0.362672 
-0.486466 -0.81534 0.313961 
-0.426106 -0.845193 0.322618 
-0.364744 -0.870436 0.33061 
-0.302642 -0.89137 0.337442 
-0.240144 -0.908197 0.342796 
-0.177334 -0.921313 0.346028 
-0.114357 -0.930864 0.347007 
-0.0513556 -0.936867 0.345895 
0.0115819 -0.939265 0.342997 
0.0744002 -0.937969 0.338642 
0.13705 -0.932908 0.333015 
0.199498 -0.924133 0.325852 
0.261903 -0.911491 0.31716 
0.325135 -0.891536 0.315357 
0.386812 -0.863002 0.324968 
0.443678 -0.830339 0.337174 
0.498375 -0.794578 0.346796 
0.550742 -0.755711 0.354379 
0.600531 -0.713897 0.360157 
0.64759 -0.669315 0.364204 
0.691623 -0.622235 0.366716 
0.73244 -0.572978 0.367733 
0.76993 -0.521868 0.367236 
0.804155 -0.469115 0.365055 
0.835185 -0.414838 0.361074 
0.863046 -0.359123 0.355221 
0.887718 -0.302026 0.347473 
0.90912 -0.243545 0.337915 
0.927075 -0.183513 0.326887 
0.9411 -0.121245 0.315643 
0.92872 -0.0759476 0.362921 
0.955008 0.00518271 0.296535 
0.949983 0.065831 0.305283 
0.962266 0.104303 0.251325 
0.951492 0.168855 0.257197 
0.93626 0.230689 0.264951 
0.917212 0.290305 0.272846 
0.894535 0.347949 0.280603 
0.868302 0.403727 0.288196 
0.83871 0.457925 0.294739 
0.805946 0.510725 0.299352 
0.77005 0.562047 0.30187 
0.731006 0.61175 0.302311 
0.688839 0.659601 0.300712 
0.643633 0.705292 0.297153 
0.595496 0.748527 0.291705 
0.544482 0.789103 0.284353 
0.490262 0.826954 0.275302 
0.431939 0.862122 0.264903 
0.366363 0.894475 0.256304 
0.298986 0.919066 0.25676 
0.234163 0.936028 0.262715 
0.170569 0.948174 0.26809 
0.107549 0.95592 0.273223 
0.0447953 0.959521 0.278052 
-0.0178481 0.959181 0.282229 
-0.0804674 0.955136 0.285028 
-0.143069 0.947613 0.285588 
-0.205498 0.936703 0.283474 
-0.267519 0.922331 0.278818 
-0.328878 0.904288 0.272218 
-0.389145 0.882474 0.264209 
-0.447718 0.85701 0.255113 
-0.503678 0.828661 0.244192 
-0.557152 0.797119 0.232773 
-0.606149 0.763219 0.223785 
-0.650785 0.72341 0.230557 
-0.693784 0.680624 0.235402 
-0.734348 0.634854 0.240195 
-0.771993 0.586552 0.244918 
-0.806618 0.53596 0.249229 
-0.838135 0.483226 0.253028 
-0.866518 0.428466 0.256055 
-0.891821 0.371788 0.257738 
-0.914131 0.313277 0.257337 
-0.907651 0.276729 0.315581 
-0.925077 0.216851 0.311784 
-0.936869 0.157566 0.31217 
-0.939878 0.0983075 0.327054 
-0.937779 0.0389106 0.345047 
-0.932366 -0.0229511 0.360787 
-0.946856 -0.0657399 0.314869 
-0.936409 -0.130981 0.32555 
-0.922872 -0.194708 0.332258 
-0.9312 -0.237149 0.276817 
-0.912921 -0.298133 0.278735 
-0.891482 -0.357447 0.278375 
-0.867025 -0.414972 0.2758 
-0.839667 -0.470584 0.271128 
-0.809369 -0.52416 0.264912 
-0.775853 -0.575597 0.258342 
-0.738951 -0.624757 0.252252 
-0.698823 -0.671378 0.246775 
-0.656142 -0.714982 0.241409 
-0.611779 -0.755551 0.23424 
-0.562831 -0.7901 0.242825 
-0.509139 -0.822574 0.253277 
-0.452972 -0.851838 0.263037 
-0.394039 -0.878283 0.270838 
-0.333381 -0.900996 0.277602 
-0.271642 -0.91985 0.282997 
-0.209308 -0.934894 0.286642 
-0.146641 -0.946293 0.288143 
-0.0838164 -0.954088 0.287561 
-0.0209013 -0.958233 0.285224 
0.0421085 -0.958637 0.281498 
0.105273 -0.955174 0.276696 
0.168786 -0.947696 0.270895 
0.233311 -0.935837 0.26415 
0.300468 -0.917537 0.26047 
0.368107 -0.890532 0.267302 
0.430727 -0.858893 0.277087 
0.487935 -0.824353 0.286987 
0.542091 -0.786827 0.295026 
0.593506 -0.746323 0.301253 
0.642122 -0.702994 0.305744 
0.687804 -0.657064 0.308534 
0.730346 -0.608831 0.309709 
0.769604 -0.558592 0.309329 
0.805524 -0.506564 0.307447 
0.838143 -0.452867 0.304018 
0.867497 -0.397593 0.298945 
0.893582 -0.340796 0.292179 
0.91634 -0.282479 0.283773 
0.935626 -0.222514 0.274028 
0.951091 -0.160427 0.263988 
0.978683 -0.0668834 0.194181 
0.961876 -0.0953738 0.256318 
0.981706 0.00327073 0.190376 
0.96905 0.0392502 0.243726 
0.970512 0.139665 0.196469 
0.957963 0.203939 0.201783 
0.941301 0.265591 0.208361 
0.920896 0.324944 0.215319 
0.89687 0.382201 0.222593 
0.869324 0.437531 0.229877 
0.838436 0.491259 0.235987 
0.804325 0.543492 0.240163 
0.767002 0.594095 0.242405 
0.726479 0.642937 0.242613 
0.682847 0.689768 0.240708 
0.636278 0.734226 0.236773 
0.586993 0.77595 0.230956 
0.53519 0.81462 0.223532 
0.481184 0.849861 0.214936 
0.425699 0.881113 0.205962 
0.371328 0.907542 0.196171 
0.314925 0.928476 0.196861 
0.256027 0.945487 0.201258 
0.195824 0.958827 0.20568 
0.134829 0.968336 0.210112 
0.0733952 0.973933 0.214634 
0.0117054 0.975642 0.219057 
-0.0501701 0.973564 0.222838 
-0.112223 0.967856 0.22508 
-0.174401 0.958648 0.224897 
-0.236474 0.94593 0.222027 
-0.29811 0.929576 0.21684 
-0.358899 0.909483 0.209838 
-0.418361 0.885683 0.201347 
-0.475914 0.8585 0.191006 
-0.531496 0.827831 0.179468 
-0.585164 0.79325 0.16834 
-0.637005 0.752775 0.165994 
-0.682966 0.710071 0.171338 
-0.72582 0.665014 0.175902 
-0.765508 0.617604 0.180452 
-0.802026 0.567952 0.184889 
-0.835387 0.516134 0.189037 
-0.865563 0.462205 0.19279 
-0.892573 0.406193 0.195756 
-0.916479 0.348076 0.197253 
-0.937229 0.287589 0.197215 
-0.933321 0.252623 0.255133 
-0.948609 0.188919 0.253872 
-0.957552 0.122775 0.260809 
-0.959337 0.0603001 0.275748 
-0.955288 0.000878175 0.295675 
-0.965861 -0.0438691 0.25532 
-0.957708 -0.110468 0.265693 
-0.946166 -0.174606 0.27255 
-0.951844 -0.217518 0.216054 
-0.935273 -0.278615 0.21826 
-0.915418 -0.33822 0.218214 
-0.892424 -0.396133 0.216006 
-0.866427 -0.452198 0.21171 
-0.837467 -0.506298 0.205699 
-0.805334 -0.558385 0.199104 
-0.769766 -0.608431 0.19306 
-0.730744 -0.656333 0.187724 
-0.688412 -0.701942 0.182665 
-0.642852 -0.745272 0.176949 
-0.591054 -0.786472 0.17921 
-0.537235 -0.821816 0.189729 
-0.481384 -0.853365 0.200093 
-0.423573 -0.881385 0.209154 
-0.363844 -0.90599 0.216332 
-0.302818 -0.926825 0.222029 
-0.241025 -0.943844 0.225974 
-0.178918 -0.957109 0.227885 
-0.116778 -0.966702 0.227708 
-0.0547403 -0.972632 0.225809 
0.00710414 -0.974885 0.222597 
0.0686285 -0.973438 0.218422 
0.129671 -0.968281 0.213583 
0.190067 -0.959412 0.208332 
0.249615 -0.946748 0.203374 
0.307287 -0.930408 0.199792 
0.362928 -0.908262 0.208189 
0.419718 -0.881162 0.217695 
0.476449 -0.84954 0.226445 
0.53112 -0.814162 0.234632 
0.583566 -0.775397 0.241268 
0.633508 -0.733522 0.246199 
0.680671 -0.688841 0.24937 
0.724811 -0.64169 0.250765 
0.765718 -0.592398 0.250481 
0.803279 -0.541182 0.248729 
0.837474 -0.488151 0.245653 
0.868328 -0.433401 0.241184 
0.895843 -0.376985 0.235259 
0.91998 -0.318904 0.227896 
0.940629 -0.259059 0.219331 
0.957534 -0.197106 0.210421 
0.970189 -0.132508 0.202914 
0.968865 -0.0309277 0.245649 
0.996696 0.00162913 0.081207 
0.978863 0.0736936 0.190777 
0.984816 0.107397 0.136395 
0.974761 0.173482 0.14052 
0.960561 0.237338 0.144891 
0.942473 0.298566 0.150345 
0.920707 0.35746 0.156589 
0.89537 0.414203 0.163551 
0.866565 0.469013 0.170565 
0.834408 0.522199 0.176269 
0.798958 0.573781 0.180116 
0.760215 0.623601 0.182194 
0.718192 0.671572 0.182184 
0.673014 0.71742 0.179889 
0.624905 0.760736 0.17543 
0.574104 0.801135 0.169077 
0.520875 0.838284 0.161146 
0.465538 0.871874 0.152022 
0.408678 0.90165 0.141458 
0.348354 0.927466 0.135856 
0.287558 0.947833 0.137564 
0.226856 0.963601 0.141456 
0.165835 0.97536 0.145503 
0.104506 0.98319 0.149719 
0.0429661 0.987115 0.154135 
-0.0187139 0.987183 0.158491 
-0.080542 0.983481 0.162108 
-0.14257 0.976104 0.163993 
-0.204786 0.965097 0.163249 
-0.266909 0.950381 0.159799 
-0.328496 0.931854 0.154074 
-0.389049 0.909497 0.146478 
-0.448015 0.883476 0.136945 
-0.505137 0.85381 0.125877 
-0.560472 0.820181 0.114783 
-0.614717 0.781229 0.108645 
-0.665281 0.738764 0.10784 
-0.710874 0.694377 0.111796 
-0.753019 0.64773 0.115796 
-0.791822 0.59885 0.119989 
-0.82733 0.547811 0.124211 
-0.859558 0.49466 0.12834 
-0.8885 0.439421 0.132204 
-0.914185 0.382042 0.13531 
-0.936623 0.322319 0.137286 
-0.955596 0.259852 0.13897 
-0.954416 0.223974 0.197293 
-0.96703 0.156775 0.200684 
-0.973889 0.090135 0.208363 
-0.974493 0.027695 0.222704 
-0.979896 -0.027301 0.197631 
-0.974418 -0.0919101 0.205089 
-0.964955 -0.155207 0.211596 
-0.96871 -0.19429 0.154442 
-0.95372 -0.256465 0.156985 
-0.935303 -0.317013 0.157199 
-0.913607 -0.375793 0.155246 
-0.888775 -0.43268 0.151216 
-0.860886 -0.487585 0.145382 
-0.829824 -0.540501 0.138745 
-0.795323 -0.591482 0.132707 
-0.757303 -0.640471 0.127628 
-0.715814 -0.687342 0.123172 
-0.670769 -0.732069 0.118931 
-0.620488 -0.774989 0.119942 
-0.566271 -0.814519 0.126082 
-0.510682 -0.848894 0.136319 
-0.453211 -0.879363 0.146016 
-0.393982 -0.906104 0.154122 
-0.333258 -0.929111 0.160287 
-0.271618 -0.94823 0.16457 
-0.209588 -0.963473 0.16671 
-0.147546 -0.974909 0.166684 
-0.0856016 -0.982586 0.164913 
-0.0237853 -0.986528 0.161856 
0.0378334 -0.986741 0.157829 
0.0991847 -0.983212 0.153155 
0.160257 -0.975888 0.148187 
0.221198 -0.964607 0.143546 
0.282274 -0.949053 0.14007 
0.343937 -0.927922 0.143763 
0.402614 -0.902291 0.154184 
0.459894 -0.87265 0.164255 
0.515834 -0.839068 0.17286 
0.569655 -0.801893 0.18017 
0.621092 -0.761414 0.185724 
0.669834 -0.717949 0.189399 
0.715586 -0.671872 0.191116 
0.758103 -0.623557 0.190936 
0.797245 -0.573236 0.189212 
0.832983 -0.520983 0.186324 
0.865325 -0.466887 0.182292 
0.894274 -0.411 0.177069 
0.919804 -0.353323 0.170655 
0.941838 -0.29377 0.163219 
0.960197 -0.232102 0.155401 
0.974539 -0.168002 0.14849 
0.984675 -0.102184 0.141327 
0.989985 -0.0328503 0.137297 
0.999078 -0.0340568 0.0261328 
0.990032 0.0378582 0.135662 
0.994201 0.0717083 0.0801367 
0.9868 0.140395 0.0807146 
0.974975 0.20609 0.0833751 
0.959189 0.269183 0.0865847 
0.939658 0.329742 0.0911717 
0.916539 0.388011 0.0969674 
0.889932 0.444133 0.103761 
0.859904 0.498348 0.110523 
0.826486 0.550903 0.115875 
0.789697 0.601742 0.119516 
0.749528 0.650716 0.121562 
0.705938 0.6978 0.12135 
0.659067 0.742674 0.118599 
0.609179 0.784861 0.113552 
0.556562 0.823942 0.106572 
0.501521 0.859576 0.0980113 
0.444457 0.89147 0.0879724 
0.384318 0.919718 0.0801221 
0.32234 0.943518 0.0766198 
0.260665 0.962293 0.0777545 
0.199205 0.976617 0.0808484 
0.137623 0.986878 0.0844556 
0.0759019 0.993181 0.0884873 
0.0141007 0.995579 0.0928617 
-0.0477484 0.994117 0.0972184 
-0.109705 0.988844 0.10076 
-0.171876 0.979776 0.102456 
-0.234312 0.966867 0.10132 
-0.296632 0.950017 0.097349 
-0.358241 0.929184 0.0910009 
-0.4185 0.904465 0.0824631 
-0.476947 0.875974 0.0720447 
-0.533507 0.843587 0.0610922 
-0.588838 0.806487 0.0533732 
-0.641621 0.765444 0.0491762 
-0.690602 0.721584 0.0488376 
-0.735292 0.675766 0.0518301 
-0.776455 0.627738 0.0553479 
-0.814205 0.577546 0.0592452 
-0.848585 0.525251 0.0633619 
-0.879599 0.470888 0.0675975 
-0.907247 0.414439 0.0717213 
-0.931537 0.355755 0.0753435 
-0.9524 0.294568 0.0785153 
-0.969523 0.230883 0.0819706 
-0.970591 0.194549 0.141792 
-0.980965 0.128445 0.145638 
-0.986187 0.064024 0.152761 
-0.989323 0.00358942 0.145693 
-0.987423 -0.0653052 0.143983 
-0.980058 -0.130646 0.149726 
-0.981502 -0.167269 0.0931359 
-0.968212 -0.231084 0.0957377 
-0.951304 -0.29291 0.096046 
-0.930951 -0.35278 0.0942151 
-0.90731 -0.410641 0.0903478 
-0.880483 -0.466455 0.0846727 
-0.850444 -0.520251 0.0779976 
-0.816988 -0.57216 0.0718658 
-0.780013 -0.622173 0.0669344 
-0.73954 -0.670162 0.0629544 
-0.695471 -0.716065 0.0597608 
-0.646938 -0.760144 0.0604344 
-0.594448 -0.801502 0.0650167 
-0.539161 -0.839057 0.0727282 
-0.482209 -0.872156 0.0825688 
-0.423329 -0.901356 0.0913736 
-0.362826 -0.926659 0.098285 
-0.301177 -0.947991 0.102985 
-0.239041 -0.965282 0.105309 
-0.176908 -0.978584 0.105244 
-0.11487 -0.987982 0.103426 
-0.0528945 -0.993539 0.100409 
0.00897663 -0.995295 0.0964734 
0.070693 -0.993252 0.0919356 
0.132258 -0.987368 0.0872459 
0.193827 -0.977507 0.0831374 
0.255682 -0.963401 0.0805315 
0.318347 -0.944359 0.0827098 
0.380048 -0.920602 0.0897558 
0.438856 -0.892928 0.100426 
0.496034 -0.861276 0.110247 
0.551493 -0.825748 0.118303 
0.604629 -0.786698 0.124617 
0.655094 -0.744469 0.128913 
0.702543 -0.699474 0.131032 
0.746678 -0.652166 0.130963 
0.787357 -0.602815 0.129164 
0.824593 -0.551443 0.126321 
0.858399 -0.498128 0.122553 
0.888779 -0.442922 0.117868 
0.915716 -0.38582 0.112279 
0.939163 -0.32674 0.1059 
0.958994 -0.265511 0.0991678 
0.974973 -0.201963 0.0929449 
0.986803 -0.13655 0.0870328 
0.994326 -0.102613 0.0280475 
0.994179 -0.0683096 0.0833231 
-0.999514 0.000557522 0.0311756 
0.999067 0.0354305 0.0247137 
0.994203 0.104846 0.0238267 
0.984712 0.172564 0.0237333 
0.971159 0.237149 0.024717 
0.953798 0.299228 0.0270611 
0.932832 0.358963 0.031132 
0.908398 0.416491 0.0367237 
0.880577 0.471907 0.0434468 
0.849358 0.525446 0.0499699 
0.814699 0.577265 0.0550566 
0.776602 0.627257 0.0586388 
0.735036 0.675295 0.0608191 
0.689835 0.72144 0.060438 
0.641162 0.765271 0.0571935 
0.589385 0.806208 0.0515141 
0.534899 0.843778 0.0438424 
0.478175 0.877589 0.0344316 
0.418949 0.907648 0.0256311 
0.357608 0.933669 0.0194733 
0.295394 0.955231 0.0166145 
0.233364 0.972237 0.0172322 
0.1715 0.984987 0.0196965 
0.109595 0.993711 0.0229724 
0.0476474 0.998502 0.0268937 
-0.0142953 0.999409 0.0312764 
-0.0762188 0.996453 0.0356761 
-0.138222 0.989623 0.0392426 
-0.200471 0.978843 0.0409621 
-0.263106 0.963956 0.0395406 
-0.325571 0.94487 0.03499 
-0.387016 0.921656 0.0277292 
-0.446679 0.894511 0.0180956 
-0.504234 0.863537 0.0072632 
0.560379 -0.828235 0.00141648 
0.61437 -0.788983 0.00741685 
0.665376 -0.746433 0.0106595 
0.712751 -0.701334 0.0108104 
0.756257 -0.65422 0.00843583 
0.796244 -0.604953 0.0052748 
0.83279 -0.553587 0.00156084 
-0.865919 0.500177 0.00258583 
-0.895629 0.444745 0.00707594 
-0.921912 0.387222 0.0117056 
-0.944739 0.327418 0.0162685 
-0.963973 0.265194 0.0207063 
-0.97929 0.200904 0.0250744 
-0.982515 0.165465 0.0853558 
-0.991027 0.0995442 0.0891957 
-0.995411 0.0353541 0.088923 
-0.995596 -0.0323188 0.0879964 
-0.99713 -0.0685953 0.0320329 
-0.990857 -0.101314 0.0891001 
-0.989976 -0.13723 0.0333921 
-0.978546 -0.202991 0.0352417 
-0.963276 -0.26619 0.0352511 
-0.944376 -0.327175 0.0333297 
-0.922027 -0.386002 0.0294714 
-0.896349 -0.442704 0.0238973 
-0.867383 -0.497343 0.0171997 
-0.835018 -0.550115 0.0108941 
-0.799164 -0.601083 0.00595583 
-0.759828 -0.65012 0.0022657 
0.716945 0.69713 0.000271305 
-0.670101 -0.74227 0.000248653 
-0.619546 -0.78495 0.00405605 
-0.565877 -0.824423 0.0104935 
-0.509773 -0.860095 0.019176 
-0.451625 -0.89175 0.0285634 
-0.39144 -0.919489 0.0362583 
-0.329844 -0.943119 0.0415761 
-0.267619 -0.962515 0.044103 
-0.20546 -0.977683 0.0438429 
-0.14342 -0.988779 0.0417996 
-0.0813935 -0.99593 0.0387179 
-0.019398 -0.999205 0.0348239 
0.0425194 -0.998633 0.0303854 
0.104357 -0.994203 0.0258832 
0.166247 -0.985836 0.0221405 
0.228415 -0.973356 0.0201321 
0.291156 -0.956427 0.0218256 
0.353567 -0.935012 0.0272412 
0.414346 -0.909413 0.0358574 
0.472676 -0.880003 0.0466034 
0.529446 -0.846497 0.0559504 
0.584285 -0.809088 0.063151 
0.63654 -0.768224 0.0681868 
0.68575 -0.724386 0.0707967 
0.731509 -0.678142 0.0708324 
0.773657 -0.629854 0.068832 
0.812322 -0.579474 0.0658964 
0.847542 -0.527068 0.0622307 
0.879326 -0.472688 0.0579008 
0.907666 -0.416337 0.0529655 
0.932538 -0.357926 0.0475506 
0.953868 -0.29729 0.041892 
0.971466 -0.234355 0.036503 
0.98504 -0.169459 0.0313141 
-0.990446 0.134864 0.028768 
-0.997194 0.0684289 0.0303533 

