0.000000 0.000000 0.000000 0.000000
0.000000 0.000000 0.000000 0.000000
0.000000 0.000000 0.000000 0.000000
0.000000 0.000000 0.000000 0.000000
0.000000 0.000000 0.000000 0.000000
0.000000 0.000000 0.000000 0.000000
0.000000 0.000000 0.000000 0.000000
0.557836 0.789965 0.254507 100.000000
0.569859 -0.258762 -0.779937 100.000000
-0.195499 -0.880727 0.431393 100.000000
0.932196 -0.349524 -0.094038 100.000000
0.549517 -0.660507 0.511627 100.000000
-0.015038 -0.296982 0.954765 100.000000
0.818590 0.095700 0.566350 100.000000
-0.833628 -0.392682 0.388415 100.000000
0.175157 0.478983 0.860172 100.000000
-0.299722 0.912303 0.279053 100.000000
0.557836 0.789965 0.254507 300.000000
0.569859 -0.258762 -0.779937 300.000000
-0.195499 -0.880727 0.431393 300.000000
0.932196 -0.349524 -0.094038 300.000000
0.549517 -0.660507 0.511627 300.000000
-0.015038 -0.296982 0.954765 300.000000
0.818590 0.095700 0.566350 300.000000
-0.833628 -0.392682 0.388415 300.000000
0.175157 0.478983 0.860172 300.000000
-0.299722 0.912303 0.279053 300.000000
0.557836 0.789965 0.254507 500.000000
0.569859 -0.258762 -0.779937 500.000000
-0.195499 -0.880727 0.431393 500.000000
0.932196 -0.349524 -0.094038 500.000000
0.549517 -0.660507 0.511627 500.000000
-0.015038 -0.296982 0.954765 500.000000
0.818590 0.095700 0.566350 500.000000
-0.833628 -0.392682 0.388415 500.000000
0.175157 0.478983 0.860172 500.000000
-0.299722 0.912303 0.279053 500.000000
0.557836 0.789965 0.254507 700.000000
0.569859 -0.258762 -0.779937 700.000000
-0.195499 -0.880727 0.431393 700.000000
0.932196 -0.349524 -0.094038 700.000000
0.549517 -0.660507 0.511627 700.000000
-0.015038 -0.296982 0.954765 700.000000
0.818590 0.095700 0.566350 700.000000
-0.833628 -0.392682 0.388415 700.000000
0.175157 0.478983 0.860172 700.000000
-0.299722 0.912303 0.279053 700.000000
0.557836 0.789965 0.254507 900.000000
0.569859 -0.258762 -0.779937 900.000000
-0.195499 -0.880727 0.431393 900.000000
0.932196 -0.349524 -0.094038 900.000000
0.549517 -0.660507 0.511627 900.000000
-0.015038 -0.296982 0.954765 900.000000
0.818590 0.095700 0.566350 900.000000
-0.833628 -0.392682 0.388415 900.000000
0.175157 0.478983 0.860172 900.000000
-0.299722 0.912303 0.279053 900.000000
-0.546405 0.619202 0.563943 1000.000000
-0.398931 -0.600006 0.693432 1000.000000
0.587973 0.521686 0.618168 1000.000000
0.055894 -0.991971 -0.113444 1000.000000
-0.666933 -0.677984 0.309094 1000.000000
0.163684 0.533013 0.830123 1000.000000
0.542826 0.133898 0.829102 1000.000000
-0.074751 -0.350412 0.933608 1000.000000
0.845751 -0.478624 -0.235847 1000.000000
0.767148 -0.610673 0.196372 1000.000000
-0.283810 0.381633 0.879663 1000.000000
0.537228 -0.616249 0.575868 1000.000000
-0.711387 0.197778 0.674398 1000.000000
0.886511 0.219025 0.407586 1000.000000
0.296061 0.842985 0.449136 1000.000000
-0.937540 -0.340990 0.068877 1000.000000
0.398833 0.917023 0.000835 1000.000000
0.097278 -0.711949 0.695460 1000.000000
-0.311534 0.908623 -0.278121 1000.000000
-0.432043 -0.089758 0.897375 1000.000000
-0.949980 0.030810 0.310788 1000.000000
0.146722 -0.811981 -0.564942 1000.000000
-0.172201 -0.908573 0.380580 1000.000000
0.507209 -0.848578 -0.150513 1000.000000
-0.730808 -0.654136 -0.194999 1000.000000
0.077744 0.094961 0.992441 1000.000000
0.383976 -0.293959 0.875300 1000.000000
0.788208 -0.213656 0.577130 1000.000000
-0.752333 -0.301447 0.585769 1000.000000
-0.975732 0.165497 -0.143382 1000.000000
-0.546405 0.619202 0.563943 1200.000000
-0.398931 -0.600006 0.693432 1200.000000
0.587973 0.521686 0.618168 1200.000000
0.055894 -0.991971 -0.113444 1200.000000
-0.666933 -0.677984 0.309094 1200.000000
0.163684 0.533013 0.830123 1200.000000
0.542826 0.133898 0.829102 1200.000000
-0.074751 -0.350412 0.933608 1200.000000
0.845751 -0.478624 -0.235847 1200.000000
0.767148 -0.610673 0.196372 1200.000000
-0.283810 0.381633 0.879663 1200.000000
0.537228 -0.616249 0.575868 1200.000000
-0.711387 0.197778 0.674398 1200.000000
0.886511 0.219025 0.407586 1200.000000
0.296061 0.842985 0.449136 1200.000000
-0.937540 -0.340990 0.068877 1200.000000
0.398833 0.917023 0.000835 1200.000000
0.097278 -0.711949 0.695460 1200.000000
-0.311534 0.908623 -0.278121 1200.000000
-0.432043 -0.089758 0.897375 1200.000000
-0.949980 0.030810 0.310788 1200.000000
0.146722 -0.811981 -0.564942 1200.000000
-0.172201 -0.908573 0.380580 1200.000000
0.507209 -0.848578 -0.150513 1200.000000
-0.730808 -0.654136 -0.194999 1200.000000
0.077744 0.094961 0.992441 1200.000000
0.383976 -0.293959 0.875300 1200.000000
0.788208 -0.213656 0.577130 1200.000000
-0.752333 -0.301447 0.585769 1200.000000
-0.975732 0.165497 -0.143382 1200.000000
-0.546405 0.619202 0.563943 1400.000000
-0.398931 -0.600006 0.693432 1400.000000
0.587973 0.521686 0.618168 1400.000000
0.055894 -0.991971 -0.113444 1400.000000
-0.666933 -0.677984 0.309094 1400.000000
0.163684 0.533013 0.830123 1400.000000
0.542826 0.133898 0.829102 1400.000000
-0.074751 -0.350412 0.933608 1400.000000
0.845751 -0.478624 -0.235847 1400.000000
0.767148 -0.610673 0.196372 1400.000000
-0.283810 0.381633 0.879663 1400.000000
0.537228 -0.616249 0.575868 1400.000000
-0.711387 0.197778 0.674398 1400.000000
0.886511 0.219025 0.407586 1400.000000
0.296061 0.842985 0.449136 1400.000000
-0.937540 -0.340990 0.068877 1400.000000
0.398833 0.917023 0.000835 1400.000000
0.097278 -0.711949 0.695460 1400.000000
-0.311534 0.908623 -0.278121 1400.000000
-0.432043 -0.089758 0.897375 1400.000000
-0.949980 0.030810 0.310788 1400.000000
0.146722 -0.811981 -0.564942 1400.000000
-0.172201 -0.908573 0.380580 1400.000000
0.507209 -0.848578 -0.150513 1400.000000
-0.730808 -0.654136 -0.194999 1400.000000
0.077744 0.094961 0.992441 1400.000000
0.383976 -0.293959 0.875300 1400.000000
0.788208 -0.213656 0.577130 1400.000000
-0.752333 -0.301447 0.585769 1400.000000
-0.975732 0.165497 -0.143382 1400.000000
-0.546405 0.619202 0.563943 1600.000000
-0.398931 -0.600006 0.693432 1600.000000
0.587973 0.521686 0.618168 1600.000000
0.055894 -0.991971 -0.113444 1600.000000
-0.666933 -0.677984 0.309094 1600.000000
0.163684 0.533013 0.830123 1600.000000
0.542826 0.133898 0.829102 1600.000000
-0.074751 -0.350412 0.933608 1600.000000
0.845751 -0.478624 -0.235847 1600.000000
0.767148 -0.610673 0.196372 1600.000000
-0.283810 0.381633 0.879663 1600.000000
0.537228 -0.616249 0.575868 1600.000000
-0.711387 0.197778 0.674398 1600.000000
0.886511 0.219025 0.407586 1600.000000
0.296061 0.842985 0.449136 1600.000000
-0.937540 -0.340990 0.068877 1600.000000
0.398833 0.917023 0.000835 1600.000000
0.097278 -0.711949 0.695460 1600.000000
-0.311534 0.908623 -0.278121 1600.000000
-0.432043 -0.089758 0.897375 1600.000000
-0.949980 0.030810 0.310788 1600.000000
0.146722 -0.811981 -0.564942 1600.000000
-0.172201 -0.908573 0.380580 1600.000000
0.507209 -0.848578 -0.150513 1600.000000
-0.730808 -0.654136 -0.194999 1600.000000
0.077744 0.094961 0.992441 1600.000000
0.383976 -0.293959 0.875300 1600.000000
0.788208 -0.213656 0.577130 1600.000000
-0.752333 -0.301447 0.585769 1600.000000
-0.975732 0.165497 -0.143382 1600.000000
-0.546405 0.619202 0.563943 1800.000000
-0.398931 -0.600006 0.693432 1800.000000
0.587973 0.521686 0.618168 1800.000000
0.055894 -0.991971 -0.113444 1800.000000
-0.666933 -0.677984 0.309094 1800.000000
0.163684 0.533013 0.830123 1800.000000
0.542826 0.133898 0.829102 1800.000000
-0.074751 -0.350412 0.933608 1800.000000
0.845751 -0.478624 -0.235847 1800.000000
0.767148 -0.610673 0.196372 1800.000000
-0.283810 0.381633 0.879663 1800.000000
0.537228 -0.616249 0.575868 1800.000000
-0.711387 0.197778 0.674398 1800.000000
0.886511 0.219025 0.407586 1800.000000
0.296061 0.842985 0.449136 1800.000000
-0.937540 -0.340990 0.068877 1800.000000
0.398833 0.917023 0.000835 1800.000000
0.097278 -0.711949 0.695460 1800.000000
-0.311534 0.908623 -0.278121 1800.000000
-0.432043 -0.089758 0.897375 1800.000000
-0.949980 0.030810 0.310788 1800.000000
0.146722 -0.811981 -0.564942 1800.000000
-0.172201 -0.908573 0.380580 1800.000000
0.507209 -0.848578 -0.150513 1800.000000
-0.730808 -0.654136 -0.194999 1800.000000
0.077744 0.094961 0.992441 1800.000000
0.383976 -0.293959 0.875300 1800.000000
0.788208 -0.213656 0.577130 1800.000000
-0.752333 -0.301447 0.585769 1800.000000
-0.975732 0.165497 -0.143382 1800.000000
0.654875 0.355659 0.666817 2000.000000
0.271924 0.933965 0.231877 2000.000000
-0.118810 0.110437 0.986756 2000.000000
-0.326879 0.866547 0.377155 2000.000000
-0.394817 -0.108337 0.912350 2000.000000
0.906253 -0.349334 0.238058 2000.000000
0.566330 -0.470917 0.676393 2000.000000
-0.558540 0.665203 0.495518 2000.000000
0.648904 0.611989 0.452098 2000.000000
-0.435216 0.497941 0.750095 2000.000000
-0.060085 0.972644 0.224396 2000.000000
0.290295 -0.619397 0.729435 2000.000000
-0.008761 -0.548745 0.835944 2000.000000
0.098843 0.637960 0.763700 2000.000000
-0.162887 -0.917294 0.363371 2000.000000
0.095045 -0.821836 0.561740 2000.000000
-0.214960 0.721063 0.658681 2000.000000
0.741627 0.039918 0.669624 2000.000000
-0.847852 -0.200363 0.490920 2000.000000
-0.943158 0.304222 0.133799 2000.000000
-0.215650 -0.732737 0.645439 2000.000000
-0.060360 -0.223624 0.972805 2000.000000
0.814723 0.561120 0.146185 2000.000000
0.265965 -0.335097 0.903866 2000.000000
0.441982 -0.764517 0.469218 2000.000000
-0.566124 0.807614 -0.165116 2000.000000
0.716591 -0.584614 0.380425 2000.000000
0.331272 -0.943028 -0.030940 2000.000000
0.465735 0.168038 0.868823 2000.000000
-0.480716 -0.789299 0.381994 2000.000000
0.961362 0.253123 0.108216 2000.000000
0.920360 -0.003999 0.391053 2000.000000
0.393331 0.915435 -0.085260 2000.000000
0.852276 0.324551 0.410233 2000.000000
0.571183 0.799445 0.186110 2000.000000
0.535413 -0.167226 0.827870 2000.000000
-0.442791 0.203222 0.873291 2000.000000
-0.143848 0.431269 0.890682 2000.000000
0.893460 0.414910 -0.171983 2000.000000
-0.795825 0.511407 0.324230 2000.000000
0.399108 0.523871 0.752511 2000.000000
0.806535 -0.590581 0.026762 2000.000000
-0.691380 -0.710203 0.132686 2000.000000
-0.973847 -0.080055 0.212633 2000.000000
-0.052107 -0.996034 0.072118 2000.000000
-0.696694 0.034360 0.716545 2000.000000
-0.626272 -0.286200 0.725171 2000.000000
0.994108 -0.072683 0.080414 2000.000000
-0.738939 -0.519516 0.429037 2000.000000
-0.702182 0.353175 0.618230 2000.000000
-0.505053 -0.581614 0.637689 2000.000000
0.371230 0.770180 0.518664 2000.000000
0.050870 0.858370 0.510502 2000.000000
0.170569 0.325484 0.930036 2000.000000
-0.312160 -0.422488 0.850917 2000.000000
-0.887018 0.152189 0.435932 2000.000000
-0.605767 0.776332 0.174228 2000.000000
0.215791 -0.937112 0.274326 2000.000000
0.210754 -0.013433 0.977447 2000.000000
0.787853 -0.274495 0.551307 2000.000000
0.654875 0.355659 0.666817 2200.000000
0.271924 0.933965 0.231877 2200.000000
-0.118810 0.110437 0.986756 2200.000000
-0.326879 0.866547 0.377155 2200.000000
-0.394817 -0.108337 0.912350 2200.000000
0.906253 -0.349334 0.238058 2200.000000
0.566330 -0.470917 0.676393 2200.000000
-0.558540 0.665203 0.495518 2200.000000
0.648904 0.611989 0.452098 2200.000000
-0.435216 0.497941 0.750095 2200.000000
-0.060085 0.972644 0.224396 2200.000000
0.290295 -0.619397 0.729435 2200.000000
-0.008761 -0.548745 0.835944 2200.000000
0.098843 0.637960 0.763700 2200.000000
-0.162887 -0.917294 0.363371 2200.000000
0.095045 -0.821836 0.561740 2200.000000
-0.214960 0.721063 0.658681 2200.000000
0.741627 0.039918 0.669624 2200.000000
-0.847852 -0.200363 0.490920 2200.000000
-0.943158 0.304222 0.133799 2200.000000
-0.215650 -0.732737 0.645439 2200.000000
-0.060360 -0.223624 0.972805 2200.000000
0.814723 0.561120 0.146185 2200.000000
0.265965 -0.335097 0.903866 2200.000000
0.441982 -0.764517 0.469218 2200.000000
-0.566124 0.807614 -0.165116 2200.000000
0.716591 -0.584614 0.380425 2200.000000
0.331272 -0.943028 -0.030940 2200.000000
0.465735 0.168038 0.868823 2200.000000
-0.480716 -0.789299 0.381994 2200.000000
0.961362 0.253123 0.108216 2200.000000
0.920360 -0.003999 0.391053 2200.000000
0.393331 0.915435 -0.085260 2200.000000
0.852276 0.324551 0.410233 2200.000000
0.571183 0.799445 0.186110 2200.000000
0.535413 -0.167226 0.827870 2200.000000
-0.442791 0.203222 0.873291 2200.000000
-0.143848 0.431269 0.890682 2200.000000
0.893460 0.414910 -0.171983 2200.000000
-0.795825 0.511407 0.324230 2200.000000
0.399108 0.523871 0.752511 2200.000000
0.806535 -0.590581 0.026762 2200.000000
-0.691380 -0.710203 0.132686 2200.000000
-0.973847 -0.080055 0.212633 2200.000000
-0.052107 -0.996034 0.072118 2200.000000
-0.696694 0.034360 0.716545 2200.000000
-0.626272 -0.286200 0.725171 2200.000000
0.994108 -0.072683 0.080414 2200.000000
-0.738939 -0.519516 0.429037 2200.000000
-0.702182 0.353175 0.618230 2200.000000
-0.505053 -0.581614 0.637689 2200.000000
0.371230 0.770180 0.518664 2200.000000
0.050870 0.858370 0.510502 2200.000000
0.170569 0.325484 0.930036 2200.000000
-0.312160 -0.422488 0.850917 2200.000000
-0.887018 0.152189 0.435932 2200.000000
-0.605767 0.776332 0.174228 2200.000000
0.215791 -0.937112 0.274326 2200.000000
0.210754 -0.013433 0.977447 2200.000000
0.787853 -0.274495 0.551307 2200.000000
0.654875 0.355659 0.666817 2400.000000
0.271924 0.933965 0.231877 2400.000000
-0.118810 0.110437 0.986756 2400.000000
-0.326879 0.866547 0.377155 2400.000000
-0.394817 -0.108337 0.912350 2400.000000
0.906253 -0.349334 0.238058 2400.000000
0.566330 -0.470917 0.676393 2400.000000
-0.558540 0.665203 0.495518 2400.000000
0.648904 0.611989 0.452098 2400.000000
-0.435216 0.497941 0.750095 2400.000000
-0.060085 0.972644 0.224396 2400.000000
0.290295 -0.619397 0.729435 2400.000000
-0.008761 -0.548745 0.835944 2400.000000
0.098843 0.637960 0.763700 2400.000000
-0.162887 -0.917294 0.363371 2400.000000
0.095045 -0.821836 0.561740 2400.000000
-0.214960 0.721063 0.658681 2400.000000
0.741627 0.039918 0.669624 2400.000000
-0.847852 -0.200363 0.490920 2400.000000
-0.943158 0.304222 0.133799 2400.000000
-0.215650 -0.732737 0.645439 2400.000000
-0.060360 -0.223624 0.972805 2400.000000
0.814723 0.561120 0.146185 2400.000000
0.265965 -0.335097 0.903866 2400.000000
0.441982 -0.764517 0.469218 2400.000000
-0.566124 0.807614 -0.165116 2400.000000
0.716591 -0.584614 0.380425 2400.000000
0.331272 -0.943028 -0.030940 2400.000000
0.465735 0.168038 0.868823 2400.000000
-0.480716 -0.789299 0.381994 2400.000000
0.961362 0.253123 0.108216 2400.000000
0.920360 -0.003999 0.391053 2400.000000
0.393331 0.915435 -0.085260 2400.000000
0.852276 0.324551 0.410233 2400.000000
0.571183 0.799445 0.186110 2400.000000
0.535413 -0.167226 0.827870 2400.000000
-0.442791 0.203222 0.873291 2400.000000
-0.143848 0.431269 0.890682 2400.000000
0.893460 0.414910 -0.171983 2400.000000
-0.795825 0.511407 0.324230 2400.000000
0.399108 0.523871 0.752511 2400.000000
0.806535 -0.590581 0.026762 2400.000000
-0.691380 -0.710203 0.132686 2400.000000
-0.973847 -0.080055 0.212633 2400.000000
-0.052107 -0.996034 0.072118 2400.000000
-0.696694 0.034360 0.716545 2400.000000
-0.626272 -0.286200 0.725171 2400.000000
0.994108 -0.072683 0.080414 2400.000000
-0.738939 -0.519516 0.429037 2400.000000
-0.702182 0.353175 0.618230 2400.000000
-0.505053 -0.581614 0.637689 2400.000000
0.371230 0.770180 0.518664 2400.000000
0.050870 0.858370 0.510502 2400.000000
0.170569 0.325484 0.930036 2400.000000
-0.312160 -0.422488 0.850917 2400.000000
-0.887018 0.152189 0.435932 2400.000000
-0.605767 0.776332 0.174228 2400.000000
0.215791 -0.937112 0.274326 2400.000000
0.210754 -0.013433 0.977447 2400.000000
0.787853 -0.274495 0.551307 2400.000000
0.654875 0.355659 0.666817 2600.000000
0.271924 0.933965 0.231877 2600.000000
-0.118810 0.110437 0.986756 2600.000000
-0.326879 0.866547 0.377155 2600.000000
-0.394817 -0.108337 0.912350 2600.000000
0.906253 -0.349334 0.238058 2600.000000
0.566330 -0.470917 0.676393 2600.000000
-0.558540 0.665203 0.495518 2600.000000
0.648904 0.611989 0.452098 2600.000000
-0.435216 0.497941 0.750095 2600.000000
-0.060085 0.972644 0.224396 2600.000000
0.290295 -0.619397 0.729435 2600.000000
-0.008761 -0.548745 0.835944 2600.000000
0.098843 0.637960 0.763700 2600.000000
-0.162887 -0.917294 0.363371 2600.000000
0.095045 -0.821836 0.561740 2600.000000
-0.214960 0.721063 0.658681 2600.000000
0.741627 0.039918 0.669624 2600.000000
-0.847852 -0.200363 0.490920 2600.000000
-0.943158 0.304222 0.133799 2600.000000
-0.215650 -0.732737 0.645439 2600.000000
-0.060360 -0.223624 0.972805 2600.000000
0.814723 0.561120 0.146185 2600.000000
0.265965 -0.335097 0.903866 2600.000000
0.441982 -0.764517 0.469218 2600.000000
-0.566124 0.807614 -0.165116 2600.000000
0.716591 -0.584614 0.380425 2600.000000
0.331272 -0.943028 -0.030940 2600.000000
0.465735 0.168038 0.868823 2600.000000
-0.480716 -0.789299 0.381994 2600.000000
0.961362 0.253123 0.108216 2600.000000
0.920360 -0.003999 0.391053 2600.000000
0.393331 0.915435 -0.085260 2600.000000
0.852276 0.324551 0.410233 2600.000000
0.571183 0.799445 0.186110 2600.000000
0.535413 -0.167226 0.827870 2600.000000
-0.442791 0.203222 0.873291 2600.000000
-0.143848 0.431269 0.890682 2600.000000
0.893460 0.414910 -0.171983 2600.000000
-0.795825 0.511407 0.324230 2600.000000
0.399108 0.523871 0.752511 2600.000000
0.806535 -0.590581 0.026762 2600.000000
-0.691380 -0.710203 0.132686 2600.000000
-0.973847 -0.080055 0.212633 2600.000000
-0.052107 -0.996034 0.072118 2600.000000
-0.696694 0.034360 0.716545 2600.000000
-0.626272 -0.286200 0.725171 2600.000000
0.994108 -0.072683 0.080414 2600.000000
-0.738939 -0.519516 0.429037 2600.000000
-0.702182 0.353175 0.618230 2600.000000
-0.505053 -0.581614 0.637689 2600.000000
0.371230 0.770180 0.518664 2600.000000
0.050870 0.858370 0.510502 2600.000000
0.170569 0.325484 0.930036 2600.000000
-0.312160 -0.422488 0.850917 2600.000000
-0.887018 0.152189 0.435932 2600.000000
-0.605767 0.776332 0.174228 2600.000000
0.215791 -0.937112 0.274326 2600.000000
0.210754 -0.013433 0.977447 2600.000000
0.787853 -0.274495 0.551307 2600.000000
0.654875 0.355659 0.666817 2800.000000
0.271924 0.933965 0.231877 2800.000000
-0.118810 0.110437 0.986756 2800.000000
-0.326879 0.866547 0.377155 2800.000000
-0.394817 -0.108337 0.912350 2800.000000
0.906253 -0.349334 0.238058 2800.000000
0.566330 -0.470917 0.676393 2800.000000
-0.558540 0.665203 0.495518 2800.000000
0.648904 0.611989 0.452098 2800.000000
-0.435216 0.497941 0.750095 2800.000000
-0.060085 0.972644 0.224396 2800.000000
0.290295 -0.619397 0.729435 2800.000000
-0.008761 -0.548745 0.835944 2800.000000
0.098843 0.637960 0.763700 2800.000000
-0.162887 -0.917294 0.363371 2800.000000
0.095045 -0.821836 0.561740 2800.000000
-0.214960 0.721063 0.658681 2800.000000
0.741627 0.039918 0.669624 2800.000000
-0.847852 -0.200363 0.490920 2800.000000
-0.943158 0.304222 0.133799 2800.000000
-0.215650 -0.732737 0.645439 2800.000000
-0.060360 -0.223624 0.972805 2800.000000
0.814723 0.561120 0.146185 2800.000000
0.265965 -0.335097 0.903866 2800.000000
0.441982 -0.764517 0.469218 2800.000000
-0.566124 0.807614 -0.165116 2800.000000
0.716591 -0.584614 0.380425 2800.000000
0.331272 -0.943028 -0.030940 2800.000000
0.465735 0.168038 0.868823 2800.000000
-0.480716 -0.789299 0.381994 2800.000000
0.961362 0.253123 0.108216 2800.000000
0.920360 -0.003999 0.391053 2800.000000
0.393331 0.915435 -0.085260 2800.000000
0.852276 0.324551 0.410233 2800.000000
0.571183 0.799445 0.186110 2800.000000
0.535413 -0.167226 0.827870 2800.000000
-0.442791 0.203222 0.873291 2800.000000
-0.143848 0.431269 0.890682 2800.000000
0.893460 0.414910 -0.171983 2800.000000
-0.795825 0.511407 0.324230 2800.000000
0.399108 0.523871 0.752511 2800.000000
0.806535 -0.590581 0.026762 2800.000000
-0.691380 -0.710203 0.132686 2800.000000
-0.973847 -0.080055 0.212633 2800.000000
-0.052107 -0.996034 0.072118 2800.000000
-0.696694 0.034360 0.716545 2800.000000
-0.626272 -0.286200 0.725171 2800.000000
0.994108 -0.072683 0.080414 2800.000000
-0.738939 -0.519516 0.429037 2800.000000
-0.702182 0.353175 0.618230 2800.000000
-0.505053 -0.581614 0.637689 2800.000000
0.371230 0.770180 0.518664 2800.000000
0.050870 0.858370 0.510502 2800.000000
0.170569 0.325484 0.930036 2800.000000
-0.312160 -0.422488 0.850917 2800.000000
-0.887018 0.152189 0.435932 2800.000000
-0.605767 0.776332 0.174228 2800.000000
0.215791 -0.937112 0.274326 2800.000000
0.210754 -0.013433 0.977447 2800.000000
0.787853 -0.274495 0.551307 2800.000000
0.654875 0.355659 0.666817 3000.000000
0.271924 0.933965 0.231877 3000.000000
-0.118810 0.110437 0.986756 3000.000000
-0.326879 0.866547 0.377155 3000.000000
-0.394817 -0.108337 0.912350 3000.000000
0.906253 -0.349334 0.238058 3000.000000
0.566330 -0.470917 0.676393 3000.000000
-0.558540 0.665203 0.495518 3000.000000
0.648904 0.611989 0.452098 3000.000000
-0.435216 0.497941 0.750095 3000.000000
-0.060085 0.972644 0.224396 3000.000000
0.290295 -0.619397 0.729435 3000.000000
-0.008761 -0.548745 0.835944 3000.000000
0.098843 0.637960 0.763700 3000.000000
-0.162887 -0.917294 0.363371 3000.000000
0.095045 -0.821836 0.561740 3000.000000
-0.214960 0.721063 0.658681 3000.000000
0.741627 0.039918 0.669624 3000.000000
-0.847852 -0.200363 0.490920 3000.000000
-0.943158 0.304222 0.133799 3000.000000
-0.215650 -0.732737 0.645439 3000.000000
-0.060360 -0.223624 0.972805 3000.000000
0.814723 0.561120 0.146185 3000.000000
0.265965 -0.335097 0.903866 3000.000000
0.441982 -0.764517 0.469218 3000.000000
-0.566124 0.807614 -0.165116 3000.000000
0.716591 -0.584614 0.380425 3000.000000
0.331272 -0.943028 -0.030940 3000.000000
0.465735 0.168038 0.868823 3000.000000
-0.480716 -0.789299 0.381994 3000.000000
0.961362 0.253123 0.108216 3000.000000
0.920360 -0.003999 0.391053 3000.000000
0.393331 0.915435 -0.085260 3000.000000
0.852276 0.324551 0.410233 3000.000000
0.571183 0.799445 0.186110 3000.000000
0.535413 -0.167226 0.827870 3000.000000
-0.442791 0.203222 0.873291 3000.000000
-0.143848 0.431269 0.890682 3000.000000
0.893460 0.414910 -0.171983 3000.000000
-0.795825 0.511407 0.324230 3000.000000
0.399108 0.523871 0.752511 3000.000000
0.806535 -0.590581 0.026762 3000.000000
-0.691380 -0.710203 0.132686 3000.000000
-0.973847 -0.080055 0.212633 3000.000000
-0.052107 -0.996034 0.072118 3000.000000
-0.696694 0.034360 0.716545 3000.000000
-0.626272 -0.286200 0.725171 3000.000000
0.994108 -0.072683 0.080414 3000.000000
-0.738939 -0.519516 0.429037 3000.000000
-0.702182 0.353175 0.618230 3000.000000
-0.505053 -0.581614 0.637689 3000.000000
0.371230 0.770180 0.518664 3000.000000
0.050870 0.858370 0.510502 3000.000000
0.170569 0.325484 0.930036 3000.000000
-0.312160 -0.422488 0.850917 3000.000000
-0.887018 0.152189 0.435932 3000.000000
-0.605767 0.776332 0.174228 3000.000000
0.215791 -0.937112 0.274326 3000.000000
0.210754 -0.013433 0.977447 3000.000000
0.787853 -0.274495 0.551307 3000.000000
